CustNum 100 StaNum 20
0.0 6691.04696305246 6439.14495817001 5535.99002513219 4915.651258966 5181.44042764917 3166.46446487273 3408.19736785059 1462.90754141659 6186.75257218634 4281.83180774668 6934.41996145416 7188.62157491765 4784.17253718498 4054.40037517112 3028.43340525789 5153.87819456267 6200.16522753427 3520.19752647815 3557.40864317134 4764.47790148843 6284.90704145618 5365.78178965579 7215.56658057247 2121.56844490852 5808.46440596946 2147.88814376527 5408.01702716238 1998.36277420735 4131.83653421959 4407.55391735549 3948.69415623229 1745.64095571257 2167.21014974527 3882.20399819909 7643.37787663319 2146.29023494261 796.328913486662 4527.15434158156 3603.3558933804 5813.23582638385 3733.63615340927 4964.38875132005 5604.60301447436 5095.85670755837 5837.90952244492 7629.6200303161 7190.80516037877 4044.80935181771 5388.42148169241 6187.25070769429 4876.93912110308 4930.07109904954 7132.94609820968 7994.63030176557 6164.4526757075 4250.36444878675 6743.23509539715 6643.77219287893 4216.07107929645 2876.59288940596 3910.15932890932 4048.25016302171 780.536351548103 3477.90979876784 1597.27400224053 5677.13877217242 4703.23482532401 2872.89358631481 5547.46050551194 5488.00036989277 4360.94317982913 1037.76983189623 5713.87488301458 3256.05372415947 5895.47039913907 2527.6231202189 5042.75252951281 5549.31717134603 1906.92030942523 5620.99747191087 5059.93357337835 8592.69171476735 3227.77990906402 7207.71595003041 6788.88437243743 2733.72538261715 5573.66793557729 7693.62335465937 2438.5660304295 3935.23467736254 4826.18709798854 6792.55748764602 3314.12262086592 2865.25103200532 4134.76979000783 4411.26533248329 3421.94852966743 4283.65040275468 3068.88767862987 3333.16201644405 4877.0920438249 4569.58483756973 4516.85083721234 2170.53182154152 2598.5640311066 3305.48994043889 3432.90195966844 6015.61024562341 4862.06436145712 3581.03029391578 3273.39474384322 4135.17035118091 4228.33242553 797.33227384993 3306.02108852068 3785.1227714027 3207.57031378248 1498.75554746141 5344.76772660508 634.599609216784 0.0
6691.04696305246 0.0 5840.36302511409 10056.469196447 9449.74019619207 3487.66913765592 3922.04824202578 9623.72807315295 6654.40145718265 12646.8995786873 10809.0624795401 843.57244736803 9168.45805561516 11058.4972496857 2671.87380724547 5642.04977392572 2648.2314649789 8605.80485999633 10202.4330961413 4029.56325711752 4784.4298250328 12883.5795160291 2007.62549291646 646.329968104204 8589.62640600206 7566.77890394873 4917.62198934969 5246.22386784926 7993.59093418629 9183.40406438783 11047.1081243962 7650.19752290361 5328.5726735793 5874.32107402388 4417.75855554823 1230.02304702925 7219.94380621998 7472.85761167984 6959.53999417883 5037.26645454979 4169.52760746751 10071.0754362992 8249.06661177202 5872.16612234912 11763.6887888268 2981.49193319744 11265.762643302 11281.8102703837 10078.8349541896 2304.18799169991 6494.85876674971 10432.5753800818 11400.5712076721 8850.84959187219 14685.6711860835 12795.5692993602 10934.1311533623 12432.4972729001 10059.8828629901 8667.82948999849 9033.80298597543 5124.95956640591 9902.94082107089 6306.87362206392 9931.35330007479 8191.18650924428 4945.5043751824 2871.32572930815 6123.77715033033 6768.41810072989 9524.91464334879 9117.16499006713 5781.21526504728 12357.1533828402 6372.43724491726 11445.3482226885 7847.87831141007 5751.58864841398 8628.22822850023 8596.99032941389 1869.77635801194 6366.92113960718 2041.88617708194 8105.27376054972 1155.10576459224 13379.7712645026 9160.98590070972 8919.96887487087 10706.7002074408 9110.41612229662 9382.18363622629 1916.23193208896 13472.6412063085 9858.53183638618 5896.13444413499 5250.10762484853 10475.8327048035 3472.86609115495 9946.11438188166 3628.25796490142 4924.71595278952 11147.3466693737 6091.20958729824 3515.89120243182 8381.25888028208 9257.22033167032 7056.23746578839 9808.03166884223 9845.12129927394 7934.71093636473 6643.17522792654 4242.20554073447 7470.08502081048 10118.4593922667 6822.39159621457 7998.13630158838 5140.01251916942 8789.28220678598 6692.17303110913 1465.81818381327 6636.83753089352 6691.04696305246
6439.14495817001 5840.36302511409 0.0 11845.7295801058 5435.63369468087 7813.06985025788 4077.04684224453 9767.25932149053 7545.76560114346 12166.0103937106 8707.54659062264 5243.30744337745 12610.9240825341 8400.78797432256 5465.82013844722 7987.02166756962 7047.15808135225 11737.6439799507 8832.8984225332 6959.52983868367 8552.43433283111 10643.2734895672 6596.82728058018 5777.61695051301 7017.96378811093 2352.19693213578 6480.75912220525 9281.43934561414 6113.07732663323 5737.59586030173 10168.8215656925 3939.00392899644 4822.61867211707 4290.81343046648 2821.15303687972 5672.31889963346 5075.55495917072 6821.53046244565 9836.65055234252 7935.97781243664 1679.22434213661 7772.22546789644 10780.1136476055 909.232069950133 10010.2144202859 7839.58294624258 13772.0505845898 13452.2496892323 7335.54854660083 3654.32774786447 878.325080269245 7024.81993073997 10984.8736577737 3213.74155129484 12953.9201812197 11778.6375749512 9449.12826894485 13148.2858116364 12658.4234766694 10426.4595422702 6825.68822312561 2542.66309246847 10474.9861361414 5661.70046620773 7882.46549119745 7857.74874585351 1027.52517265899 3454.84292747832 3704.91919849362 1673.7155062176 11651.3985650424 5435.01332269709 5527.43120347477 11322.5422742925 8653.67082260636 12328.8702353581 8864.59114772753 1447.93331082623 3834.56830327279 7788.02916708487 6703.63609296943 9812.20561088593 7570.62752212039 9492.33183511286 6989.49574869384 12477.4826446686 9022.01521554159 11479.8378810664 13613.9795679979 8357.94448649444 6230.89283149252 4841.1124631712 12081.2037476874 8028.29064806607 8057.59283527795 8477.11943255666 10780.7802824225 5987.18879105802 10721.9909522865 5334.7909341192 3171.4932342113 11123.6476764756 2069.75635936234 7325.04610944078 8592.1974779839 7948.3394009791 9085.46080798419 9701.22237106867 12141.2780081433 3499.12712675621 3347.35981574633 3604.19084993947 3588.76928606006 10646.287657493 7133.82456132153 4888.83327519508 8150.25105464134 9634.6332599475 5209.17878816279 5822.13150925526 6903.68065103077 6439.14495817001
5535.99002513219 10056.469196447 11845.7295801058 0.0 9874.06207351807 6847.15757185091 8004.10030881861 3218.89294408863 4299.974714249 4799.4145453228 6999.59785905472 10663.9392817019 3443.59703081858 7984.09730412038 7689.04062054217 4451.2512719774 7507.5910092013 2780.43077134712 5723.01041374821 6050.50336391038 5548.06238770449 7881.73695692255 8092.98190299858 10699.1791393967 6263.09264048662 11335.9316254722 5636.61638734863 5496.67433787502 6884.90795876126 8969.52586482468 4950.3626210928 9367.15492177223 7024.43643462934 7675.86729180674 9094.8048008795 11264.8268086434 7526.44509898438 5472.12359206215 3289.0905809611 5020.52664571924 10922.2487368318 7240.80253654814 2036.70866564724 11063.7459680644 6623.75862499824 7605.64900322324 2229.17930482585 1664.67116335747 7955.88040966506 9840.78587413069 11685.0508167701 9094.19162089267 4215.44529518246 12622.7947300196 7980.25118843389 5753.09722839201 5976.93149097986 2922.07135208632 1712.69901670651 1460.54741519074 7123.30232651051 9308.06434860304 2380.34626268076 6301.24148034958 6832.50192291597 4606.74425146351 10979.2801438811 9345.47204049523 8405.34897437102 11078.8562986995 756.944813947757 9318.63006111889 6332.96471937946 5592.85591697587 3698.61480987505 2056.08386287159 3012.27791837216 10510.2679509895 10926.0469293949 5122.62303957501 8288.07142946655 4201.62109410552 11340.4691667155 2353.52541703842 9944.33331355784 5864.27440095395 3850.61080979528 1685.12617830207 2705.06156917764 4860.35004669205 8536.81336617467 8735.86702728877 6714.3636361504 6480.40669815817 4231.81796720447 4889.51922400601 2804.5150575695 6817.30895313589 1994.5381475442 7097.09023236825 8674.42309861491 3471.20663644302 10084.0254047069 6587.86728976293 3692.59113242847 5707.81018827191 3042.05873907842 3610.31910694401 1013.15519530326 10303.4065909026 9111.73294126844 8349.30700515767 9600.43060555446 2419.88346593325 4766.96301049695 8539.60876616269 4932.40286168381 2460.31830565473 7000.00387115789 8618.82164330321 4984.15000089922 5535.99002513219
4915.651258966 9449.74019619207 5435.63369468087 9874.06207351807 0.0 9458.21062193397 5681.99285828821 6847.86508052083 6360.31184656999 8147.50439849078 4046.35495448418 9248.389443656 12054.0154638061 3362.89624487471 7486.17186296538 7879.73302419719 9096.48007114671 11058.7002995402 4796.84818042738 7928.55624089956 9425.79847201854 5583.53219497282 9016.25652884622 9720.64519596636 3616.81356647216 3241.07322669875 6645.71358197785 10135.439697399 3051.7370539493 913.624994905673 6204.70142790747 1811.63353687132 4749.98547642164 3860.803585078 5052.15080258906 9896.59724377292 2858.7571657968 4574.74004002249 9441.50426224287 8335.04117170714 6188.99319364838 3206.83955712725 9773.38289550379 4637.80566644526 5359.7166903642 9921.78451749222 12094.1190457566 11513.1129201945 2490.03596917298 7282.35163517152 4629.99804784738 1707.82807665608 7235.31085493286 3661.15388859751 7992.6878011041 7404.44930600669 5134.03822447272 9960.71533621978 11270.3121083766 8803.22118102784 2813.39602074652 4385.31437162293 7736.88333149664 4459.68949147517 3523.43121828618 5280.84336219219 5478.13596286072 6607.68749076331 3373.00758474922 3765.83418240109 10038.7877951213 564.796491651967 4871.57004575012 7003.58230061532 8170.76741616747 9433.13391119613 7117.44980314655 4320.34264041117 1828.06297874893 4758.87597697783 9239.40643676202 9950.61646959435 11484.4442102367 7839.69639698586 10382.8930082081 8095.24168030026 6100.1352195728 10316.0357431625 12347.6267679416 5108.69462658322 1441.0163679818 7655.27681604521 7403.58742625329 3831.50248065468 7751.50488837762 8910.1316137687 7715.80700501952 7331.5964732879 8102.02430099459 6651.5106677538 4527.05575305961 7683.42902302408 3709.48271583599 8781.65122236524 6192.02399047213 4318.36696625858 8188.8532964344 6568.82276128379 10575.3517504329 1936.54131052736 2814.30838175699 5251.23698739598 2054.06602215762 7819.72852446543 5652.56008796198 1688.6160577897 8541.61098792043 7421.02226289681 3604.63349110856 8588.29189648888 5540.97565552635 4915.651258966
5181.44042764917 3487.66913765592 7813.06985025788 6847.15757185091 9458.21062193397 0.0 4111.35803962315 7174.93721203154 4417.16002311583 10195.9659255625 9422.8548599419 4257.65642128058 5681.96978739326 9965.53458418995 2364.44183798158 2793.59775753688 884.101659659668 5133.34866429168 8487.48566102627 1625.35213817338 1335.28833967037 11337.4138337581 1525.3971799231 4121.00956863793 7302.90869634336 8733.16970605426 3036.3095225271 1767.06894951292 7048.07336193856 8887.19231646377 8948.78962693625 7890.74874897604 4708.3976850996 5613.56940572518 5309.99205434356 4710.16590764782 6683.79437697813 5938.52209331905 3602.27082889221 2023.10756894453 6258.34303840764 8915.05130736777 4910.87137136978 7443.98776235485 10058.1114463934 788.234449755485 7835.82036485723 7916.98802152631 9186.89506020383 4402.58300927026 8166.24034877994 9891.46684923019 9026.30424837484 10180.2679235995 12716.920779843 10596.4627056425 9179.80984107319 9476.87097061787 6637.78238110906 5573.46106590781 8023.20063774761 5968.00461639397 7207.04173155614 5220.08442439775 8652.09092538655 6268.51718499324 6786.47610617744 4373.9764603871 6229.71854190244 8061.34437179851 6237.26274886975 8980.24880198197 4706.03722911574 10205.023574997 3363.03722298786 8482.47837613888 5228.74743999586 7077.27203881502 9299.9061258478 6859.12758744756 1619.54272248927 2901.3631244994 4495.50032330877 5248.50909789372 3124.20144727639 11078.2731253992 6932.96318445004 5541.20139912085 7233.18905460118 7233.91858489592 8865.78255183623 3062.61266054588 11411.7067190535 8464.25152309675 3085.0071845211 1966.31758583689 7845.16433207542 2151.09633277603 7150.70085101752 2875.20532975223 5430.54325121012 8606.49984442977 7093.78858570368 682.908481430446 6103.4472260177 7671.71553448164 4047.61425222611 7463.49690314777 6495.89775560388 8526.6869967261 7004.25465486951 4658.29579569462 7863.60815715531 7419.97134129346 4900.19686717177 7783.78601767805 2013.59113084894 6101.68753485514 5962.77867558985 2320.74717535601 4811.30934955569 5181.44042764917
3166.46446487273 3922.04824202578 4077.04684224453 8004.10030881861 5681.99285828821 4111.35803962315 0.0 6511.85506518524 3792.12113887417 9353.20327077559 6968.05008120169 3955.17968699595 8533.8976566282 7152.81503683218 1856.4167413295 3920.18210501094 3550.01995687829 7666.10626484195 6508.4927138921 2949.47401645122 4585.21597855911 9057.51049943254 3365.55159598469 4328.76609600021 4777.76611244324 4627.96293523217 2439.09476013322 5333.30933700989 4104.94141613651 5312.49384408784 7544.51450618691 3953.95761709838 1506.21956229829 1954.77868427067 1286.83726444658 4664.62162174771 3297.89691025763 3857.96854466014 5764.19881544167 3868.61813812995 2922.45200438347 6185.96613955438 6753.56952469457 3500.03007433456 8017.08711727027 4399.13415071605 9799.01643096291 9546.39207623597 6159.88041546484 2234.87641420765 4219.74267987237 6528.4867369322 8096.19074973616 6080.61965448001 11003.0677168129 9296.06745016771 7233.25752088654 9737.02759050258 8653.15957160527 6549.69391206561 5137.21819134217 1870.40487668968 7039.34860276485 2576.37788881674 6077.70543716127 4763.6418065129 3097.31013409671 1536.86795468084 2309.85772557105 3986.61810932033 7718.57403165977 5290.30695202717 2134.54559699707 8839.69432758683 4610.09193035378 8822.05838141623 5157.29363805531 3053.53523781746 5237.03832085283 5004.91550050905 3576.08213545674 5749.65963741211 5953.62502350062 5687.7179692647 4740.91621665448 9936.54445264025 5884.19297021908 7461.79785578982 9576.50498087126 5568.83981457007 5473.6717009069 2026.15878844496 9865.08792323174 6041.77931621109 4010.08894719472 4423.4985728539 7486.82231470496 2029.31138470997 7205.26651403036 1310.55941655507 1322.60983041384 8015.15287056574 2990.71903216297 3505.92696867627 5235.1736591006 5541.05897544532 5096.13165235479 6579.89953680629 8182.5073295883 4472.2518913166 2988.77707618206 549.765913850506 3859.75553529472 7238.49569656274 3606.54000650426 4128.52485706316 4085.9031936982 6038.89621703377 2797.71171429395 2908.73864745408 3375.87663003965 3166.46446487273
3408.19736785059 9623.72807315295 9767.25932149053 3218.89294408863 6847.86508052083 7174.93721203154 6511.85506518524 0.0 2969.41084507295 3047.08775637451 3790.42251053957 10019.2136635939 6227.9021224335 4767.23802729284 6967.00844699942 4384.51378908229 7516.67612451995 5314.68124802743 2508.37790473973 5792.28726931468 6184.68114336124 4920.29516343549 7936.89205755114 10213.5239458424 3260.73736143202 8779.91647126651 4706.24052514158 6520.37420683682 4038.25520385941 5934.24061096051 2016.63596032414 6655.14599779641 5151.48906829831 5482.06656684942 7289.61937799902 10706.0077793599 4894.40346920361 2947.57992238194 4573.16470206254 5162.00276520104 9221.25269712106 4036.16900789034 4032.83472196746 8898.80177865471 3588.66326176672 7952.91654616337 5425.08134686005 4759.53952649867 4768.22605267001 8679.81845321399 9418.84434451246 5915.03763768242 1851.45228286132 9926.91946168128 5672.8069785024 3457.58669118819 2836.77720673274 3387.896309187 4851.55277005703 2698.45271060872 4039.4225092483 7275.97898197192 894.448298476802 4149.65122477638 3628.54205204647 1911.76532573146 9060.00861240232 8033.35992517717 6085.46187782636 8687.19918931557 3624.60592992486 6312.45415906335 4431.67261243919 3107.80117359598 3937.93620604531 2654.50122338337 1956.70068351591 8336.76046634841 8114.05201500742 2155.70092264859 8180.647318357 5521.18432676236 11325.558608168 2195.39847779355 9886.12901159591 3904.277532685 781.088735074393 4257.14988933331 5899.63203346951 1739.18550634846 5450.71013311456 7906.35577968355 4339.15782666174 3274.70274282111 4093.46353920639 5399.88097147851 1013.58214692922 6152.57033508321 1275.38591769046 6086.35328574339 6727.16695574464 1529.7021373497 7796.17388884552 6654.93855709623 1280.99591693978 2555.81452736005 3371.62036831764 421.437964228536 4114.51340937578 7584.2909101942 6642.0592831838 6671.64677348634 6941.83398666846 975.931231923284 2916.86576960687 5713.71691655003 5214.42547578452 1247.55226775295 4575.14877725547 8175.80400483562 3141.56159183193 3408.19736785059
1462.90754141659 6654.40145718265 7545.76560114346 4299.974714249 6360.31184656999 4417.16002311583 3792.12113887417 2969.41084507295 0.0 6002.27616806486 5134.61830838578 7064.02515287074 5725.74279623746 5819.31605330933 4001.93767119071 1817.58476717265 4628.17751251875 4737.81711875585 4098.8853075335 2900.68277973093 3695.3338028124 6953.52878323369 5000.57625440641 7246.38221183266 3234.97183340008 7173.08799484312 1737.3771385814 4243.32452091282 3369.68123006641 5551.22556451767 4556.79365170441 5396.28758539195 2725.57578720534 3432.30144830142 4808.75909981305 7744.96658329399 3608.54359365621 1882.69206426836 3087.40561569968 2536.15502729739 6674.43291075769 4790.56392248283 3514.94441692659 6770.06251532303 5653.4276438944 5160.91129273392 6288.86979402914 5916.13931240276 5242.16690901712 5834.96140261978 7404.27703295512 6183.21744296908 4768.1187643047 8535.12587773092 8315.84222035513 6251.66923060367 4774.1666628831 5982.36129714346 5250.07946429026 2892.96382220273 4104.20276245946 5009.2386879766 3319.75534199355 2120.08151126945 4462.24943832919 1874.47096635576 6686.99175362623 5242.93943335466 4190.23552927268 6839.50318124728 4145.61390867175 5801.31689419557 2048.51718423881 5839.20291772249 1851.10795724514 5045.15367065511 1365.27857075741 6220.09679431314 6999.25238749214 2514.88989315276 5249.13427746586 3701.01535902931 8376.98416363507 1946.77000634296 6941.91917644278 6786.9831974966 2565.16275963328 4144.37273639736 6281.65850272061 2828.72426212162 5304.32291740388 4962.45081138827 7025.1360876343 4214.85568320084 1582.69683639588 2970.33631707561 3845.89405426264 3183.33819601669 3441.24771127306 3152.90535526277 4374.45946038087 4493.83177862127 5822.30002146353 3823.7003739289 1749.4334971793 3360.12235376141 1842.58322453562 3171.66268889123 4658.5432271357 6298.16043436756 4953.08175274513 4082.12277301147 5565.826356455 3529.51821851865 714.693427166589 4767.48630456441 2668.82026761632 2262.73286375132 2939.25788349655 5207.277756855 828.309782594898 1462.90754141659
6186.75257218634 12646.8995786873 12166.0103937106 4799.4145453228 8147.50439849078 10195.9659255625 9353.20327077559 3047.08775637451 6002.27616806486 0.0 4157.44681603103 13010.007149398 8240.38118968528 5067.76609385987 9980.34659045301 7402.53226430785 10561.56143131 7504.92516916045 3431.43870615127 8838.82245424238 9145.7002488129 3796.84267608159 10983.5749871663 13226.5438660885 5161.01267153289 10764.881314063 7732.74647053516 9404.79899406104 6068.46437437722 7303.22022999647 2018.07512743365 8575.50184990206 7902.58883867556 8020.76165832659 9959.99738186746 13705.0628953159 7093.33415401394 5538.77428254355 7299.65638607153 8174.73314968897 11877.4584156893 4940.6848332657 6429.56375208185 11263.1462644151 3016.75084457797 10978.617947379 6474.84689496625 5682.95095670329 5676.06382231643 11569.6879313206 11675.9747623201 6712.43168934291 1259.51410266398 11669.7941936643 3200.54472248287 1148.7097109838 3014.55002733291 2611.56697232943 6456.82548695939 5137.97583957995 5555.21570075081 9812.01432599327 3062.55303847371 6834.99404203949 4641.02043846491 4589.58340869496 11594.3999737959 10889.8994479153 8480.05871697219 10857.7600911788 5497.61178437113 7717.14731326017 7221.42338196514 1296.9850186384 6892.85818602181 2888.60397840019 4968.18590857606 10718.7762847515 9770.98467097471 4437.77717667408 11227.6301446457 8287.06956570618 14371.1170296966 5031.53484609487 12932.2755852776 1064.91267175259 3503.4114462092 6373.00571457226 7295.05962933021 3855.39598144439 6726.37132299108 10889.5308789118 2023.50348607401 4369.05632424537 7111.19570439096 8364.01144342458 2401.50669841321 9182.53496433545 3246.17004211228 9070.44489073043 9344.73782985125 1602.91394205917 10109.5355758217 9693.16632546243 4265.64110440832 4229.06004174553 6265.32608232741 2839.30514345847 5806.55121033687 9423.9206834255 8855.44087004378 9431.35428729033 8912.4490060127 2868.41929210214 5856.48844557681 7549.42832379248 8210.1505910556 4112.97231543792 7019.07740237604 11207.4247385527 6063.08513627741 6186.75257218634
4281.83180774668 10809.0624795401 8707.54659062264 6999.59785905472 4046.35495448418 9422.8548599419 6968.05008120169 3790.42251053957 5134.61830838578 4157.44681603103 0.0 10921.2199382134 9932.24418422072 1009.20030016578 8259.47406453361 6951.46790720524 9435.46262143195 8977.74311963807 1284.93367013257 7811.01576673376 8827.16237512876 2091.21356784705 9635.12677073565 11273.4386998685 2223.00764183575 6942.97396616737 6414.28032513346 9370.67338537106 2888.72436315019 3268.06594008743 2369.88402735417 4825.87367094159 5491.10663575876 5146.31102207381 7093.84442964409 11631.8274805781 3864.51283170167 3496.84156925596 7865.48542700115 7661.07408351721 8840.73466168445 937.775234990858 7652.78448674258 7804.52832333802 1338.86275235601 10105.7617064796 9178.52950558928 8474.90208154445 1557.23866927505 9135.78268393429 8070.54188206135 2555.49285442783 3426.10489580495 7663.82518655493 4253.45094423773 3358.25386591491 1190.67038537609 6266.80950461141 8641.29117368344 6386.1259920202 1931.64476297362 6709.85569392558 4624.77246214285 4510.62788067782 895.413555200551 3289.88812565169 8360.35032474375 8400.49160258964 5299.43922896545 7199.2753357044 7408.84852754832 3675.4906067914 5048.53393144058 2964.09611899119 6848.99399754115 5957.88179159777 5061.29376566113 7315.04159575144 5770.10835529345 2621.64341689211 9889.66570516137 8680.61172433816 12780.5754763794 5635.71213896041 11432.6883017218 4049.49230431457 3295.93641758499 7982.56135337831 9689.46519737617 2442.954983066 2685.07913935074 8896.80099211502 3425.13025897355 968.39497898067 6706.32343230292 8103.46394281715 4340.30027812765 7692.44281121768 5014.86733353238 7265.91204308275 6436.70417386146 4031.15682620335 6657.72974116383 8772.87447193826 3885.88219182608 1774.5429817535 6522.99489374026 3389.75731471989 7904.34067545479 5552.61326239357 5386.31810553402 6819.72079184005 5181.47501074694 4617.82139573886 4543.62803861788 3826.17811537214 7802.17498100426 4844.84535150952 4181.91973186817 9547.72738172447 4613.36936712772 4281.83180774668
6934.41996145416 843.57244736803 5243.30744337745 10663.9392817019 9248.389443656 4257.65642128058 3955.17968699595 10019.2136635939 7064.02515287074 13010.007149398 10921.2199382134 0.0 9935.75660408662 11095.0761063418 3071.54631009022 6218.70774906998 3393.00183167852 9339.48587182708 10405.1034285363 4613.43931615993 5522.86253494075 13009.1533118441 2742.90624926117 534.573854197423 8720.84005332815 7126.15125133171 5334.9721683319 6024.12266940066 8059.09810096082 9061.39462007885 11333.7119615403 7437.05527524512 5436.24291250376 5860.08930168627 4200.18182685494 712.492314585811 7212.24375218904 7694.20118886376 7642.06183706047 5668.47226239441 3609.27715314164 10139.3184429309 8914.66953814856 5379.39959897243 11941.9805238319 3799.35568979561 11962.6778334458 11944.6559108701 10082.8426047936 1966.79755411318 5956.24910390841 10345.4087043696 11754.7413469337 8344.73481963995 14903.7193222424 13089.7662216735 11135.4978424801 12942.8634913923 10755.3110202492 9249.87806292251 9087.95395475758 4868.01251214243 10359.6567768776 6469.02902167477 10032.1185994132 8484.24353100007 4417.49772704883 2655.56771735274 6004.20734856585 6318.08322387274 10163.5630639591 8958.03739615939 5967.91693967237 12643.1210032375 6965.89005069078 11964.2845017361 8316.00070989131 5329.50900622163 8283.77716576152 8836.26914575065 2642.26722392844 7102.30013355076 2353.42547884175 8628.83617653685 1905.56898654723 13696.3756194705 9508.17623274126 9598.37787678563 11437.7424316309 9372.27996231059 9309.1417108615 2121.5764295176 13724.501725168 9988.63537821231 6456.75253372773 5933.62543366359 10908.4708560492 3930.71452391774 10429.4965488069 3939.64295053243 4773.93930507885 11548.6467967019 5740.61186929244 4212.91280395341 8755.40712273296 9445.45903084046 7636.26743987135 10174.202864421 10506.4802015807 7626.50138376048 6435.39262227087 4176.38945772067 7224.55993215274 10573.4108927476 7155.11536194494 7886.39474111612 5790.77673783108 9258.52598915024 6752.12724832969 2060.02910246933 6954.39043523935 6934.41996145416
7188.62157491765 9168.45805561516 12610.9240825341 3443.59703081858 12054.0154638061 5681.96978739326 8533.8976566282 6227.9021224335 5725.74279623746 8240.38118968528 9932.24418422072 9935.75660408662 0.0 10848.2708660702 7472.61385190598 4647.8382517838 6543.43811366289 996.207560287515 8656.85697199728 5762.01664716796 4432.22509272202 11121.34750653 7193.6398736518 9797.60784859058 8650.60089358013 12733.1827320013 6170.51433286172 3924.6913981574 9014.07566215294 11210.491528096 8173.53411716402 11103.1163426358 8115.64339064264 8987.51029181144 9801.42446657287 10386.4281149145 9334.00177139318 7485.65592979315 2799.59996891177 4702.38283305357 11322.6503628507 9956.79503388863 2316.6845856641 11989.1164138054 9807.28916626836 6248.25426941818 2729.47865039953 3242.70273102132 10580.6353700157 9759.51990761078 12689.5661407846 11650.7377672664 7573.93603109367 14148.2377246869 11409.6846070971 9164.42241521276 9061.97282774948 6214.36113325004 1923.98024380632 3549.12049730715 9560.11401390615 10239.8343134603 5560.68248667632 7804.01830688026 9561.87664428682 6950.96740520043 11623.3183455239 9488.2015150795 9759.90579159332 12280.4805646884 2753.17346550338 11490.582970748 7592.41083926683 8970.17521076506 4069.22915695169 5463.35488392558 5022.5749415361 11489.7808454306 12705.4047332418 7606.17127623122 7301.51250976891 2896.60882388563 9883.32549863384 4348.57359800761 8671.069719867 9304.79866302446 6636.32848957373 1972.41483885432 1800.73419601612 7550.42390909814 10893.8506804551 8449.5082936632 10126.444443466 9232.18310006272 4628.05501639016 4215.61779234392 6113.77559958103 6736.53334419132 5223.36783668656 7306.8312011654 9587.60472374126 6851.18222439093 11234.9402322629 5783.14535029431 6133.5143566547 8367.36365448325 3883.20222494326 6649.19607457872 2451.34213331927 11984.977971532 10565.9235454484 9019.28624332486 11248.9400282689 5668.35377788613 6416.11603994752 10490.7107148328 4499.85103818097 5088.15251983505 8651.58400103305 7938.27619788091 6554.02693667282 7188.62157491765
4784.17253718498 11058.4972496857 8400.78797432256 7984.09730412038 3362.89624487471 9965.53458418995 7152.81503683218 4767.23802729284 5819.31605330933 5067.76609385987 1009.20030016578 11095.0761063418 10848.2708660702 0.0 8601.98421987879 7629.60824158885 9898.26334525836 9882.13037174719 2261.52482417477 8341.03233156806 9475.29486373798 2260.65786369623 10039.2793341491 11481.4884081093 2663.32692602018 6459.16311112622 6930.44296612932 10058.7067521077 3070.6216692535 2721.54075081796 3365.41032637243 4462.53694076432 5740.09544497861 5239.2746722049 7095.97637097444 11798.4249524279 3893.38632850238 4044.13413327786 8680.30645823668 8303.56420747424 8723.33360900644 1050.61872525252 8551.53821174439 7516.80288464014 2090.3787414244 10612.0665228726 10173.303733567 9475.66422159261 1077.06020710511 9236.54520702164 7698.17832454261 1718.229861369 4415.84738217145 7023.93083177626 4647.55546635819 4171.7644423945 2182.08745078745 7259.79013942187 9610.10042516829 7313.48834091026 2028.48628863952 6626.01267244945 5615.99290127935 4861.03454821707 1358.47070671648 4049.71022297842 8168.22660100462 8501.40358990293 5244.15842077845 6815.12082761061 8371.28322902006 3095.56428932039 5406.76933927485 3820.91206981918 7601.37442924629 6966.44802487127 5908.33279340146 7067.95276513136 5165.75843113543 3363.05595048657 10290.7964322834 9452.77577036433 13066.8715601853 6520.35665904731 11763.2109551499 4834.12342821238 4225.1635130786 8913.4073309846 10665.0585826894 3303.80855027107 2179.64152284577 9143.38383261852 4059.17870525364 1642.08707076704 7402.01239854452 8780.60567631057 5347.1828362225 8114.79430009571 6006.67452257895 7618.85247997191 6447.47425037762 5036.04909862326 6405.33657536479 9299.12585194212 4743.64585034348 2528.05685336656 7332.15044851423 4374.88828039116 8873.91779353715 5067.85811041235 5174.99178967165 6930.34466315081 4815.10772398918 5616.19704887035 5175.31668724635 3545.42537342286 8460.56697109472 5773.47038117216 4366.40415410479 9872.76347813833 5207.25194646519 4784.17253718498
4054.40037517112 2671.87380724547 5465.82013844722 7689.04062054217 7486.17186296538 2364.44183798158 1856.4167413295 6967.00844699942 4001.93767119071 9980.34659045301 8259.47406453361 3071.54631009022 7472.61385190598 8601.98421987879 0.0 3248.34908086833 1705.73535003968 6723.71816730054 7574.57994488228 1738.34988513656 3150.79277585053 10309.3925044649 1530.29428553709 3247.22395256495 6038.23053545482 6411.03849965672 2266.98539854507 3849.86531002221 5538.82555473274 7044.96794418358 8379.30245425312 5794.45770496822 2899.77056146905 3653.85245551771 2967.43139062207 3744.21926851556 4913.55011899171 4846.0045221935 4883.13354395784 2841.35225143939 3962.83063342957 7581.25934746688 6076.05895030959 5079.66202935221 9148.10492352798 2554.39199687487 9171.37602703357 9064.37921159739 7683.34563015778 2290.07898647972 5801.79852916382 8193.25501455984 8731.61885653351 7847.41672893171 12039.3425944215 10125.5909508884 8304.69506527555 9877.83505566209 7973.33138438242 6248.91631905339 6577.15953149651 3650.85872689004 7288.44291542386 3755.96855886333 7401.81228980909 5524.69171326212 4438.30445072636 2072.02171470589 4133.52183727515 5716.40451066239 7246.65978130152 7063.93410196061 3213.14633011512 9688.74639406952 4007.99648592688 8903.32797948748 5244.8062899948 4720.80718228264 7091.54046573543 5952.0895367096 1758.72054443224 4579.23855237559 4539.16253919198 5576.31718998726 3173.33915397683 10707.9160856118 6490.15988218512 6783.19883915097 8770.78658658518 6452.8573089292 7137.36430054128 1048.53534715915 10812.95782391 7296.45083422343 3457.22406348101 3261.62685149041 7841.6485380246 874.99805643379 7359.27306331091 993.950958582085 3167.1527162521 8494.35208716727 4774.7702049995 1863.35731519793 5715.50444798466 6644.55038733432 4646.99364919939 7141.04185470048 7635.60572943521 6328.1730095505 4841.96224294324 2377.89411979848 5713.02595808792 7502.38337831611 4150.72646221052 5877.63922777316 3014.52865055747 6187.17256568155 4282.40698866731 1291.99804168464 3967.15317415854 4054.40037517112
3028.43340525789 5642.04977392572 7987.02166756962 4451.2512719774 7879.73302419719 2793.59775753688 3920.18210501094 4384.51378908229 1817.58476717265 7402.53226430785 6951.46790720524 6218.70774906998 4647.8382517838 7629.60824158885 3248.34908086833 0.0 3226.23880692963 3751.33257050793 5891.55388912904 1612.93835872317 1890.33491793485 8740.59446380036 3740.8539762822 6278.46468954729 5015.91195701211 8125.48856886298 1522.68848828939 2429.10302131713 5026.43431162817 7138.44549329498 6204.9772375749 6658.99871611403 3513.62189156512 4427.11132379817 5168.26950226401 6834.03547557124 5030.11876817418 3632.51229160348 1853.33027946227 778.817891637708 6788.69332426207 6594.68016195445 2878.1814437365 7343.99768505858 7423.68148798226 3576.41283112437 5970.14959865976 5822.62825461583 7011.59713660466 5462.85800872627 8042.21803174175 7898.10454292639 6235.85650544614 9559.47634265534 9971.33240605613 7819.73446081928 6546.39764851105 6820.49931526313 4790.08086744809 3031.83813571708 5855.58324717266 5591.99609919816 4430.71277256748 3426.54315493134 6274.54400990689 3677.85637401974 7017.32521003355 5047.54313404114 5189.7799933527 7642.44077263161 3999.60669511102 7338.25456083314 3087.71391120547 7438.12507301204 759.755600873821 5827.14767674966 2435.20238491575 6842.02483672671 8237.4922285331 4330.51336091608 3961.87674354535 2085.69302716799 7104.73323840497 2508.29748940599 5669.41084420815 8288.77827887129 4186.59397567958 3591.73911474247 5670.47487787159 4613.09590401738 6963.26912593904 4296.88434602686 8654.67186012734 6031.78807437354 291.427829257597 1152.85693603966 5060.47663248817 2385.49219195329 4402.36662125467 2781.61165503342 4939.95296430446 5814.93469600044 6596.71025314721 2319.41351198099 3362.30839152115 5177.17684307764 1417.87363783566 4683.88718843409 4401.40334749571 7487.28026301446 6009.75646908625 4384.66389311691 6755.53132941768 4645.40597238614 2462.55034801174 6215.2548408328 865.486518344039 3317.01337095338 4292.72654560153 4187.27326459934 2470.49588947513 3028.43340525789
5153.87819456267 2648.2314649789 7047.15808135225 7507.5910092013 9096.48007114671 884.101659659668 3550.01995687829 7516.67612451995 4628.17751251875 10561.56143131 9435.46262143195 3393.00183167852 6543.43811366289 9898.26334525836 1705.73535003968 3226.23880692963 0.0 5958.28040110007 8591.12254671417 1730.24074795976 2136.72683519337 11414.7149491308 650.217582387811 3290.36070858103 7256.30348628133 8113.16696438821 3038.06361539961 2643.98904568494 6896.18977779364 8592.79389271456 9183.10288468699 7451.09536941595 4389.25469343827 5236.59421799802 4666.34245246866 3877.66799744339 6410.48987068012 5940.59537270096 4334.31466630244 2520.30961956517 5456.19560233563 8853.99008966933 5635.33850119864 6734.51809035674 10174.4236027448 849.474496990942 8623.81671363064 8663.0016501492 9054.32972287327 3558.26538329689 7450.43197343245 9672.69986000332 9357.1072483116 9544.96978342565 12933.3898601732 10876.9781889632 9303.44266773703 10032.1528639317 7419.46309390724 6171.42801489822 7907.66605652757 5355.76533849883 7644.49915499775 5059.46833399611 8623.80766454514 6407.9249844495 6025.54469342183 3592.79272808469 5783.15136915247 7408.91686708952 6936.59000554568 8647.48364196365 4521.00669255242 10467.1950290646 3893.62392380682 9036.92089183539 5612.22648403959 6402.98133140922 8786.32834799098 6946.94893553017 790.85724648274 3719.23005159959 3881.05914977103 5734.02413448342 2452.67444301472 11396.3642440975 7190.69091281517 6292.43959391257 8058.99433515956 7373.82311219288 8627.69889036609 2234.45139116773 11651.0889941096 8467.97687992554 3508.01683489304 2635.60947045531 8262.13255753722 1808.12189798164 7627.91485216469 2445.82588471616 4868.16466451925 8994.98577618759 6478.61710621689 923.651759145552 6367.24654498727 7723.49001419113 4588.81916569112 7769.75615146059 7230.66537170461 8019.63335688365 6519.50061222468 4080.25941917028 7388.98609432812 7860.17575705743 5006.66717521087 7450.99848249895 2579.77562753225 6525.09773907714 5722.58759232011 1437.59058326441 4880.21275930979 5153.87819456267
6200.16522753427 8605.80485999633 11737.6439799507 2780.43077134712 11058.7002995402 5133.34866429168 7666.10626484195 5314.68124802743 4737.81711875585 7504.92516916045 8977.74311963807 9339.48587182708 996.207560287515 9882.13037174719 6723.71816730054 3751.33257050793 5958.28040110007 0.0 7708.32290075515 4990.19091198313 3821.56108316524 10228.610116455 6604.14648398956 9245.69823514603 7657.93870450233 11784.2126289222 5267.62107183395 3443.64087662956 8017.99118269309 10214.3425409695 7290.45868235383 10123.4080234299 7173.30669125508 8030.7245957109 8919.56944564578 9834.10444727712 8346.28538302377 6489.57965697285 1901.96920776645 3899.81561327499 10499.3755812043 8978.72326895251 1332.64335174137 11090.8064633226 8902.86878665879 5775.32533922032 2772.70485269129 3055.58041662173 9594.79245841803 9012.89268933881 11784.1283676002 10659.9285026524 6752.56589171862 13191.0868535413 10635.3877483963 8373.67976330741 8137.72056692916 5674.70858656126 1655.94993207029 2617.53691090008 8567.53693980615 9331.13067129399 4699.13076137209 6826.23492271396 8586.07565654859 5961.53538816525 10762.8410473449 8695.3750416301 8803.51070763177 11350.0878681948 2032.78218157918 10495.1304592516 6630.4606282398 8151.46636752767 3127.13091316643 4836.50893136419 4032.73944543156 10582.1086957759 11726.3934471356 6620.60487702038 6738.2855804146 2239.0592222942 9497.65208802363 3368.69312815116 8213.68944876683 8563.36329895103 5683.7481233119 1132.02087478265 2100.97801924878 6580.08430014875 9898.27908090214 7730.60573046723 9332.55859899639 8259.50017484816 3703.49782506237 3470.8739941167 5284.92904345827 5946.31832800825 4384.34035271033 6473.96358968916 8676.80539640211 6050.15988036291 10305.8030717083 5134.67331356439 5154.57642459605 7390.18757994117 2896.60992593956 5735.7717143091 1896.00000593584 11010.7822081532 9604.5581877386 8135.97889769098 10275.1529912407 4824.93489188759 5424.34759671279 9499.71010379466 3712.77769804983 4142.53862831237 7669.2407368597 7304.32645029336 5565.74230269211 6200.16522753427
3520.19752647815 10202.4330961413 8832.8984225332 5723.01041374821 4796.84818042738 8487.48566102627 6508.4927138921 2508.37790473973 4098.8853075335 3431.43870615127 1284.93367013257 10405.1034285363 8656.85697199728 2261.52482417477 7574.57994488228 5891.55388912904 8591.12254671417 7708.32290075515 0.0 6908.67846509157 7781.37275260324 2854.88449803476 8857.08459896344 10712.0000199735 1840.8864901574 7337.1707057324 5554.06993803906 8279.67975563153 2727.80167169108 3918.60352675927 1426.07259947897 5149.85279990271 5002.2845009596 4877.24053836534 6862.43528978027 11117.1789935111 3774.04716273613 2730.63747890707 6661.87720880003 6632.30970267614 8720.21033855224 1659.48294373559 6387.85958745469 7924.29517334011 1584.42386431929 9205.2504800364 7913.08495760364 7221.07096412073 2428.87484029877 8734.42594016957 8293.71331574874 3564.4295690706 2438.66198166243 8248.14937630351 4499.39288353204 2948.14541731348 731.782836024708 5201.63297638752 7357.58333715402 5108.51785832645 2123.8258553757 6599.82154688951 3355.17653051246 3941.12589067838 1286.48615651221 2225.37340405659 8344.96077836831 8012.42822582645 5212.03813068339 7458.19536350377 6124.08089779825 4329.80593114159 4437.96063560556 2490.20317520215 5710.90472751184 4787.46336289631 3846.0562683548 7395.02322729083 6353.14585190987 1644.76526814806 9112.36550800183 7511.54287815149 12112.7462675513 4384.99393075205 10723.4431405055 3644.8239876758 2025.2837595518 6702.56033138474 8407.984942849 1279.83592739128 3356.91952722008 8318.69556806671 3373.75485412307 965.437099731876 5630.07989467322 7032.79812684381 3118.36395738546 6920.45747561679 3745.94866847798 6587.70674220604 6215.53001386499 2922.96693482198 6763.95904945979 7862.70783034212 2674.59675648111 968.76486695528 5331.68516519215 2113.3688221693 6620.74433595068 5992.48243392176 5491.67880636853 6458.6332179163 5490.44803521137 3361.00140551792 3594.13071891594 4121.99835511212 6754.46529884923 3568.84899828211 3859.00452903539 8864.86797460574 3710.90978749884 3520.19752647815
