CustNum 100 StaNum 20
0.0 4826.18709798854 6463.81912008388 1745.64095571257 5408.01702716238 5447.73148092218 7388.70263202966 2121.56844490852 2872.89358631481 5986.5399557874 3948.69415623229 3882.20399819909 6745.43343481021 2406.67937560857 4935.48637223904 4134.76979000783 7994.63030176557 4784.17253718498 2590.9757303552 5388.42148169241 2865.25103200532 6934.41996145416 6473.71687149904 3910.15932890932 4703.23482532401 7381.75515337995 4044.80935181771 5677.13877217242 5547.46050551194 2167.21014974527 5808.46440596946 6200.16522753427 5153.87819456267 3227.77990906402 4054.40037517112 3314.12262086592 4764.47790148843 1874.33434919652 6254.81747343177 1736.74396543381 6439.14495817001 3935.23467736254 3421.94852966743 6284.90704145618 2525.34558955225 3733.63615340927 6187.25070769429 9008.58397090136 3166.46446487273 6803.13057950672 6792.55748764602 6858.47520352823 2438.5660304295 3603.3558933804 4111.38097012414 4179.22879124342 3413.52508881659 2733.72538261715 1906.92030942523 5095.85670755837 7360.65457462631 7629.6200303161 3326.47220312085 3820.65254429178 7215.56658057247 5042.75252951281 1462.90754141659 780.536351548103 1998.36277420735 1588.49306255022 5620.99747191087 5895.47039913907 6788.88437243743 5573.66793557729 6643.77219287893 796.328913486662 6743.23509539715 4216.07107929645 8592.69171476735 7132.94609820968 5837.90952244492 1037.76983189623 2775.67159655498 4876.93912110308 2977.22336361906 5059.93357337835 3520.19752647815 5711.78609097662 4411.26533248329 5251.0222561903 5181.44042764917 7643.37787663319 2683.07667507907 4250.36444878675 4048.25016302171 5535.99002513219 3068.88767862987 4281.83180774668 4152.1928083464 3477.90979876784 4360.94317982913 3306.02108852068 3581.03029391578 3359.18068251518 4103.4787959502 5344.76772660508 4135.17035118091 3740.75056467876 4862.06436145712 1698.63395745331 634.599609216784 6015.61024562341 4516.85083721234 1332.02030658525 1498.75554746141 3273.39474384322 3785.1227714027 3305.48994043889 4228.33242553 2598.5640311066 1159.43457646915 0.0
4826.18709798854 0.0 3414.55842857979 3412.61056954878 4712.13103353708 10175.6582540798 6561.72810614465 6679.68939959222 4291.45672263868 9705.8111310603 5883.14307513962 2744.81790013509 8326.91427314951 6982.77605175842 1733.44410026024 4259.98312046079 12812.184443492 9143.38383261852 7219.19883559836 1345.55135938696 4504.30186791268 2121.5764295176 11239.5411201974 3470.75264548237 1400.6421843182 2621.17376012205 8168.98287529775 3830.21588266858 5374.23684605414 3980.26230975951 6129.27094347099 7730.60573046723 2234.45139116773 6603.65943429253 1048.53534715915 7949.22452143425 4059.8381582452 2978.44234042893 3098.78606877151 5808.94875828522 4841.1124631712 7499.75595041905 1918.71027426716 10974.6807882815 5416.83595594585 8154.85373225853 5306.52016148669 4431.7812641975 2026.15878844496 10348.9767406935 11618.7311832122 2868.6152815864 7260.89201265906 3871.47444269331 6384.62939725432 2252.39269391913 8226.25133848753 7387.14609850932 6731.94230917535 9870.36616899882 7409.87652518044 10210.9982611414 5887.16101557579 8585.92257049193 2393.30467860368 4344.91615222674 4962.45081138827 4402.21856074693 6077.51570093365 3240.70775537283 1878.46700502747 9919.86242969792 11576.0477647287 7823.31869052289 9010.71379915646 5595.86657748956 10888.4763939263 7293.31767199212 3932.34938647067 7514.96086168778 3000.9093751916 3884.25391002835 7138.72230899556 8554.26189661159 6605.08731029812 5553.16414418678 8318.69556806671 6534.16339650355 8808.1015486695 5453.85501970334 3062.61266054588 2823.61075685297 7497.4712205839 9050.30986161663 8272.82848779809 8735.86702728877 1820.84910250636 8896.80099211502 7982.16774919647 8017.14615105695 7289.44316841231 6143.26707435126 4885.08522425626 7052.16526392538 7472.2326192424 1026.15612434294 5740.53449282537 8308.75459471339 6275.99866534091 5950.68437987079 4832.82116742951 8681.80030596015 2713.0321208209 3640.98911565756 4776.99326402524 2404.47230132356 4035.29250430444 5694.01729233214 8485.08050193943 7366.12016228973 4026.30049003534 4826.18709798854
6463.81912008388 3414.55842857979 0.0 5804.19534167951 2615.75762937552 11807.3130058139 9975.74075799835 8582.17129105382 7203.2364979828 9276.17834376158 8870.64161844954 6020.49517899652 6545.40317047084 7847.55596804794 5143.06877081187 3230.88825146262 14069.965771906 11238.5368244779 9051.79484569597 4632.56722427455 4431.15901887573 3884.23607062739 12757.5049602802 6724.70465767411 4814.88605081294 3186.48365558246 10423.8866397265 7242.23495852959 8739.9124426546 6658.7278228033 9465.51755859996 6046.64601890285 1422.69541964199 6565.13174280162 3097.16868113244 9766.75273717394 2496.26480725682 4804.26960910239 315.79010731863 7982.60983991331 8246.48445992552 10032.0496692436 3212.28673328595 12666.989983363 5559.94305429908 10189.915840651 8718.34536690264 3521.47407744357 4952.82804315682 9684.72957196688 12765.4296337491 1319.35572079565 8574.85210326428 3364.29065575894 5645.4205525974 5599.17732180649 9397.73279463054 8286.66614377323 8187.18761748358 11396.5366385622 10803.5393062506 8809.84839707471 8684.15246818149 10173.8229000335 3590.18114888815 7720.5441209696 5765.32844345699 6432.45642602644 8270.40739796445 5223.15979848104 1543.03830927684 9748.8105882739 12428.0435185167 6615.33449155251 7638.52417204137 7235.67659027741 10739.4957430536 6824.31188823532 3456.22503696916 10882.2088289965 626.479494176895 5901.09289339324 7746.68560700933 11072.7945977779 9057.31333952253 3907.63573990941 9821.71927918285 4711.63603063624 9177.54179587182 3639.56328462387 1353.81175941571 4153.3584043045 8739.56184328651 10519.2043588488 8534.35963869324 8031.0868410584 3867.72323721716 10729.8586622238 7935.59847091695 9941.64663394087 10068.1152760598 8871.12690171394 7932.70762836558 7113.69713061564 7173.37455263167 2427.24168562309 8803.11453097864 10201.9797017732 9425.05171193117 6773.13421211325 6128.79953980273 7585.38577886819 1960.47731401977 5790.74736427716 7123.5221562343 5473.5927871344 3334.11663222368 5347.77997976625 8745.88099340738 8990.23472097651 5326.00084029783 6463.81912008388
1745.64095571257 3412.61056954878 5804.19534167951 0.0 5499.67941529355 6791.77397408403 5969.66329146106 3284.60833685214 1683.92512265538 7620.90549564232 3253.7339299184 2150.27230814861 7761.82745350593 4151.10034987084 3222.10382871706 4358.32983124597 9497.24013385572 5740.09544497861 3829.65145490314 3735.93564730992 3492.24511267247 5436.24291250376 7870.23961326888 2283.73857920382 3022.31280737757 6033.31512122299 4792.73037129166 3990.75116950058 4184.80721335099 947.539693122832 4619.36972606934 7173.30669125508 4389.25469343827 4670.9277030951 2899.77056146905 4552.84213292646 4762.75085157237 1151.35500834875 5539.96199714151 2397.71061873377 4822.61867211707 4251.10575632732 2595.15766185165 7575.56404243671 3692.73059646855 4743.12526217694 4693.27439265252 7800.84636005251 1506.21956229829 8408.69479097542 8360.73369622709 5878.57992762849 4085.08637844752 3766.45344401896 5211.00686461515 2434.62542572187 5069.26952366394 4477.09189730108 3514.23014917652 6514.62255036997 6179.20566400358 8990.92278234852 2919.53905767588 5234.40166814437 5782.37755464487 3500.89218898187 2725.57578720534 1078.61927400247 2669.84216363491 776.91085303056 4641.11472327605 7591.78354044437 8452.27824992053 6761.60271205782 7913.01254759485 2373.96901084927 8464.34779648754 5614.63498781491 7327.35737362673 6046.9244564542 5195.24703960121 727.845489547386 4495.75301812143 5303.60661858981 3296.18197227094 5566.709231642 5002.2845009596 6401.32296362606 6150.48392768585 5667.03882792587 4708.3976850996 6148.19487312553 4346.73363141764 5727.16010648295 5761.06263235312 7024.43643462934 1960.17446301149 5491.10663575876 5778.2225117939 4607.24467847584 4275.34726358878 3077.62884231963 2506.93255854716 4917.97026989328 5592.52074994451 4144.28452657697 3295.22411333294 4900.10145163606 4013.4004623171 3353.13520152583 2103.78244444236 7357.63783458159 4031.75614949775 443.488371280205 1385.85586685748 1531.59562938098 3986.89159401186 4364.20387987199 5948.48364781536 4034.86579365061 1743.02014732865 1745.64095571257
5408.01702716238 4712.13103353708 2615.75762937552 5499.67941529355 0.0 10246.2931237529 10858.8463724737 7439.70842815581 7157.16619878915 6785.59333410733 8751.84857346239 6608.1388507431 3965.97452393967 6048.78585706854 6299.89021702272 1280.61327636294 12189.8177603748 10058.7067521077 7811.14213369301 6055.93873408275 2664.54447155317 6024.12266940066 11080.8827760663 7192.53596263805 5921.66300774251 5587.86216999456 9428.04718343881 8257.23324570151 9312.04801093814 6447.10417384067 9912.60904132817 3443.64087662956 2643.98904568494 4378.39377166287 3849.86531002221 8457.97410589463 751.799653777609 4348.33177532574 2701.97387099601 7127.8351050431 9281.43934561414 9320.21827501577 3316.0815049512 11113.2995195224 3630.9846635076 9023.30171615281 9534.61622283462 6136.80010807068 5333.30933700989 7129.12812466547 10857.9451289382 3864.4002276775 7000.22913104469 1812.66865635116 3214.66855055557 6374.18485608817 7663.58605331034 6468.29470034333 6749.17900091793 9781.49875003315 11409.119359851 6197.53532205326 8353.88852688194 8668.43863458973 5873.32316985746 8385.03646080291 4243.32452091282 5692.70256841092 7399.63926505173 4743.81106476365 3383.3791636528 7327.62385111099 10369.1829442662 4013.54584610873 5022.87346055942 6052.0464660877 8301.8086244397 4414.97407524618 6056.68855528083 11370.0907499608 2338.17782511303 5264.49628122818 5801.63084985113 10283.6070484725 8343.15680365994 1306.89187724666 8279.67975563153 2109.98881807191 7003.85464188579 1024.57443518173 1767.06894951292 6462.00151756441 7101.9939338056 8910.58085401154 6343.40712898103 5496.67433787502 4022.79804323533 9370.67338537106 5636.38198368839 8703.41983316293 9612.96759866644 8449.28167971313 7972.89418840487 4925.60113117165 4811.57051116829 4069.23162213222 8790.00665073132 8921.6085752805 9498.15185245906 5078.27160773985 4883.79629593187 4985.50513049989 2003.43697870288 5288.33671074105 6532.99252321226 5876.26884543508 1622.9719176527 3154.89346491559 6542.56615484315 7598.03171750282 4288.02951239937 5408.01702716238
5447.73148092218 10175.6582540798 11807.3130058139 6791.77397408403 10246.2931237529 0.0 10141.3960981709 3507.81915721699 6681.0107542665 6452.41221229095 6180.89523205918 8463.81676158765 9731.88101902279 4234.00413626357 9867.6612516709 9008.98944178748 2872.39271826016 1891.37927634352 2962.12549145017 10475.244933444 7607.51894547449 12227.8332631464 1103.1830483059 8091.98151361827 9741.96753222802 12778.9334089391 2819.05284329504 9745.26074241195 8555.03889889063 6503.66699700847 8264.09545083626 9420.54505568619 10563.5664621225 6203.31475543491 9486.30458038884 2245.17090929261 9763.03123490933 7307.37312052383 11626.6028256322 4469.69766405744 10082.0512127256 3971.78156521678 8867.47555173369 867.932375503102 6628.98012622362 2311.53935604482 9430.73653164092 14451.2564834775 8285.08633576843 7202.35197704944 2167.81691894638 12297.3485280739 3260.85135087373 8618.23733952172 7630.74767493295 8948.24306194847 2641.78217536236 3850.46967469785 3621.25688409528 521.437977142087 9355.93919660964 9209.99886420837 5522.06817574403 1636.36919782858 12563.2114467757 8696.10258988719 6086.88562543649 5773.52959761553 4246.44688609196 6970.42509462648 11065.1434978368 5746.53299401254 2993.66108942469 8354.79964669348 8845.07909946183 4651.40543302023 5834.60442291425 6804.0689490378 14023.2037381185 8899.71110597139 11189.494090893 6298.18227469095 4607.48800121114 3608.34237541237 4236.10617478296 9429.19834462814 1989.26827240419 9653.91089385156 4346.41403910395 9717.0285710152 10475.3640406379 12939.9062302446 3144.30364154102 1339.5946189336 4797.83552494025 7143.48730958672 8493.54985864952 1385.15145567522 5644.02202166624 2264.26979664378 4936.64398100133 5194.81058387511 6768.56770428429 5776.290422695 6380.1078359796 10778.2542354587 6537.01957430569 1971.6144678579 6869.5990354933 5169.7693205926 5686.68273602829 8116.04375971343 9847.47799264099 6534.68003649643 5521.25084715595 8163.80668585582 8736.94947659825 7238.75789341448 4728.39035223442 2849.62799656047 6515.02560484758 5447.73148092218
7388.70263202966 6561.72810614465 9975.74075799835 5969.66329146106 10858.8463724737 10141.3960981709 0.0 7488.50120457333 4516.48781716745 13341.9103222715 4048.62316812562 4261.11047335917 13692.4496457667 9570.53919777939 4834.14991932332 9966.62649520133 12970.4978191494 8325.27696528165 7888.43056589736 5414.99491471586 9391.20587118766 7000.48295174098 11174.8530527775 3766.41475151504 5163.06998398573 8083.87282947828 7322.98709317885 2735.92832413837 1845.93503513813 5239.7672297858 1880.23844816466 13094.6979350915 8737.08157867095 10577.2814020536 7107.0896361964 8301.38798359954 10116.9456103359 6919.66915808286 9659.95380858304 6564.74758614992 1770.09602269117 6170.66365527023 7543.11359656684 10581.7081008613 9658.57390197927 7894.73220985606 1327.68949221541 9899.7469470494 5547.4060127924 14174.7941400848 12248.2960900962 9264.88047729095 8959.09135037464 9402.53785998267 11177.3710768495 4499.69474865941 9788.29274128519 9750.56691518565 8424.0123778253 10160.6815524889 1377.35354029975 14946.2914810593 4794.6947258856 9181.82146756247 7533.90038608531 2517.53340275011 8658.19100289837 6615.93018715366 6594.63618281614 6680.85931052415 8435.54607661567 13157.579344805 12786.6142218255 12730.5910646731 13881.631708993 7610.13946647009 13902.9443021256 11546.9604801243 9313.41619448891 1830.01510445456 9546.5397570068 6610.42720224565 10054.509606151 6749.12248857057 6068.94575127175 11283.6958947178 9197.16236241607 12199.9658476945 11524.4236460714 11310.6197199891 9470.25268610967 7402.29876673243 9222.80480332703 9729.020777988 11305.9455430827 12915.0334882797 6850.41276459036 8823.17639094208 11525.7994975227 8089.29638400161 5230.71614752232 5077.41252751968 3882.76929882312 10747.229773689 11478.3177226374 7559.44747960461 3706.85711745817 8327.8076898651 3272.5327010253 9081.99308325171 7931.79560965005 13314.4584053346 8945.61838901874 6383.29324330985 5985.30047222009 5023.45031161977 9622.46250644161 10331.2209058664 11456.6569684468 8409.20302055819 7712.26863213998 7388.70263202966
2121.56844490852 6679.68939959222 8582.17129105382 3284.60833685214 7439.70842815581 3507.81915721699 7488.50120457333 0.0 3372.79166861452 6259.43345825441 3485.06334759145 5036.8353918917 8131.44744516806 2506.37953995578 6389.10476650765 6159.10030702266 6257.85167256758 2663.32692602018 547.688096850128 6977.08765959826 4805.81470742594 8720.84005332815 4591.61625975379 4759.05642635154 6246.53895267222 9292.16328497395 2008.3191461429 6506.39082106449 5703.49135263987 3052.3807576555 5665.05950267303 7657.93870450233 7256.30348628133 4329.85826551424 6038.23053545482 1269.69445133361 6833.62304926806 3884.4331027643 8368.35687414747 1032.86705260051 7017.96378811093 2285.99466616538 5491.02083787142 4295.06179920248 4135.74321896895 1612.72540642786 6515.21187236153 11004.5056379464 4777.76611244324 7122.74129490639 5197.14730367148 8928.38234156507 1540.61375192756 5662.72587878347 5580.58304876529 5490.13185533434 2299.79693805041 2495.90456370926 1142.25171432536 3251.52869506301 7067.40542489229 8487.76557074897 2722.50285890125 1992.16387653125 9061.94645188425 5574.33731663565 3234.97183340008 2287.65218429019 907.620837795815 3515.86404456147 7683.07168875595 5893.74321245692 5474.39813757983 6816.59329080247 7704.93705918963 1391.0535149753 6518.49239377908 5256.57602410827 10557.6058090173 6715.50766634562 7955.90060094284 2826.01116511314 3077.60377586438 3006.99447686418 1618.36634441953 6928.02740492778 1840.8864901574 7437.286074179 4185.33554191005 7158.80132203645 7302.90869634336 9432.73287683017 1779.74053801092 2521.86001243565 4138.97639462196 6263.09264048662 5045.17392285724 2223.00764183575 4643.4434528961 1370.36176168459 3068.45153481832 2492.47516364681 3694.66077762146 4182.53459488246 4977.93257228719 7325.48564898533 3802.65896478274 1648.65682533114 4388.38401761143 2728.88243428763 2560.99417860348 6995.9147230526 6638.1027731835 3044.14560369601 2041.73150080676 4674.66016293985 5828.05863836485 4904.97350967682 4236.66856284875 932.305308521406 3276.313705888 2121.56844490852
2872.89358631481 4291.45672263868 7203.2364979828 1683.92512265538 7157.16619878915 6681.0107542665 4516.48781716745 3372.79166861452 0.0 8834.91073340669 1668.26630911461 1862.15488225768 9383.24455805424 5105.52847101606 3363.8955499036 6037.97189009289 9528.4634101778 5244.15842077845 3882.25492511912 4069.53615095146 5153.51153775772 6004.20734856585 7783.97410145271 1411.25362802857 3351.48229211543 6811.88373000611 4183.26982531848 3133.66520744241 2674.60450443478 772.786191913435 2989.65658795807 8803.51070763177 5783.15136915247 6078.74278097225 4133.52183727515 4495.69467289499 6413.32890074206 2821.68446688449 6916.00538888249 2342.57384659031 3704.91919849362 3313.22912284144 4078.67169749893 7355.42918341241 5226.68565920971 4406.64846049941 3341.35667650818 8693.59767832463 2309.85772557105 9662.65130952525 8542.62656515932 7057.88221944755 4655.05877986237 5446.07613211075 6791.36151640966 2408.09912100182 5579.40135459547 5329.63677724878 4083.45286657176 6524.0733000815 4555.18472736433 10469.1178869294 1602.90153540448 5326.1491915167 6445.31200893862 2260.61468323451 4190.23552927268 2104.44004157027 2491.9879214427 2460.78639099406 5877.56237659002 8684.46519918379 8845.68815601303 8320.32551871737 9439.93674145996 3139.52703250644 9472.90965181928 7057.93471265128 8165.39566431493 4388.3946553156 6622.82284807916 2177.02629008267 5563.48997169519 4341.90712520305 2556.39628804443 7249.89797530339 5212.03813068339 8075.61844156566 7097.20019082194 7350.66742531698 6229.71854190244 6684.33056350984 4928.10512617292 5872.0873377208 6827.69017087416 8405.34897437102 3362.7288323028 5299.43922896545 7012.12426382026 4418.49674157854 2999.03860659734 1882.80955831476 823.06350173136 6232.038507651 6970.19169993941 5215.30237166521 1641.76212167338 4709.50004812858 2340.98893810198 4565.64739120422 3430.3918952623 8843.23187310651 5572.292860785 2008.50820849017 1511.13243837424 1889.08109231507 5667.30125166055 5947.77212542095 6988.9405933258 4289.80500710292 3329.49465530465 2872.89358631481
5986.5399557874 9705.8111310603 9276.17834376158 7620.90549564232 6785.59333410733 6452.41221229095 13341.9103222715 6259.43345825441 8834.91073340669 0.0 9590.86962267527 9752.93598914519 4092.13149225047 3826.55786153965 10497.3489595226 6083.64683165693 6897.76644604096 7564.90499792048 6117.47648619762 10728.88844678 5250.46500283629 11704.0227824577 6671.72262193524 9877.48608474214 10180.2216477381 11699.0030633432 7716.01443070028 11611.6410187033 11495.9786291254 8152.89991234764 11664.6104163733 4098.72608919658 8659.23526389186 3111.69150242778 8671.25440753765 6208.27997007873 6781.1919325023 7106.63649202145 9267.26767271467 6933.13478706077 12416.9630588055 8451.30410844672 7796.71763765124 7109.63032469503 4293.56344649218 6962.01460866973 12168.5995611944 12724.1871704909 8758.82828500237 863.330941563124 5693.57586143082 10345.3019479342 4743.99305497477 6142.86213761339 3632.71560450816 9935.56753927973 4369.24206941545 3763.8730853105 5135.96995632692 5948.2687269163 13168.9213737074 2805.03135110594 8850.36879950067 5663.40674970645 11778.3947137771 11029.2095358864 4968.71909799833 6767.05145273011 7002.1931691732 7117.12341462654 9426.42871805187 813.005025910922 4751.29401706748 3024.03981376122 2805.66355001178 5744.88516690317 1580.90721539407 2487.81900607775 12524.5134320479 12869.8895757295 8822.34267324801 6900.51882933159 3301.36208748902 8865.40195160896 7876.60964198388 5504.571600339 5338.36310508318 5064.83142642841 2220.68220223849 5821.67718367503 8049.96312320435 12331.0901399941 4548.98404271667 5432.84912689534 2120.52969368573 1342.63823903413 7985.97883404825 6556.78304187444 1842.82856134586 6561.01088608652 9316.99969432137 8682.54901417578 9473.6197362545 2730.30682922928 2237.77799016627 9686.19165279436 9858.86293750221 6548.19394035662 10527.1621488112 4291.36524736052 5519.69421765401 2237.10602729337 7735.58381572318 7177.42061496421 7357.92646950097 9044.45152635037 6082.01470258009 4088.26885549225 2034.64218083465 5550.31172008915 6021.99633648014 5986.5399557874
3948.69415623229 5883.14307513962 8870.64161844954 3253.7339299184 8751.84857346239 6180.89523205918 4048.62316812562 3485.06334759145 1668.26630911461 9590.86962267527 0.0 3243.11763005186 10680.6668841153 5764.56826950882 4726.96853542016 7588.87590415995 9045.22964708429 4462.53694076432 3851.44436567503 5470.83018795842 6582.37853781154 7437.05527524512 7250.12273953037 2574.18743811217 4799.45227777695 8320.30502959154 3401.60946430604 3792.17141808947 2374.39820293945 2308.28826339997 2190.2771628611 10123.4080234299 7451.09536941595 7136.99849241203 5794.45770496822 4254.70320834605 8016.38708660429 4404.32785805711 8582.29392262044 2659.93227907251 3939.00392899644 2292.96974352109 5740.78079816782 6710.45826308251 6461.86164431875 3888.81055654879 3250.50105076546 10226.6955114856 3953.95761709838 10446.451198539 8240.69884539354 8693.61523116006 5001.29257299281 6999.00889976444 8050.39872455605 3806.68115762107 5774.78488711484 5874.09084243772 4505.29361993665 6153.44562223767 3595.68478570702 11525.3526224718 762.587177502495 5135.46310917983 7911.04300007621 2649.79219068397 5396.28758539195 3299.58036940908 2625.34235550497 4010.23875065048 7529.81046779141 9309.64438187264 8742.56687831322 9522.09290492755 10579.0947844323 3895.89487996619 9985.42895932144 8127.91082669504 9681.04213932299 3279.02113377743 8291.08761762078 3571.42867808305 6297.10199136263 3149.44277513054 2021.46510698714 8742.62707487983 5149.85279990271 9514.19155942361 7626.09761809532 8870.61542475928 7890.74874897604 8085.20047254825 5254.2948171442 5684.42282238291 7491.70064875699 9367.15492177223 5029.15601261281 4825.87367094159 7844.73873197137 4053.71234982929 1591.00996249422 1028.79675504914 1007.10006296863 7181.26237589829 7964.57706482803 6839.8444122579 356.126610722528 4303.25702362319 938.35699474526 5508.17523325491 4575.62138218316 9931.90443119134 7228.648169589 3485.73202621716 2457.0320636082 3489.12633709033 7216.32868228132 7228.60209096757 7618.79615098259 4387.47611254299 4706.64496236298 3948.69415623229
3882.20399819909 2744.81790013509 6020.49517899652 2150.27230814861 6608.1388507431 8463.81676158765 4261.11047335917 5036.8353918917 1862.15488225768 9752.93598914519 3243.11763005186 0.0 9523.82919987734 6287.44217339767 1511.36997683952 5709.77535269171 11279.9993894944 7095.97637097444 5574.5257781178 2239.31755106451 5236.44904163594 4200.18182685494 9565.78049722336 726.082439905198 1556.45961295836 5080.29101714998 6040.98864731955 1888.18584073334 2751.68681938253 1985.50632375203 3447.82497460747 8919.56944564578 4666.34245246866 6748.96275996113 2967.43139062207 6239.69226174416 5862.60274340731 2793.85451436271 5711.37855915698 4017.29193593563 2821.15303687972 5166.73504664036 3293.82398060052 9170.19445908803 5690.08666685684 6226.41766319004 2933.58782836261 6991.74930252338 1286.83726444658 10527.5591347313 10231.9709922593 5612.20046057228 6107.45764311209 5152.10042007709 7105.97934197472 565.267551049458 7080.04695477927 6595.7899467615 5525.52391478415 8267.51325595621 4848.94245482336 10971.3914670092 3413.96970530147 7027.48913335227 4668.49460632239 1779.878339222 4808.75909981305 3151.61912419246 4220.79711835952 2665.85613774901 4547.04876177637 9740.66871364823 10435.1020402429 8664.18984484119 9846.73690229139 4429.90189298957 10614.3067880795 7657.29034264112 6441.26115263929 4880.02687534398 5510.20546983493 2878.08331870579 6645.15996971379 6181.79163795091 4413.51489309124 7033.77984789935 6862.43528978027 7963.66707396513 8293.39989582153 7052.28622020669 5309.99205434356 4861.49469569605 6377.67399844875 7558.11758390183 7911.30360559025 9094.8048008795 2590.58927341972 7093.84442964409 7912.24327525205 6201.95879882045 4759.63374155714 3718.45772654136 2237.84665049244 7035.12144512967 7676.56076807633 3756.56733498706 3052.44057723245 6497.28644614813 3540.99794057658 5501.15591136118 4248.14002016889 9344.20692498252 4737.77913578796 2589.55108454729 3003.58180882303 783.63044118349 5370.30205058076 6274.93234681428 8098.27182928252 5904.2329096226 3769.36557089349 3882.20399819909
6745.43343481021 8326.91427314951 6545.40317047084 7761.82745350593 3965.97452393967 9731.88101902279 13692.4496457667 8131.44744516806 9383.24455805424 4092.13149225047 10680.6668841153 9523.82919987734 0.0 5813.90952860332 9675.18812029993 4067.14480228559 10801.7292955268 10284.3797012378 8263.55170673603 9613.86608215341 4302.05891403756 9910.08100741195 10238.1812658902 9930.35725436779 9301.07024142928 9545.08597602983 10042.4994973355 11369.0135659928 11942.0771984833 8610.61743094308 12367.3912237183 607.213120200494 6522.29918985795 3809.91235585306 7324.1228945578 8675.89326296264 4387.40403912284 6774.40133353096 6659.83666314809 8332.39463403979 12342.5672173844 10388.638558129 6551.15181403895 10522.0901143383 4221.04626114693 9406.60939114874 12383.620552729 10039.9168927725 8272.06618085989 4003.85109734316 9517.92142864518 7824.00433170209 6993.09285399211 4504.65509926592 2634.23873742275 9469.70638320545 7172.03301108828 6065.00445866601 7069.94551778672 9211.51429549543 13932.0034008721 2357.70008675305 10071.5549385136 8478.77950366946 9804.04313330889 11181.2918803715 5286.52930906346 7388.18805986456 8527.80378832408 7020.2763365083 7297.2658553396 4869.47543027077 8698.61416663183 1380.93342534009 1393.02275198296 7001.11601979299 5639.89761259262 2973.41346727329 10001.4116321 13768.8086090072 6304.03244096984 7207.72235316299 5291.64472028131 11123.6111519494 9542.32130126525 2809.12137113474 8080.88311266208 1863.90256614679 5506.80921895133 2987.65259491796 5684.95013263243 10392.9990503227 6940.81497367189 8473.4097772772 4957.94634346315 2840.25121595596 7081.14586835651 9359.44963072518 4095.99595858658 9009.02313127307 11011.0829194014 10035.7968753921 10180.414765908 4067.8165539879 3366.75655919547 7882.78586437373 10839.5286498629 9118.912387342 11574.4114475021 5416.83164379163 6112.25333276142 1857.18980496639 5713.85821811664 7383.62183187559 8224.20081066992 8740.2029872971 4315.78196401065 3453.47889906926 5063.01928292306 7817.1981152567 6053.80595229063 6745.43343481021
2406.67937560857 6982.77605175842 7847.55596804794 4151.10034987084 6048.78585706854 4234.00413626357 9570.53919777939 2506.37953995578 5105.52847101606 3826.55786153965 5764.56826950882 6287.44217339767 5813.90952860332 0.0 7308.47359875114 4847.27811652847 6225.44359694241 4477.62991530923 2502.84400109841 7710.04504820892 3469.13944872423 9102.34480803659 5032.14760397428 6277.30140112088 7053.42539060706 9401.59791616181 4262.83365253069 8059.71370735034 7728.59320113292 4487.12784788992 7854.3167248093 5404.52844108351 6752.94183131845 2048.93570936094 6073.44159205826 2862.02850504222 5621.79951580045 4030.86293306624 7711.29824230282 3106.65513934251 8775.84440815284 4779.42369401086 5286.7115982143 5093.96173393275 2417.8034194709 3597.82987309423 8444.54597042491 10847.67432141 5526.22469011943 4683.84956243517 4917.94637995591 8542.82476261058 1179.20622918711 4524.93423997095 3454.77084539304 6581.56492875675 1615.66735518408 439.379568602994 1364.75231050622 3750.07843248184 9346.81283145855 5985.07433155663 5024.20406386669 2751.98155720102 9318.56553851057 7349.86214630227 2129.59037969881 3147.82793711833 3183.93384518245 3871.44374439478 7378.477912969 3587.1463903063 4659.35242084408 4451.83237586394 5245.37113054736 1966.96008343096 4372.5635655962 2854.30810076096 10501.1228127211 9043.53904434016 7255.11051710781 3433.35521492371 572.225026715189 5379.62937853597 4098.37096583106 5195.22974693785 2346.81651896207 5459.88243331332 2011.80031494297 5483.64140665142 6493.89337861694 9796.46199642143 1151.65462705527 2895.2775689358 1737.94958592174 3758.13834026949 5162.73958378573 3587.17014471468 2138.66345307253 3197.17917727451 5569.74387219463 4862.59911410559 5688.54928808329 1753.65748845112 2521.44215964069 7310.33592075214 6035.72895777235 3306.69874051856 6700.62760736443 1088.88273894541 2171.71488096325 4523.31371685666 5928.8091761923 3728.52722731741 3599.12537682943 5673.88685117901 4611.64555043311 3005.25683430791 1886.73086934808 2012.65914355372 2956.67091071269 2406.67937560857
4935.48637223904 1733.44410026024 5143.06877081187 3222.10382871706 6299.89021702272 9867.6612516709 4834.14991932332 6389.10476650765 3363.8955499036 10497.3489595226 4726.96853542016 1511.36997683952 9675.18812029993 7308.47359875114 0.0 5653.50414207893 12646.5288461536 8570.79982234561 6935.08163045997 750.296675039002 5553.50922693453 2714.7136673482 10964.7071329332 2154.46583010261 380.028102700804 3656.00078878722 7525.9029925556 2099.25393480431 3760.14914563044 3367.30568018811 4548.24973762389 9069.19336292919 3949.15631041191 7402.88935508397 2450.78968211558 7627.08758498161 5600.02899355431 3396.23597832798 4827.35347190132 5398.27948894946 3107.68175576435 6674.83237540964 3129.40864849034 10600.7845938042 6254.44325318457 7671.37722580638 3599.6033644712 5575.70180208263 1783.79239488871 11217.4775868683 11550.1737114889 4478.89529072303 7306.84641854657 5172.38088290255 7480.85120178018 955.801948372375 8290.83050760067 7662.12740442108 6734.23256881109 9639.89081766953 5733.88604698523 11374.1476506328 4925.31088811655 8377.21661682701 3204.41011902686 2732.8509788705 5545.79021567017 4299.38220968441 5625.24831626155 3454.01148699648 3601.7185734448 10587.9781982873 11672.8489011138 9001.31329535706 10199.6420577918 5596.07006024527 11511.2077037748 8222.7673499249 5009.93379138625 5877.09530338063 4732.7239593574 3898.27660120666 7587.60121708554 7692.85598433779 5900.58550900837 6988.94049051652 8178.16425446571 7962.86101802388 9270.25711015064 6937.40149326852 4741.48617195219 3358.97645989694 7568.83709750213 8891.896057019 8817.46407843695 9683.13322248088 2629.09782126605 8513.56810181801 8687.99560847011 7618.28762070197 6264.22999904301 5229.26843146225 3729.58752093223 7771.44379726955 8319.8827579469 2725.81254951847 4509.97018525624 7915.0009727224 4923.80216544474 6397.43315792355 5159.37296750363 9782.80854637449 4305.33815607422 3605.7567064701 4350.93221286289 1719.57058541861 5368.33121102121 6702.84238379212 9017.98915292396 7210.18035362373 4500.71660076477 4935.48637223904
4134.76979000783 4259.98312046079 3230.88825146262 4358.32983124597 1280.61327636294 9008.98944178748 9966.62649520133 6159.10030702266 6037.97189009289 6083.64683165693 7588.87590415995 5709.77535269171 4067.14480228559 4847.27811652847 5653.50414207893 0.0 11040.8980547829 8780.60567631057 6532.87724818622 5551.43251546584 1402.84627674466 5933.62543366359 9869.88224345337 6229.74280849561 5275.16497096676 5726.06149372785 8148.15329311781 7470.21735533491 8334.40402645584 5301.83611673266 8885.14853706936 3470.8739941167 2635.60947045531 3350.39631142693 3261.62685149041 7184.63237004495 784.844061237502 3217.38545793596 3192.69653599961 5860.93812380153 8477.11943255666 8057.08050429788 2528.09675509203 9876.84708689661 2445.16453295629 7743.87184805856 8639.2646289056 6640.54060107238 4423.4985728539 6554.51024964139 9715.65697610914 4262.87448496456 5753.15511063152 591.93256271877 2458.30557654708 5559.41304645509 6454.40769819363 5275.97792506709 5482.10695172467 8553.24354002189 10412.8215545823 6029.19077931841 7151.61196384413 7417.17181936485 5896.37772733329 7458.65984120234 2970.33631707561 4453.4893804371 6130.09750097244 3585.91991463099 3424.64419954592 6525.25066518163 9290.77138108265 3670.24991010455 4821.79855523239 4771.54792372431 7518.27564492039 3609.15384696802 6452.04703745605 10337.2561444693 2741.99088902891 4052.36857412406 4650.05919714612 9011.6957342082 7083.82374694614 1340.19727523955 7032.79812684381 2309.39170080269 5980.2725796965 1345.18490615102 1966.31758583689 6477.29750656192 5867.31045412024 7678.11864357003 5328.90064925882 4889.51922400601 3142.34781281253 8103.46394281715 4706.13132918751 7426.32319450464 8379.7233350329 7229.65422300825 6860.25748224176 3902.11053476301 3945.27431241642 3877.16269880843 7651.23199354244 7647.21987726426 8371.70159245905 3840.78572367157 3603.69003550094 4598.26076057135 1734.64276100346 4104.69037707439 5305.87887324222 4943.3226590597 372.555913507084 2122.24309526124 5537.49343152536 6329.39725830362 3029.52362014697 4134.76979000783
7994.63030176557 12812.184443492 14069.965771906 9497.24013385572 12189.8177603748 2872.39271826016 12970.4978191494 6257.85167256758 9528.4634101778 6897.76644604096 9045.22964708429 11279.9993894944 10801.7292955268 6225.44359694241 12646.5288461536 11040.8980547829 0.0 4647.55546635819 5713.09196569577 13222.66564467 9685.77650232089 14903.7193222424 1797.65645472996 10939.3234443186 12496.2398416794 15375.4628608706 5658.59784882713 12611.1924522005 11417.6396902669 9302.62411159232 11099.9188249444 10635.3877483963 12933.3898601732 7854.13629840127 12039.3425944215 5042.02217957967 11822.841078722 9866.55222687949 13926.1486897525 7263.96667016629 12953.9201812197 6805.77561132423 11343.3874320292 2412.6562924966 8595.79123075076 5183.83736681076 12295.7128100128 16957.4731367515 11003.0677168129 7413.97011617709 1335.01932819836 14710.7062657437 5592.66278971842 10747.5079834683 9211.6119824703 11745.8300131005 4689.07641257681 5787.49363927262 6089.1965160752 3012.48636907876 12121.0527888638 9659.65754934698 8393.87425686177 4270.36703435986 15204.9643431166 11567.9183584104 8315.84222035513 8440.19064070176 7062.10458780547 9572.57542927754 13510.5639870575 6086.33093791221 2149.53371428778 9505.8195119364 9652.74542202732 7216.62997284189 5691.16741750463 8156.67655383083 16566.6424169255 11648.2643101578 13472.6248272556 8935.87441248659 6393.81908507291 6299.08617999368 7108.2468879675 11181.7843788423 4499.39288353204 11184.2179255123 5376.84761159161 11495.6396775476 12716.920779843 15615.6099529042 5385.79831790649 3770.83701223186 6009.59211092453 7980.25118843389 11060.938326154 4253.45094423773 6852.87049227153 5113.90674121243 7742.77064824323 8065.80470288963 9639.66356784609 7331.84567893312 7705.34760399075 13323.7619243115 9401.24845386901 4827.86001388626 9706.04160217793 7297.0487190251 8102.02981841264 8991.64057409974 12138.8276668961 9195.52581637216 8298.78153637938 10930.292991498 10825.9248504913 9044.39951594801 5850.59712918598 5463.46335129577 8949.76862863427 7994.63030176557
4784.17253718498 9143.38383261852 11238.5368244779 5740.09544497861 10058.7067521077 1891.37927634352 8325.27696528165 2663.32692602018 5244.15842077845 7564.90499792048 4462.53694076432 7095.97637097444 10284.3797012378 4477.62991530923 8570.79982234561 8780.60567631057 4647.55546635819 0.0 2247.73700431271 9236.54520702164 7402.01239854452 11095.0761063418 2856.92830887307 6626.01267244945 8501.40358990293 11763.4220502384 1077.06020710511 8168.22660100462 6815.12082761061 5239.2746722049 6459.16311112622 9882.13037174719 9898.26334525836 6520.35665904731 8601.98421987879 1642.08707076704 9475.29486373798 6495.55881780866 11019.4223154065 3347.36301413249 8400.78797432256 2179.64152284577 8114.79430009571 2260.65786369623 6609.50988640178 1050.61872525252 7698.17832454261 13539.7506791953 7152.81503683218 8386.02399866835 4059.17870525364 11538.3375827373 3303.80855027107 8303.56420747424 7898.32138422185 7621.90405548669 3235.26696965537 4225.1635130786 3363.05595048657 2090.3787414244 7487.55213034724 10173.303733567 3881.0893963013 1905.2817479256 11481.4884081093 7067.95276513136 5819.31605330933 4861.03454821707 3070.6216692535 6104.37807161734 10290.7964322834 6966.44802487127 4834.12342821238 8913.4073309846 9610.10042516829 4044.13413327786 7259.79013942187 7313.48834091026 13066.8715601853 7023.93083177626 10612.0665228726 5406.76933927485 4993.21930081689 1718.229861369 2689.44563554734 9452.77577036433 2261.52482417477 9860.12066573245 5347.1828362225 9705.13969159368 9965.53458418995 11798.4249524279 3343.79553722074 2182.08745078745 5615.99290127935 7984.09730412038 7618.85247997191 1009.20030016578 6363.68013113149 1358.47070671648 3095.56428932039 3545.42537342286 5174.99178967165 6216.56491229097 6944.97590595751 9872.76347813833 4815.10772398918 1178.70692081236 5067.85811041235 5121.16450726266 5207.25194646519 8873.91779353715 9299.12585194212 5585.38994325545 4366.40415410479 6930.34466315081 8460.56697109472 7332.15044851423 5616.19704887035 2528.05685336656 5939.62558805648 4784.17253718498
2590.9757303552 7219.19883559836 9051.79484569597 3829.65145490314 7811.14213369301 2962.12549145017 7888.43056589736 547.688096850128 3882.25492511912 6117.47648619762 3851.44436567503 5574.5257781178 8263.55170673603 2502.84400109841 6935.08163045997 6532.87724818622 5713.09196569577 2247.73700431271 0.0 7524.73565961931 5156.20711975023 9265.73658050535 4044.15680169803 5278.78771926963 6794.04868126743 9828.7995131211 1779.23136349396 7012.30477021514 6130.95170874919 3592.1393697972 6041.61256984974 7816.27656185765 7743.52589638981 4454.61752692663 6561.839656058 734.611843189261 7229.64701473645 4397.35085031386 8845.4367715619 1559.3361062809 7492.77837262122 2333.98594652608 5993.34832594032 3756.69098042411 4399.93648019915 1219.17715395517 6959.90517339484 11529.9528388185 5324.67788068091 6978.52415310392 4667.13369337523 9432.97653243713 1386.07518563434 6058.12996757305 5770.61782483345 6033.13750634692 1946.31612752941 2396.44740508557 1195.67970866782 2704.87775680382 7396.28073322479 8466.87556028518 3095.52598569232 1453.55468785567 9603.79998523328 6054.98355720593 3573.79457709655 2820.84376153695 1391.65767574665 4038.68739399824 8189.88486185825 5690.19412339674 4984.98391669224 6921.98194120341 7747.99720750437 1818.86636714391 6249.95443185662 5336.38256080753 11088.0980179794 7021.57261211487 8426.40201251325 3354.22747282419 3069.58427411582 2878.02259258203 1877.00249860328 7229.77823869507 1340.17403590646 7683.6506662343 3972.68743417963 7474.51497803525 7757.38455956105 9977.78764450738 1568.88860150087 1992.14372948744 4010.71989546491 6237.84613413277 5567.99168959985 1700.32086528754 4598.98941180205 898.766627029794 3223.23077083914 2831.56239610446 4152.74201083444 4241.75743167299 5021.80356308899 7851.27519475174 4184.14068046759 1150.21340177017 4723.8777329561 2935.01809459898 2968.27954152212 7025.99239890831 7099.68110855675 3580.20771978372 2585.71077866842 5221.52071448215 6213.42659642779 5146.10002249772 4082.8514373951 575.975664295824 3728.83527172951 2590.9757303552
