CustNum 100 StaNum 20
0.0 6691.04696305246 5713.87488301458 1588.49306255022 6788.88437243743 5251.0222561903 6154.92766853465 7360.65457462631 2977.22336361906 1906.92030942523 5549.31717134603 4054.40037517112 3256.05372415947 6816.38805872795 3603.3558933804 4764.47790148843 4876.93912110308 2147.88814376527 2865.25103200532 1037.76983189623 3477.90979876784 2733.72538261715 3664.49102794546 4134.76979000783 7188.62157491765 4360.94317982913 2590.9757303552 3326.47220312085 5535.99002513219 1736.74396543381 5672.90249240089 4281.83180774668 4077.38564727302 7629.6200303161 5573.66793557729 5677.13877217242 4283.65040275468 5447.73148092218 6858.47520352823 6187.25070769429 4250.36444878675 6862.12872125404 6745.43343481021 3557.40864317134 6132.47203097707 1597.27400224053 5408.01702716238 3910.15932890932 7215.56658057247 4044.80935181771 4216.07107929645 6643.77219287893 7247.61430850904 1874.33434919652 3314.12262086592 6200.16522753427 8592.69171476735 6186.75257218634 7132.94609820968 1745.64095571257 796.328913486662 6743.23509539715 1998.36277420735 3166.46446487273 3408.19736785059 6463.81912008388 6473.71687149904 3594.54449066281 7388.70263202966 3068.88767862987 6254.81747343177 5196.39740276289 1462.90754141659 6050.14273251358 4527.15434158156 5042.75252951281 2121.56844490852 5153.87819456267 7190.80516037877 6019.82655185602 6284.90704145618 5986.5399557874 3227.77990906402 4915.651258966 3063.75389488283 5388.42148169241 6934.41996145416 3520.19752647815 4935.48637223904 4411.26533248329 2876.59288940596 5392.07067063899 3820.65254429178 2872.89358631481 5711.78609097662 6792.55748764602 6439.14495817001 3421.94852966743 7207.71595003041 5488.00036989277 4131.83653421959 3306.02108852068 2346.52137145167 5344.76772660508 4877.0920438249 2170.53182154152 3432.90195966844 1698.63395745331 634.599609216784 6015.61024562341 4862.06436145712 1498.75554746141 3740.75056467876 797.33227384993 4516.85083721234 3785.1227714027 3207.57031378248 3273.39474384322 3581.03029391578 3359.18068251518 4103.4787959502 0.0
6691.04696305246 0.0 12357.1533828402 5119.5788054491 13379.7712645026 6180.53268623424 984.216641054513 8660.11725342546 8504.1707925994 8596.99032941389 8628.22822850023 2671.87380724547 6372.43724491726 13266.0033898292 5037.26645454979 4784.4298250328 10432.5753800818 4917.62198934969 5896.13444413499 5781.21526504728 9931.35330007479 9160.98590070972 6959.24492923646 5250.10762484853 9168.45805561516 9117.16499006713 9127.0002589231 7726.67700644266 10056.469196447 7725.17523336763 7063.49050870988 10809.0624795401 7051.54369433386 11265.762643302 8919.96887487087 4945.5043751824 9946.11438188166 12078.9141855162 1872.3188888455 6494.85876674971 10934.1311533623 9924.95545512065 9166.69128993081 4029.56325711752 12347.8595585573 8191.18650924428 5246.22386784926 5124.95956640591 646.329968104204 10078.8349541896 8667.82948999849 10059.8828629901 13936.7885859356 4820.58372350572 9858.53183638618 8605.80485999633 2041.88617708194 12646.8995786873 8850.84959187219 5328.5726735793 7472.85761167984 12432.4972729001 7993.59093418629 3922.04824202578 9623.72807315295 3042.40800116558 13136.3335347353 8779.03049644396 7609.76156947113 3628.25796490142 2783.96941984939 10696.2305964287 6654.40145718265 8531.20648418468 6959.53999417883 5751.58864841398 8589.62640600206 2648.2314649789 11281.8102703837 10668.7448895614 12883.5795160291 11142.3639066113 8105.27376054972 9449.74019619207 9743.83225945266 2304.18799169991 843.57244736803 10202.4330961413 3033.67015346932 10475.8327048035 9033.80298597543 11868.3274171257 10479.9672942758 6123.77715033033 7305.39835975071 13472.6412063085 5840.36302511409 3472.86609115495 1155.10576459224 9524.91464334879 9183.40406438783 7998.13630158838 4510.96757155051 1465.81818381327 11147.3466693737 8381.25888028208 9808.03166884223 7678.68250335236 6636.83753089352 9845.12129927394 7934.71093636473 6692.17303110913 10222.3724481394 6822.39159621457 3515.89120243182 5140.01251916942 8789.28220678598 4242.20554073447 6643.17522792654 8597.95326103943 8911.10648255898 6691.04696305246
5713.87488301458 12357.1533828402 0.0 7300.93175344607 1155.04295827464 8929.66876849537 11865.47173448 11011.8444583843 5573.69433772736 3834.78989908753 8688.72175976962 9688.74639406952 7037.69781794986 1675.94929597841 8216.43867019392 9274.07412173641 5499.72872630501 7508.70509210509 7150.12114664138 6715.62457564738 3564.05062907659 3278.60262686884 6862.83677130832 8490.50220395765 8970.17521076506 6606.75553891536 3830.26941400064 6862.85815071419 5592.85591697587 5352.96925288203 9909.22452402812 2964.09611899119 8189.07095020117 7475.57254324896 7030.79273766425 10828.8150461277 3767.82830391295 2101.74358117643 12254.9357736325 10773.358147106 1914.04192427563 9373.02565939893 8362.04753092826 8738.44353723994 2222.44923212455 4166.56179760721 9627.38149135103 9073.45514813745 12905.8101436649 4514.40043842636 5622.54199691521 7299.25079721789 2038.02373884304 7550.73462144878 3340.47538528931 8151.46636752767 14177.7451695416 1296.9850186384 10589.0141905671 7346.28213088503 4982.56157249926 3816.89170833055 5216.98268887787 8839.69432758683 3107.80117359598 11558.7662529569 2012.42349793825 4763.15915992543 11641.5370180364 8733.39293826895 11427.4351339454 3947.74998906376 5839.20291772249 9408.65019346424 7654.11276580026 9885.21847660991 4322.73395969683 10467.1950290646 6694.71559578548 5503.6765010315 2534.43554720077 4670.7949978456 5288.15023032617 7003.58230061532 2893.15373444612 11074.4468082832 12643.1210032375 2490.20317520215 10561.4827729381 2866.55859778244 4557.24978781053 3063.59261443869 2459.79301066461 7695.15473389438 8638.02614507463 1231.65940718223 11322.5422742925 8946.375089799 12753.625097757 6222.74634436654 6194.14029751621 6567.17679233311 7867.23600194637 10955.8095361614 2123.84996390274 4106.47266937096 2762.31282864728 4803.86088016496 5721.68300649064 6603.37858756352 8400.66976921404 6304.98373667626 3352.14280683779 5544.27445641519 9646.29606755389 8286.02660230005 4333.68439590439 8847.18079603892 7979.46713282551 4768.23593803673 5171.99426635735 5713.87488301458
1588.49306255022 5119.5788054491 7300.93175344607 0.0 8368.73391952977 4890.68034699088 4566.43506996884 6940.19347040623 3836.73016223995 3491.76562729708 5550.11292525773 2523.21854996964 3300.24898877908 8364.51872450597 2994.39540487333 4013.55979738985 5851.20054098643 1273.6006724655 2732.54671038461 697.609870689265 4881.68487037184 4243.89929063318 3887.00366401683 3585.91991463099 7360.38844789503 4942.11053083129 4038.68739399824 3626.92684324356 6428.97682361376 2781.06572845112 5116.97744340932 5736.35209084203 3845.05398717924 8329.4362788423 6060.17514497066 4551.70465422593 5537.23215850589 6970.42509462648 5434.02147087694 5385.09496718097 5815.08900293172 6957.03545162456 7020.2763365083 2490.77713087259 7611.08240268486 3158.59153008923 4743.81106476365 2940.11442553915 5632.59862490823 5226.70797799414 4992.93521843642 7226.80014479605 8819.27083431953 425.086052095462 4773.29782200259 6427.31380256727 7053.65143385465 7735.36329092985 6817.64116771231 776.91085303056 2355.97726992326 8065.94074563485 3067.86940993358 1672.59886428308 4848.6964617081 5223.15979848104 8019.38035409809 4619.75368908249 6680.85931052415 1529.56193808748 4977.07582665628 6421.10354042856 2152.31484835335 5887.58079369466 4562.88775094492 4183.78932721583 3515.86404456147 3833.50200877227 8015.44433626758 6979.8585713045 7788.52572609919 7117.12341462654 4084.8481443808 5439.26191070026 4624.5610697225 3840.17708955801 5346.01794708229 5083.31840724896 3454.01148699648 5817.13143172007 4091.66073377692 6823.89164364813 5362.20584207964 2460.78639099406 5629.42621514481 8379.6051570965 5443.59485267648 2027.69161127903 5696.33676296496 6208.40150693259 4833.24678135423 3752.71109193873 1127.35345353919 3812.83940022948 6360.59480834326 3569.23619075153 4934.18814083848 2944.28170672635 1707.70743389045 6697.97797065721 4786.86786664183 1907.86652105973 5164.10176441677 1936.20922287608 3373.69228119182 3213.9471547576 4376.21550761259 1929.83350849178 3283.74373591075 4389.27519886445 5012.75946578909 1588.49306255022
6788.88437243743 13379.7712645026 1155.04295827464 8368.73391952977 0.0 9603.52231393995 12922.374836242 12135.361017642 6721.45288459537 4938.61654509518 9807.32459732421 10707.9160856118 7821.75354421524 916.431428978483 9066.24021338106 10075.1899157918 6541.80798780706 8492.71055702503 7997.74106903921 7805.09286948272 4700.67510449358 4229.29314927743 7573.40772278175 9290.77138108265 9304.79866302446 7717.85055890217 4984.98391669224 8013.53564847574 5864.27440095395 6503.12705160306 11058.7577583785 4049.49230431457 9341.74742817649 7510.4669412726 7431.34584644209 11979.1115930821 4267.76621035852 2993.66108942469 13188.4672526305 11927.195419582 3058.14979515189 10444.2070863648 8698.61416663183 9666.75692016703 2055.25928274981 5213.63403895216 10369.1829442662 10219.7051385903 13941.6220617827 5606.72746936387 6163.86136798998 7519.71420208922 1988.88499995413 8598.01454993613 4488.70883756869 8563.36329895103 15160.2380405274 1064.91267175259 11705.4970992309 8452.27824992053 6080.24378560707 3565.94597530742 6370.67608430291 9936.54445264025 3904.277532685 12428.0435185167 2494.40267450229 5397.9704491526 12786.6142218255 9768.89348384797 12315.0244054184 4201.0593127145 6786.9831974966 10530.1644430747 8300.06207770665 11039.7795059255 5474.39813757983 11396.3642440975 6717.66070713625 5655.81604413126 3163.96534468443 4751.29401706748 5991.19448084646 8095.24168030026 4042.7752089325 12169.102435197 13696.3756194705 3644.8239876758 11672.8489011138 3394.53357668342 5706.49372503751 3967.63497972079 3608.12001703746 8845.68815601303 9197.00489530367 1107.74519054786 12477.4826446686 9940.03166357302 13727.670979086 6560.46618387316 7307.16504839736 7715.42363240997 8873.03851431414 11960.2692995246 2587.06707169024 5037.69007446112 3626.73109876513 5745.34356716205 6748.07741688931 6871.41996856513 9538.60594706294 7444.2619935508 4476.91912500677 6557.66544370881 10548.9477305551 9116.15107602852 5051.93553291866 9963.34568924496 9134.50272362453 5446.90600832969 5715.85870631286 6788.88437243743
5251.0222561903 6180.53268623424 8929.66876849537 4890.68034699088 9603.52231393995 0.0 6446.61443562878 11753.8894842855 8227.89532248788 6348.16272090698 10434.1973661382 4506.21549657072 2103.82436902588 9122.61886347835 1923.88788516125 1417.02697546585 10096.4785949678 3618.67631472827 2386.2530445011 5307.33950388235 8347.56457510967 5880.39597527786 2077.261633797 1345.18490615102 3015.28203078797 9577.67996023255 7474.51497803525 8398.26811643344 4513.48456658242 6987.18932665802 9903.9210795078 8947.03546799386 8735.42502789193 5179.96369740054 2994.18789441589 8798.03854587806 5373.15535085338 9717.0285710152 4875.8969754124 9983.10748142872 8377.65699377551 11832.9204643207 2987.65259491796 2854.5603346793 7914.06814631601 5665.52630916787 1024.57443518173 7574.80487816651 6816.85116245772 9166.67145127882 3524.78328148578 4000.37797853061 10920.0780255204 4538.48888232883 8074.67593491628 2441.67401704738 7074.16592393155 8609.8854857752 11672.090958934 5667.03882792587 5801.41666688415 7359.66812570295 7242.97169449126 5765.57426234658 5831.1204132447 3639.56328462387 10489.1759909835 4205.56642680342 11310.6197199891 4476.69923397827 3717.04341222047 5758.00917782283 3924.85761363055 10775.9374327313 1316.00422887993 8803.62998748187 7158.80132203645 3540.07618425506 5338.0960509937 5085.33608667861 10577.5945470407 5821.67718367503 3641.52462596539 10119.5907594443 7441.85798956661 6778.44245541671 6932.24947780429 7789.79588900723 6937.40149326852 6213.08474460176 8027.49413311454 10027.7027593713 8188.76127589829 7350.66742531698 1124.8707408376 10160.6213253121 9809.44331854215 3835.20110575084 5773.69754680843 3813.28497919032 9373.81401898554 8453.84357541227 3891.76376856677 4923.70258469874 7019.82263288461 5125.52171230807 6209.0346467225 4609.14098773095 4666.18659729089 3966.1906093466 9675.03075019492 6529.94913585133 8542.1392808213 4622.39818305806 2769.11393374577 1700.87231065149 4595.98675145367 6287.68767313181 8173.72907667813 4168.86851889973 3945.52432635969 5251.0222561903
6154.92766853465 984.216641054513 11865.47173448 4566.43506996884 12922.374836242 6446.61443562878 0.0 7676.68009239554 7722.69682940816 8055.63253755372 7674.02772035922 2350.96008943295 6313.19628670813 12870.358043638 5054.36254603088 5029.58822834044 9610.15161224009 4597.73045834673 5784.38310160682 5185.84794611392 9255.04612145401 8741.69235053412 6933.60291972092 5367.69092750047 9461.6918384041 8248.53790099361 8485.11659081176 6873.09943226 10009.6154306419 7027.83296325335 6083.2187201823 10143.2123540274 6129.28554756182 11386.3560288234 9008.15599085371 3962.57759853896 9704.75700256992 11447.1146930764 2705.61372670156 5511.80014934676 10353.2542168251 8956.62529724855 9397.92853061632 3972.70411815235 12019.675018419 7709.21076342406 5591.32602478364 4198.38146767626 1170.60985916753 9322.05513538819 8580.997994989 10179.9856365034 13359.1515560384 4325.48375091737 9208.79586367752 8815.45220418468 2941.43129647361 12244.6988351815 7866.78869134965 4656.02433923078 6912.88797502297 12227.3692222843 7285.57784252925 3180.63726969628 9263.99126017128 3706.07051626234 12521.9973022312 8583.82352254834 6637.77209269836 3178.26835516063 3412.92545596286 10500.8369073909 6317.84520722393 7559.31853782628 7063.71201459063 4774.56605721987 7940.5723902855 2951.02192672293 11333.7335273981 10618.0351996183 12230.3139232914 11017.4648091023 7926.74817847008 8557.97461901562 9164.23764541357 1330.71064479263 782.257612592186 9622.8877028259 2072.46927400696 10163.7379553803 8316.83915974594 11177.2901650012 9876.45091669516 5274.74192221361 7560.21228728034 12943.7582935053 4867.68574948162 3222.61185827958 2122.58332222404 9534.91693257838 8337.32159264021 7157.25308087871 4148.49526004723 1524.78506519936 10793.6927046695 7995.92743245335 9411.34170170946 7308.31448617432 6184.91458639467 9897.17629336169 6992.55845057796 5978.34888724935 9549.56810952572 6388.3232563198 3685.03219056488 5193.18213971262 8529.67805908833 3423.8930814924 5744.19460652884 8386.89405113908 8780.24116317108 6154.92766853465
7360.65457462631 8660.11725342546 11011.8444583843 6940.19347040623 12135.361017642 11753.8894842855 7676.68009239554 0.0 5522.22761587935 8100.93061931487 2332.94932685028 7807.47458368303 10226.246017026 12621.4753323241 9830.01759126527 10658.0725274862 5826.58455324874 8173.29626938779 9670.51723927413 6731.44915849286 7452.09158434403 9468.24462379427 10783.0155092151 10412.8215545823 14294.6714326575 4428.78383995028 7396.28073322479 4354.08390392053 12877.9253671389 6250.52863927329 1854.02481362706 8102.29375452802 3287.39724093834 14990.1234268923 12873.6998114559 3715.01530657687 11396.2758527378 9355.93919660964 10212.7468817368 2165.93486061205 9103.76032174449 2305.48115182927 13932.0034008721 9016.04345737608 12493.2142365031 8407.15160236842 11409.119359851 4219.02981664617 8651.84809927063 6556.24079058972 11576.1538033001 13984.4679298311 11368.4706502907 7242.38091822231 7705.80297259588 13347.9516819817 10460.5007738892 12073.1333142359 511.721628153657 6179.20566400358 7437.86092490975 13578.9519068297 6220.49082955342 6087.73405897981 10249.3269991619 10803.5393062506 10341.3038996193 10920.7135735284 1377.35354029975 7393.00672844897 10489.4295120451 12296.5287669949 8735.92193741733 1606.2645032701 11501.0065743083 3089.24087327639 7067.40542489229 9492.22092415766 14539.7639264932 13330.4383277098 9710.87380185466 13168.9213737074 10588.4344756692 4128.59834358375 8367.38137443225 6390.88426427879 8117.64919005179 8644.9712149259 5733.88604698523 11221.7526275882 6523.75006658642 8522.1777269702 8573.05295020555 4555.18472736433 12562.0144567869 11505.1745013953 2912.12233608801 8117.02157179459 9792.01478712064 12847.3967198092 4834.25412604221 4576.60042439375 7862.89028977229 8431.72351519467 11364.492814257 9279.96310456736 10066.7340212023 9007.28731898673 7953.79188578117 13372.7727835511 2679.06047999881 5878.78285547475 7660.64026058628 8151.07959200631 9582.84787364557 10053.0173009105 10469.4637603899 5539.61333452746 3784.95809054091 10689.1388550663 11454.7354276547 7360.65457462631
2977.22336361906 8504.1707925994 5573.69433772736 3836.73016223995 6721.45288459537 8227.89532248788 7722.69682940816 5522.22761587935 0.0 2746.23657274815 3272.99818197444 6193.13826196711 6217.49016220386 7133.91198395476 6530.49495600484 7666.87549980255 2015.65492563519 4916.21619799564 5842.44023497117 3177.37627301977 2042.75772601057 4112.73687734017 6573.86552426146 7083.82374694614 10030.6675564472 1486.00777568818 1877.00249860328 1301.96380432182 7838.8194519814 1245.45945602453 4338.12833512858 2856.95966098146 2641.68703244474 10054.0716816665 8271.97795462464 5522.2520558407 6110.08581434565 4236.10617478296 9174.1799170253 5232.33902048761 3663.42078298286 4309.68558554251 9542.32130126525 6284.57139331298 6972.52105894359 3236.92337956132 8343.15680365994 3937.86148261596 8887.55911452929 1627.49166371358 6754.66086219183 9221.79361067546 6317.51342502816 4259.26089661837 2233.24627967015 9034.53168382916 10535.9989706602 6568.64229762606 5144.57012045381 3296.18197227094 2545.21695091367 8110.5243949408 1017.11801406252 4582.77409830509 4879.10364754567 9057.31333952253 5327.81374838239 5919.53842844929 6068.94575127175 5252.83718393468 8805.5917053199 6968.20925360388 4379.06152120256 3952.75721243095 7466.05170274698 4460.14301403411 1618.36634441953 7657.24494874015 9485.20604613096 8195.49015502294 4846.49986780349 7876.60964198388 5792.6039556283 2048.59191131882 2845.17028370757 6583.11241028369 8477.26337130185 3137.78179793578 5900.58550900837 5796.36571017184 1018.01752800461 3665.7505641954 3114.0191603772 2556.39628804443 8661.26465344649 6242.75721650194 5851.4426876852 5849.66800839726 9292.2242725421 7991.16858593087 1179.87496616344 994.095221286329 4934.7856260851 7416.81477423194 5864.03492128542 4150.09984762898 4636.58705454172 4139.91973221029 3579.00109045601 8527.9141484371 2856.91150494012 1934.67376447782 2305.04556515212 3664.82459571703 7200.18465284829 6724.58265668962 5381.38874132365 4300.9591659599 2534.4412410916 5712.08451295232 6511.7023401537 2977.22336361906
1906.92030942523 8596.99032941389 3834.78989908753 3491.76562729708 4938.61654509518 6348.16272090698 8055.63253755372 8100.93061931487 2746.23657274815 0.0 5959.66440383827 5952.0895367096 4244.91326177032 5060.85644011306 5047.1018416592 6209.82525044241 4059.37946588931 3909.49531711406 4084.73355587957 2883.76375301167 2012.28418337587 1377.54995742179 4398.84568745145 5482.10695172467 7606.17127623122 4209.12993551008 1195.67970866782 3749.56044592819 5122.62303957501 1863.37327764318 6652.6800991267 2621.64341689211 4912.88944921833 7348.74099481633 5733.19977985559 7169.23907058445 3365.33437904859 3621.25688409528 8692.85718486787 7369.04028200362 2364.68538779301 7055.44645763717 7069.94551778672 5270.231007416 4565.01789977052 686.93429191517 6749.17900091793 5381.78563937709 9122.24060229438 2974.47822120615 4154.32190673715 6585.206105449 5346.86563513152 3777.35576908929 1726.71848189869 6620.60487702038 10485.5283365933 4437.77717667408 7772.79013734756 3514.23014917652 1148.65293448804 5489.33049710893 1883.47813128317 5004.91550050905 2155.70092264859 8187.18761748358 4604.59324336736 3253.02516481641 8424.0123778253 4971.78720381615 8005.35030129886 4234.10361200617 2514.88989315276 6596.98843834031 5321.94296304806 6341.93118259448 1142.25171432536 6946.94893553017 6754.9190307546 5456.03927503045 4479.80597866107 5135.96995632692 3260.26109844302 4758.87597697783 1204.20522032945 7239.6578641411 8836.26914575065 1644.76526814806 6734.23256881109 3121.57686748282 2010.59123820439 3728.49409614294 1986.63790696393 4083.45286657176 6507.94474966684 4888.24606712451 7788.02916708487 5280.32975708531 9088.81557562764 5338.80873930975 3850.26592862472 3558.09362036133 4191.39446016474 7239.2132488636 3347.37517508732 1491.22234298858 1972.46487044238 1759.99266335112 2067.00320159509 5870.27217160582 5431.26241404321 2593.09817793819 2194.2480455472 1959.06797247502 6226.96910954343 5183.64470112528 2687.79852208561 5026.22016278948 4557.38552757895 3066.63866145472 3855.95950027117 1906.92030942523
5549.31717134603 8628.22822850023 8688.72175976962 5550.11292525773 9807.32459732421 10434.1973661382 7674.02772035922 2332.94932685028 3272.99818197444 5959.66440383827 0.0 7091.54046573543 8672.2850630602 10309.4735935435 8544.32729463519 9525.70353102723 3535.81053055649 6823.30268840368 8170.47274111695 5154.77311449411 5136.36738514551 7337.21317416857 9162.57492539329 9135.98041620196 12705.4047332418 2095.83972947497 5146.09574262277 2265.61437495709 10926.0469293949 4171.39596056896 1954.28413484711 5770.10835529345 1753.02335750639 13100.1602072219 11121.2854416996 4106.52262827482 9312.11231668728 7026.2876377195 9873.33989811755 2975.13754876767 6785.41948444788 1419.44925222762 12283.9397268091 7920.3170064115 10230.9853320012 6350.08364819499 10268.9868414758 3540.19908989075 8792.27969486072 4223.31997272422 9712.65945841394 12169.9894866712 9049.60932373944 5926.98789523855 5402.52944876678 11726.3934471356 10608.5144438492 9770.98467097471 1900.85572798047 4778.84185308501 5457.50786829998 11382.075756392 4085.79431082978 5237.03832085283 8114.05201500742 10188.7000688723 8022.36206142074 8970.33408733395 3229.4145450643 6424.98299687489 9889.09408396831 10192.4121351273 6999.25238749214 728.214952147222 9967.0353136573 3004.22821813432 4870.3807971062 8786.32834799098 12589.2046786364 11333.7659670956 7403.47134247813 11087.9375595489 8722.88895695943 1828.06297874893 6101.05080410638 6347.02945293068 8283.77716576152 6353.14585190987 5601.55844901259 9055.27745679779 4245.82948265724 6206.23669071087 6261.07081259403 3112.43738420903 11103.7094947302 9172.7410059072 3834.56830327279 7154.12763181282 9665.43473475826 10980.9222312974 2502.16191649917 2405.53527558293 6619.02806533473 8013.47697359261 9136.52172822056 7253.19292440043 7894.67158936705 7083.40102398655 6177.69196496356 11515.7664526374 774.579568963657 4060.08599432511 5336.59134153686 6343.70659851882 8655.71852149053 8764.05942911513 8475.22533813665 4717.08397095641 2304.50455429911 8746.88988740496 9535.99273403049 5549.31717134603
4054.40037517112 2671.87380724547 9688.74639406952 2523.21854996964 10707.9160856118 4506.21549657072 2350.96008943295 7807.47458368303 6193.13826196711 5952.0895367096 7091.54046573543 0.0 4007.99648592688 10601.1768520511 2841.35225143939 3150.79277585053 8193.25501455984 2266.98539854507 3457.22406348101 3213.14633011512 7401.81228980909 6490.15988218512 4642.51144314938 3261.62685149041 7472.61385190598 7063.93410196061 6561.839656058 5662.79384738556 7689.04062054217 5257.2987754821 5987.11592849524 8259.47406453361 5356.76422148864 9171.37602703357 6783.19883915097 4438.30445072636 7359.27306331091 9486.30458038884 2982.70866588253 5801.79852916382 8304.69506527555 8493.75600389769 7324.1228945578 1738.34988513656 9706.98427471848 5524.69171326212 3849.86531002221 3650.85872689004 3247.22395256495 7683.34563015778 6248.91631905339 7973.33138438242 11298.7337766922 2181.4813626275 7296.45083422343 6723.71816730054 4539.16253919198 9980.34659045301 7847.41672893171 2899.77056146905 4846.0045221935 9877.83505566209 5538.82555473274 1856.4167413295 6967.00844699942 3097.16868113244 10525.193507658 6232.89356376418 7107.0896361964 993.950958582085 2799.02181447093 8150.20304327581 4001.93767119071 7204.18445647265 4883.13354395784 4720.80718228264 6038.23053545482 1705.73535003968 9064.37921159739 8294.15748287522 10309.3925044649 8671.25440753765 5576.31718998726 7486.17186296538 7117.83475746987 2290.07898647972 3071.54631009022 7574.57994488228 2450.78968211558 7841.6485380246 6577.15953149651 9344.70703024667 7868.98596841023 4133.52183727515 5559.42461449789 10812.95782391 5465.82013844722 874.99805643379 3173.33915397683 7246.65978130152 7044.96794418358 5877.63922777316 1842.43409042029 1291.99804168464 8494.35208716727 5715.50444798466 7141.04185470048 5015.9645258105 3967.15317415854 7635.60572943521 6328.1730095505 4282.40698866731 7685.76905592175 4150.72646221052 1863.35731519793 3014.52865055747 6187.17256568155 2377.89411979848 4841.96224294324 6036.56738269666 6435.33945744806 4054.40037517112
3256.05372415947 6372.43724491726 7037.69781794986 3300.24898877908 7821.75354421524 2103.82436902588 6313.19628670813 10226.246017026 6217.49016220386 4244.91326177032 8672.2850630602 4007.99648592688 0.0 7456.43671988847 1373.91285863291 2254.24180212166 8033.53555895351 2175.0361756008 600.378347781403 3531.39358925295 6243.94656404052 3863.03343622086 646.368990323021 1471.22893966009 4069.22915695169 7616.9374328118 5372.93236859702 6527.53184812173 3698.61480987505 4972.060496879 8414.05823239382 6848.99399754115 7050.25542966355 5226.53823733423 2859.40179722496 7700.10509471922 3789.38307388325 7660.58913165934 5623.43288535077 8666.82998585872 6321.9618198482 10035.9228619329 3720.7330564555 2352.93479004577 6342.28980315027 3563.40516125518 2605.82455226416 6213.66340876584 7012.15533794023 7078.0325639599 2296.06806301515 4056.29559165011 8976.08076933174 3059.29255230752 5971.18883520307 3127.13091316643 7772.3947947096 6892.85818602181 10079.9001668144 4048.24096416967 3733.27944673778 6140.37720848811 5213.94545417549 4610.09193035378 3937.93620604531 4675.52425722747 8477.7440785069 2561.53904006033 9972.88466376241 3518.99656957936 4610.18545907969 4414.02245545739 1851.10795724514 9091.11881706577 1294.75182687833 7464.14217389107 5069.93735592168 3893.62392380682 5064.48762786485 4308.87579033005 8525.73317844568 4778.33219564055 1889.60820781864 8170.76741616747 5350.54403306655 6217.82572558601 6965.89005069078 5710.90472751184 6147.64798198874 4511.5246122658 5949.9034667234 7935.77689663911 6106.23896492936 5692.02598227357 2458.27733678522 8266.00533340433 8653.67082260636 3144.92561150411 6346.14410420018 3240.02540922505 7383.00370681039 6541.70340543926 2611.59407535728 4925.37156657685 5291.9306786982 3072.0743579688 4277.24548138212 2514.56306891811 2639.17221334208 3646.63561364158 7938.98753935461 4648.22183938618 6438.60548762018 2562.8535245133 2972.09560905007 1349.5358442822 2779.9005513793 5050.74113966983 6500.99904690724 2438.75231295496 2567.31105379636 3256.05372415947
6816.38805872795 13266.0033898292 1675.94929597841 8364.51872450597 916.431428978483 9122.61886347835 12870.358043638 12621.4753323241 7133.91198395476 5060.85644011306 10309.4735935435 10601.1768520511 7456.43671988847 0.0 8754.30825682867 9705.17289132349 7173.40557344066 8350.02372446678 7694.53275797428 7850.95121134845 5173.12440602995 4130.25301296066 7143.95850383739 8926.10862292089 8598.26733434418 8241.3447162545 5314.78751943285 8400.77530798434 5157.56087509457 6763.47140680186 11444.3774129053 4629.81717625567 9706.27339299349 6680.72408807312 6777.85188775438 12210.4446726104 3749.61846898941 3735.95010984525 12948.3038733137 12269.9824690626 3527.52480476556 11034.4642808325 7997.11820467426 9439.9618930788 1283.8266129533 5219.23441459523 9941.25289175236 10430.1324609248 13847.9646074709 6170.92238803969 5622.24164096235 6767.71392240824 2904.37942017192 8553.80209151152 4917.17910889419 7906.12522714696 14979.0656515307 629.661057053224 12210.0635560118 8531.35511453256 6166.21952101007 2685.0877599166 6666.05775171862 9982.84433737597 3653.80901384419 12115.3469000911 3370.04814644917 4945.36835858627 13194.9309307981 9695.07401705075 12023.4763442537 3523.73792400572 6617.01015792847 11023.815102698 7808.17335078938 11324.945913256 5758.53107873986 11159.2637609347 5888.75609166613 4891.8444210894 4013.92915487731 3969.53309994648 5581.71465604611 8655.16274185922 4338.17729184483 12199.2380733836 13634.7160563755 3998.11863483851 11747.5128045006 2946.47368331253 6117.19578460098 4710.17935149127 4049.00174820897 9091.63493768405 8631.21480389796 2020.81613238948 12771.3648091854 9799.19302023954 13539.2895271359 5880.51078447994 7827.54262680052 8120.04037685158 8758.75282476434 11823.8440476541 2170.64096678955 4885.67556994401 3461.31719283706 5587.35605744869 6690.3222914624 6149.49852472836 9984.12808787246 7637.3397412679 4983.45118392136 6482.63851725236 10284.789356092 8783.11793201351 4680.38438871704 10059.7231252264 9452.66024317751 5029.45250001579 5185.26828705678 6816.38805872795
3603.3558933804 5037.26645454979 8216.43867019392 2994.39540487333 9066.24021338106 1923.88788516125 5054.36254603088 9830.01759126527 6530.49495600484 5047.1018416592 8544.32729463519 2841.35225143939 1373.91285863291 8754.30825682867 0.0 1171.76437474681 8475.07332858937 1722.7304883827 1068.90212365226 3470.42752573886 6955.49311704314 4961.20814304176 1924.45639935555 591.93256271877 4702.38283305357 7808.13259404943 6058.12996757305 6568.44648473772 5020.52664571924 5316.89718125508 7980.30502455894 7661.07408351721 6830.72288531446 6343.75376266435 3958.74487533226 6936.19974473315 5139.82722592412 8618.23733952172 4254.83667159339 8076.03697534896 7297.83993960278 9951.14109874701 4504.65509926592 1103.91264124028 7675.03358529299 4409.94782480902 1812.66865635116 5656.38065790219 5681.11869350663 7637.09088551309 3655.62690317664 5141.06591941076 10091.4082838617 2625.74640920635 6727.58908904964 3899.81561327499 6398.48212498199 8174.73314968897 9749.99080741806 3766.45344401896 4271.72895118925 7514.15274438621 5590.06399672421 3868.61813812995 5162.00276520104 3364.29065575894 9512.28816596493 3917.25417454038 9402.53785998267 2608.93863685615 3271.00155939176 5786.51096919402 2536.15502729739 8866.07911602676 2041.78277908209 6890.56171673691 5662.72587878347 2520.30961956517 6280.97498116354 5632.90653656621 9485.63798973482 6142.86213761339 3237.75675125569 8335.04117170714 6228.0748208212 5122.77291092363 5668.47226239441 6632.30970267614 5172.38088290255 5822.42088103786 6471.97300758978 8773.2507999431 7008.05278143797 5446.07613211075 2822.11356937089 9432.12564299304 7935.97781243664 2046.5279601282 4972.98288922189 4495.71710377053 7638.50942189352 6651.9359391531 1968.17232509803 3611.53496376257 6583.74921109931 4135.10889498516 5462.70365530205 3476.93667898525 3101.77127953611 4843.5955632817 7779.84377853543 4730.48874960591 7186.02187121935 3130.22532128407 1598.21927270002 223.138058024951 4078.76698852572 4380.02078116884 6268.40939681713 3777.64011948772 3940.70319012538 3603.3558933804
4764.47790148843 4784.4298250328 9274.07412173641 4013.55979738985 10075.1899157918 1417.02697546585 5029.58822834044 10658.0725274862 7666.87549980255 6209.82525044241 9525.70353102723 3150.79277585053 2254.24180212166 9705.17289132349 1171.76437474681 0.0 9627.09734214248 2780.18228710036 2159.7613614764 4555.19347361414 8126.80080181233 6052.52737216747 2607.94650833622 784.844061237502 4432.22509272202 8909.30047506499 7229.64701473645 7633.25956316193 5548.06238770449 6465.50460440234 8804.47731488193 8827.16237512876 7787.76742592136 6503.82561452108 4207.08570391011 7530.33424888457 6007.21810095661 9763.03123490933 3610.46555649949 8791.65559997022 8436.24647944679 10941.8457203999 4387.40403912284 1642.12278324829 8571.79635103425 5564.60792493527 751.799653777609 6442.20264937379 5425.1411067981 8803.96014117782 4329.33754104853 5304.0525918721 11185.2433497981 3612.18554232014 7896.92120746972 3821.56108316524 5816.02323258531 9145.7002488129 10618.2920576135 4762.75085157237 5442.56983672373 8244.95770813847 6741.86021931333 4585.21597855911 6184.68114336124 2496.26480725682 10637.2270077284 4780.94605756594 10116.9456103359 3274.71004347012 2493.33026938328 6554.73716047929 3695.3338028124 9798.49846127786 2277.84656197023 7638.02870812316 6833.62304926806 2136.72683519337 6582.75100487074 6149.91820088883 10630.9278318128 6781.1919325023 4125.63003631694 9425.79847201854 7383.89902543221 5395.0337808349 5522.86253494075 7781.37275260324 5600.02899355431 6758.79741928815 7637.64135995392 9937.81450917745 8161.44493447413 6413.32890074206 2534.42294306899 10498.5436721623 8552.43433283111 2574.418058241 4458.28109410369 4918.80872071394 8756.99577012923 7737.76841277513 2909.68023172251 3506.87991432077 7543.88435728766 5235.40403883525 6511.84315328817 4601.73139088711 4272.89317197651 5164.38038013426 8754.03886606668 5829.4655814788 8356.17136095478 4301.43211258841 1356.43992701009 1027.32765276458 5033.23952975258 5127.00167854531 7227.39580023526 4677.92801026691 4685.56542470992 4764.47790148843
4876.93912110308 10432.5753800818 5499.72872630501 5851.20054098643 6541.80798780706 10096.4785949678 9610.15161224009 5826.58455324874 2015.65492563519 4059.37946588931 3535.81053055649 8193.25501455984 8033.53555895351 7173.40557344066 8475.07332858937 9627.09734214248 0.0 6903.85158646295 7716.06522937872 5185.89249032624 2305.05059559169 5243.63366824978 8316.57135176774 9011.6957342082 11650.7377672664 1589.89431181421 2878.02259258203 2771.2164502072 9094.19162089267 3162.22211831126 5240.7514723233 2555.49285442783 3885.16345554271 11320.1138346418 9792.40423189563 6941.58359141884 7190.05953071917 3608.34237541237 11175.929056234 6257.75917809919 3727.32756889565 3919.34866481776 11123.6111519494 8286.09019203668 7371.14268324065 4700.38189209649 10283.6070484725 5600.76200481746 10780.4549254364 1149.56809042376 8211.9654059321 10624.9362278068 5556.66413322361 6272.93184890794 2657.16859826742 10659.9285026524 12472.4722378146 6712.43168934291 5349.87314050415 5303.60661858981 4300.52539189436 8752.59156988719 2885.43406131075 6528.4867369322 5915.03763768242 11072.7945977779 4532.24616013192 7296.07416764892 6749.12248857057 7263.0413354767 10821.2082892705 7943.99513647026 6183.21744296908 4252.98848996321 9231.76579612383 5796.14933464139 3006.99447686418 9672.69986000332 10673.0436480493 9351.48278253475 3886.81406926925 8865.40195160896 7314.52145580433 1707.82807665608 3524.68540878067 8409.02660500918 10345.4087043696 3564.4295690706 7692.85598433779 6657.7383204924 2099.99194274823 2714.00985333621 3310.84384752543 4341.90712520305 10432.1115842857 5775.90532531573 7024.81993073997 7865.25947584083 11263.0326163088 9375.63725650165 1330.95055401169 2463.78456285502 6943.1386842035 9399.48725619428 6481.36961174861 5549.89916436961 5571.93952268898 5735.10552135614 5433.27553605708 9901.2318639816 3563.10367237795 3950.25434025951 2351.43778824143 5476.45308997033 9209.13155137139 8660.68503917633 6719.98377246321 6194.48892771229 4036.15773852881 7119.17044746317 7899.70644157729 4876.93912110308
2147.88814376527 4917.62198934969 7508.70509210509 1273.6006724655 8492.71055702503 3618.67631472827 4597.73045834673 8173.29626938779 4916.21619799564 3909.49531711406 6823.30268840368 2266.98539854507 2175.0361756008 8350.02372446678 1722.7304883827 2780.18228710036 6903.85158646295 0.0 1577.13188992855 1775.22650040502 5624.46839211147 4263.62163247622 2805.98092869025 2313.53576739255 6170.51433286172 6129.76628913799 4733.76672676605 4859.3884741872 5636.61638734863 3749.60685572647 6334.85916833233 6414.28032513346 5116.93152279881 7364.5918362502 5022.72879945664 5525.18227588162 5111.63144031337 7525.58906754194 4789.16537446431 6520.02176820967 6268.89604611758 8228.79758063434 5869.76653007722 1411.0196403475 7440.29057088313 3387.77091494785 3494.58898841012 4069.32860383857 5509.2557799344 6157.23535730978 4176.08819679601 6214.32241365406 9214.91171514987 930.915930177494 5449.73220763858 5267.62107183395 6670.95503831844 7732.74647053516 8069.25652366505 2048.82289439435 2918.24146137032 7643.15497153059 4033.6367762467 2439.09476013322 4706.24052514158 4318.04030384341 8511.61019688972 4023.87517879574 7835.70933072677 1480.34466555968 4115.74063505144 5927.43759336974 1737.3771385814 7157.41967923516 3374.40374376159 5319.48596122077 4269.06048425197 3038.06361539961 7135.4699260883 6223.19310170364 8377.63748598048 6505.77072419399 3394.19219314901 6645.71358197785 5111.21878831521 4224.96158276679 5334.9721683319 5554.06993803906 4048.93677621809 5574.77700531663 4991.15691631456 7528.56178927823 5889.23855103338 3732.06965301171 4390.12752955973 8667.2486243282 6480.75912220525 1450.15351893442 5244.93097385845 5302.5076854208 5984.50804395963 4957.91101008525 478.347726343342 3474.93790399386 6231.20265274069 3468.82755667305 4896.05354215667 2763.40971853659 1843.87902285154 5754.44297711482 6060.4652630401 3051.07292730498 5883.94226218566 1982.88928493169 2369.04404891403 1941.231249684 3933.88034797316 2876.7891260722 4555.11761885979 3815.59650211037 4294.30770049773 2147.88814376527
2865.25103200532 5896.13444413499 7150.12114664138 2732.54671038461 7997.74106903921 2386.2530445011 5784.38310160682 9670.51723927413 5842.44023497117 4084.73355587957 8170.47274111695 3457.22406348101 600.378347781403 7694.53275797428 1068.90212365226 2159.7613614764 7716.06522937872 1577.13188992855 0.0 3016.10620729722 6044.8726178803 3903.10783623697 1242.15539392831 1402.84627674466 4628.05501639016 7204.80221624875 5156.20711975023 6064.00270072316 4231.81796720447 4601.03695939641 7849.45411541817 6706.32343230292 6522.66410749955 5821.46920461605 3458.87465243301 7101.2601653251 4120.03060220522 7607.51894547449 5277.76874159067 8081.56495758639 6278.26340750588 9547.90279352582 4302.05891403756 1868.35379328439 6632.69084190163 3424.24382472034 2664.54447155317 5628.29995064187 6529.67249299017 6808.18839666234 2796.64230860695 4655.09326419809 9036.39338587705 2472.34434495508 5794.75820442288 3703.49782506237 7383.7457352826 7111.19570439096 9536.1809876221 3492.24511267247 3431.3400421289 6551.29251879998 4856.93774413814 4010.08894719472 4093.46353920639 4431.15901887573 8477.61994701914 2912.65789812264 9391.20587118766 2926.46924709596 4329.36894732124 4815.18257446715 1582.69683639588 8567.48272744353 1830.60463458153 6879.24248858086 4805.81470742594 3508.01683489304 5641.89467348399 4837.39264579182 8475.43616652511 5250.46500283629 2231.19073380815 7751.50488837762 5241.11628336913 5639.39846789343 6456.75253372773 5630.07989467322 5553.50922693453 4770.96259123556 5658.55248401758 7810.20097833187 6014.35363554862 5153.51153775772 2933.31368255176 8367.81701699201 8057.59283527795 2586.1635557809 5946.77035896807 3811.3912883577 6992.1898409086 6099.08541955415 2011.22460090421 4436.70347952635 5524.02675727992 3080.83189410398 4394.49929524209 2442.22692692367 2282.91024206871 4232.54985526471 7427.76633983604 4184.81741693555 6259.14145456146 2253.78091162123 2605.40544448642 1142.56452820883 3027.89411194165 4453.84216372479 5968.68851859807 2754.33343381959 3015.65952325621 2865.25103200532
