CustNum 100 StaNum 20
0.0 4964.38875132005 2147.88814376527 6934.41996145416 3028.43340525789 6862.12872125404 3594.54449066281 3733.63615340927 3217.55415050305 4131.83653421959 4048.25016302171 5488.00036989277 5808.46440596946 7212.32343923438 4054.40037517112 6788.88437243743 4152.1928083464 780.536351548103 5711.78609097662 8592.69171476735 6643.77219287893 7360.65457462631 1736.74396543381 4784.17253718498 5388.42148169241 7629.6200303161 3256.05372415947 7132.94609820968 4216.07107929645 3974.03686326636 4077.38564727302 6186.75257218634 3520.19752647815 3333.16201644405 3166.46446487273 5813.23582638385 6019.82655185602 5042.75252951281 4802.99909570295 7381.75515337995 7693.62335465937 1998.36277420735 5251.0222561903 5408.01702716238 4876.93912110308 4111.38097012414 4407.55391735549 2525.34558955225 5432.79091602009 4764.47790148843 3408.19736785059 4360.94317982913 4935.48637223904 3820.65254429178 1874.33434919652 5535.99002513219 3413.52508881659 2406.67937560857 3603.3558933804 6803.13057950672 2876.59288940596 1462.90754141659 1597.27400224053 2121.56844490852 2733.72538261715 5447.73148092218 6200.16522753427 4179.22879124342 5153.87819456267 9008.58397090136 7643.37787663319 5365.78178965579 1588.49306255022 3664.49102794546 5181.44042764917 7190.80516037877 6187.25070769429 3421.94852966743 4411.26533248329 6164.4526757075 5196.39740276289 6050.14273251358 5573.66793557729 5547.46050551194 6154.92766853465 2683.07667507907 4826.18709798854 5837.90952244492 4134.76979000783 2977.22336361906 3314.12262086592 2872.89358631481 3326.47220312085 5620.99747191087 4281.83180774668 6691.04696305246 6473.71687149904 5895.47039913907 796.328913486662 7247.61430850904 1037.76983189623 4862.06436145712 2170.53182154152 4516.85083721234 3740.75056467876 4135.17035118091 634.599609216784 4228.33242553 3480.7536302498 3359.18068251518 3581.03029391578 5300.6374763188 1498.75554746141 3207.57031378248 2346.52137145167 4877.0920438249 6015.61024562341 2598.5640311066 3306.02108852068 1332.02030658525 797.33227384993 0.0
4964.38875132005 0.0 4314.96578784309 8914.66953814856 2878.1814437365 11822.6473480765 2281.32147401959 7646.10214911866 8126.01333197349 8917.9187952669 3490.28459623527 1345.07153397998 10654.5963162899 2413.69137069546 6076.05895030959 7470.11701776377 2636.7741722641 5630.98405414742 1754.22775435246 9400.81455097165 1911.91656588457 12220.1540764758 6531.11618260723 8551.53821174439 8327.75229562729 3097.73627236082 2147.47583012228 12037.1000718165 1347.5091583161 4632.87266480012 8979.42388399182 6429.56375208185 6387.85958745469 7655.28310377238 6753.56952469457 9651.32221638867 2609.61349075967 9555.74230930875 9689.60822738922 8726.60546077784 2835.37218236814 6724.93663789427 2477.62953239441 3470.12665468161 9334.56007241103 874.514989750568 6032.72074332247 2451.74607009972 896.413108368295 3584.85113249967 4032.83472196746 9208.86255202447 8287.76306834315 6790.85402232486 5173.12163935632 2036.70866564724 5519.23109890466 4074.44175531046 3260.28528299699 3659.11658633382 7245.57862241631 3514.94441692659 4634.46710991272 6336.3146408862 4362.58827950202 8133.00767483319 1332.64335174137 7969.96277806758 5635.33850119864 9541.53243439322 9474.16548443325 6251.01425312477 5372.14198128212 1508.99931141977 4910.87137136978 3032.85629327802 10757.236801062 5236.24096681742 4112.59220349756 7219.71229708821 3398.5070043934 10992.5730615469 713.566168886099 10267.5823662013 8313.97093388807 5218.56091912189 7118.01832785641 5645.28313582825 3002.00028043035 7739.2507582439 6927.30372178411 7664.96945853519 8286.47563396957 6425.42590271103 7652.78448674258 8249.06661177202 8734.49986633568 3979.30939786173 5198.71528696944 9000.79818485037 5489.48854910164 9813.05474043858 3821.94165864907 4735.83704326994 7378.12392700829 9080.36665546218 4334.36943189868 3639.7460229012 5906.60632537205 2367.4901538295 8448.63864648741 6970.56563490827 6453.11083902275 2831.65706326417 4758.30060729873 4904.9065833621 1596.36699193632 6057.54682272363 8242.60760855366 5686.09894977708 4174.76754915676 4964.38875132005
2147.88814376527 4314.96578784309 0.0 5334.9721683319 1522.68848828939 8228.79758063434 4023.87517879574 5880.22792627891 4338.55838373504 5984.50804395963 5026.67603259215 5302.5076854208 6626.74873883156 6728.61837072743 2266.98539854507 8492.71055702503 4745.77214042931 2237.59719508222 4390.12752955973 6670.95503831844 6214.32241365406 8173.29626938779 3749.60685572647 6930.44296612932 4224.96158276679 7364.5918362502 2175.0361756008 8069.25652366505 4176.08819679601 1827.1467985319 5116.93152279881 7732.74647053516 5554.06993803906 3417.33192900216 2439.09476013322 5348.59019002278 6223.19310170364 5319.48596122077 5760.23674803938 5567.84341972344 7141.34126668109 4033.6367762467 3618.67631472827 3494.58898841012 6903.85158646295 3472.82273838324 6207.8352219601 2220.46458769525 4431.99792129661 2780.18228710036 4706.24052514158 6129.76628913799 4048.93677621809 5889.23855103338 930.915930177494 5636.61638734863 5246.38851618953 3837.18634020672 1722.7304883827 7193.25454249559 4991.15691631456 1737.3771385814 3387.77091494785 4269.06048425197 4263.62163247622 7525.58906754194 5267.62107183395 3656.84277228177 3038.06361539961 7035.86229303332 6011.18962068804 3326.85107178612 1273.6006724655 2805.98092869025 3036.3095225271 7135.4699260883 6520.02176820967 1450.15351893442 5574.77700531663 7934.17603988902 5927.43759336974 7157.41967923516 5022.72879945664 6125.48679002864 4597.73045834673 4544.81135450543 3249.00593129893 3692.81636555211 2313.53576739255 4916.21619799564 5449.73220763858 3732.06965301171 4859.3884741872 3580.43518224942 6414.28032513346 4917.62198934969 8511.61019688972 6680.14445687785 2918.24146137032 9214.91171514987 1775.22650040502 6060.4652630401 3468.82755667305 2369.04404891403 5883.94226218566 5338.29649101566 1843.87902285154 5239.79795023517 1839.87925651176 3815.59650211037 4555.11761885979 7175.38906786784 3051.07292730498 3933.88034797316 478.347726343342 6231.20265274069 5754.44297711482 4688.01662914729 4957.91101008525 1796.65565191165 1982.88928493169 2147.88814376527
6934.41996145416 8914.66953814856 5334.9721683319 0.0 6218.70774906998 9527.77963587169 9292.57448583953 10139.3184429309 6607.50567534872 9061.39462007885 10359.6567768776 10163.5630639591 7126.15125133171 11152.3226716298 3071.54631009022 13696.3756194705 10026.7867913363 6469.02902167477 8055.27518093335 2353.42547884175 10755.3110202492 8117.64919005179 7803.24961343119 11095.0761063418 1966.79755411318 11962.6778334458 6965.89005069078 8344.73481963995 9249.87806292251 4287.4021103817 6794.2785538209 13010.007149398 10405.1034285363 4773.93930507885 3955.17968699595 3609.27715314164 11274.6608484153 5329.50900622163 6947.87863301971 1088.0828361956 11437.7424316309 8059.09810096082 6932.24947780429 6024.12266940066 10345.4087043696 8255.0525648382 11333.7119615403 7445.23220897634 8596.0377168403 5522.86253494075 10019.2136635939 8958.03739615939 2714.7136673482 10658.5383404449 5098.36905509114 10663.9392817019 10341.5147163472 9102.34480803659 5668.47226239441 12305.3555658844 9087.95395475758 7064.02515287074 8484.24353100007 8720.84005332815 9508.17623274126 12227.8332631464 9339.48587182708 3634.91505439461 3393.00183167852 2936.79541087061 712.492314585811 2742.90624926117 5346.01794708229 7573.52303288847 4257.65642128058 11944.6559108701 5956.24910390841 3930.71452391774 10908.4708560492 13089.7662216735 11211.8035801716 8122.2914314761 9598.37787678563 6318.08322387274 782.257612592186 9611.92526595035 2121.5764295176 3799.35568979561 5933.62543366359 8477.26337130185 9988.63537821231 6004.20734856585 7595.38392197843 2642.26722392844 10921.2199382134 843.57244736803 13303.5387945786 11964.2845017361 7694.20118886376 14141.4077900914 5967.91693967237 7626.50138376048 8755.40712273296 4212.91280395341 10326.9610437521 7224.55993215274 6954.39043523935 10573.4108927476 3533.60404656378 9100.58902016125 6435.39262227087 12234.5120295191 6752.12724832969 9258.52598915024 4894.96974854257 11548.6467967019 10506.4802015807 9445.45903084046 7886.39474111612 5710.2126897188 7155.11536194494 6934.41996145416
3028.43340525789 2878.1814437365 1522.68848828939 6218.70774906998 0.0 9625.13769057568 3190.20743333292 6594.68016195445 5758.29869109036 7138.44549329498 4430.71277256748 3999.60669511102 8125.48856886298 5279.71584701506 3248.34908086833 8288.77827887129 3920.46016472163 3426.54315493134 2887.7457833636 7104.73323840497 4790.08086744809 9678.80240921709 4764.29897516507 7629.60824158885 5462.85800872627 5970.14959865976 759.755600873821 9559.47634265534 3031.83813571708 1997.24334241538 6567.59668821346 7402.53226430785 5891.55388912904 4939.95296430446 3920.18210501094 6788.69332426207 5060.04840230983 6842.02483672671 7233.17611906805 6206.64834665861 5670.47487787159 5026.43431162817 2239.85936631898 2429.10302131713 7898.10454292639 2094.6610270364 6204.9772375749 1422.80147818665 2914.91226895377 1890.33491793485 4384.51378908229 7338.25456083314 5409.92160985604 6272.88446062686 2445.76594231192 4451.2512719774 5343.92822151772 3751.43886606362 778.817891637708 6086.74963554039 5855.58324717266 1817.58476717265 3677.85637401974 5015.91195701211 4186.59397567958 7872.69649306046 3751.33257050793 5125.91748952253 3226.23880692963 7365.9647894192 6834.03547557124 3740.8539762822 2742.01085181036 1399.73072361404 2793.59775753688 5822.62825461583 8042.21803174175 2385.49219195329 5060.47663248817 7819.73446081928 5085.63253481664 8613.48539676309 3591.73911474247 7642.44077263161 5558.37699345243 4736.61990888438 4296.88434602686 3576.41283112437 1152.85693603966 5999.73416910389 6031.78807437354 5189.7799933527 6165.50030274164 3961.87674354535 6951.46790720524 5642.04977392572 8751.84360513434 5827.14767674966 3632.51229160348 9318.8601237582 3087.71391120547 7487.28026301446 3362.30839152115 2319.41351198099 6494.48554932467 6755.53132941768 2470.49588947513 4645.40597238614 3032.88404982438 3036.69610972526 6009.75646908625 7212.53441606055 4292.72654560153 3317.01337095338 1918.740978654 5814.93469600044 4401.40334749571 5177.17684307764 6215.2548408328 3193.21975975633 2462.55034801174 3028.43340525789
6862.12872125404 11822.6473480765 8228.79758063434 9527.77963587169 9625.13769057568 0.0 10178.6016915737 5598.95367114397 3891.55029988283 3290.11644376731 10064.770698207 12222.3434961519 2434.36319209703 14004.9694610901 8493.75600389769 10444.2070863648 10534.8899807747 6252.73858535531 12478.7108871182 11871.7573041181 13430.7368100415 2305.48115182927 5366.29738953515 5637.27876264524 7625.93768915293 14319.5348453813 10035.9228619329 1798.35398481918 10962.9550817566 9568.30376110096 3171.66226063917 10537.426233681 7196.57724154814 5326.67964723509 6642.73778075655 6022.6650418782 12495.8742543456 4198.43246805213 2696.52695356306 10532.8199734954 14499.4394827493 5235.12828072242 11832.9204643207 11683.9761314216 3919.34866481776 10973.4015901695 8603.97365970487 9387.15597147824 12281.1055144885 10941.8457203999 9184.43402389595 2889.49754885552 6891.41391390335 7037.49693866257 7338.91340828077 12119.9761436413 8025.27254510145 8401.50015758745 9951.14109874701 13048.5364145262 5181.48868460997 8322.69870457413 7514.92132551442 5925.79688818299 8421.59738863313 7527.66370914692 13059.9303357362 6127.56580697899 10192.6986049507 12447.2977156091 10083.876738274 9968.94536039937 6957.03545162456 10507.0326022914 10716.6118795206 13775.3914261787 3840.27556796316 8572.19968939166 10080.8552085576 9761.89733372812 11274.6438788609 1408.03896179697 12412.7413455428 3239.03725469696 8956.62529724855 7666.3628784719 8369.00783718636 11041.8708842943 10542.3106039701 4309.68558554251 6231.17067878174 4529.63497627844 3536.33720210274 10157.7131191867 6408.97710178974 9924.95545512065 8426.48912687124 11797.6965604497 6690.18660786587 9442.85107475991 6537.72075109926 2194.00375471701 8428.19656996814 10074.1181676279 6071.75834918862 2894.26170175406 7495.66708852294 10160.0059135156 8016.31673885217 9961.84260075733 3723.91576863446 8784.12663155158 5395.61425584438 9659.83309435615 8033.76324326008 10075.8547066449 12759.2364292467 6687.43934641253 3598.43944243014 6445.85186739255 7647.98759631694 6862.12872125404
3594.54449066281 2281.32147401959 4023.87517879574 9292.57448583953 3190.20743333292 10178.6016915737 0.0 5509.8167792889 6779.5973859293 7068.22609871492 1350.0120053328 2085.90368694313 9381.95390382136 3902.23036723426 6232.89356376418 5397.9704491526 736.294726866228 4367.7323013308 3881.76765118444 10294.9294032981 3332.46445425455 10920.7135735284 4814.69116595348 6355.82338735334 8237.87739798289 4141.12202729953 2561.53904006033 10663.0901783262 964.422019481803 5178.64604462917 7634.08809559426 4412.30531670204 4144.5661859075 6807.44172039889 6255.25662261225 9142.34435630364 2425.38682286971 8607.79213630075 8363.26510647491 9370.78994871119 4410.57687941165 4947.64539943391 4205.56642680342 4996.18727829693 7296.07416764892 1891.89499498511 3761.99666627383 1848.09270465706 3133.97239450734 4780.94605756594 1752.96154869162 7404.53138964642 7993.99149913131 4543.18736467822 4602.43379428746 1959.91959035079 3247.85041784149 1918.49677501326 3917.25417454038 3259.43942079408 5263.16359947456 2468.10036405322 2683.56904715479 4377.37004006635 2131.21145378318 5852.01053046115 3577.29641540818 7436.07537996605 6415.89287162121 10550.8049483645 9940.63372423678 6924.36574889791 4619.75368908249 2198.86075690121 5923.92832111004 3624.5076168197 9770.07791691158 5363.86749096615 2011.12576666767 5060.12087629898 1919.53612796072 9537.74409311218 2559.61393266522 9141.99760146813 8583.82352254834 3013.61022183222 7253.3279139382 6712.04320172592 4011.83685292318 5919.53842844929 4765.25110486341 6467.43735970092 6704.78272235983 7149.41511850534 5423.24629572321 8779.03049644396 6467.22552210859 2671.71243988993 3513.94673467032 6784.66954505585 4442.6882567292 8343.79444365647 1775.1294410035 5504.13011977968 5198.43339482444 7640.55597413639 3070.55512334382 1546.43620261847 5860.27144736273 236.239502900737 7160.43760766669 4719.39191392367 5044.81964958577 583.466138118332 4497.75735796529 2815.96342763745 2618.62380487501 3929.50489584465 6590.13378412948 4710.4823639245 2844.93279307594 3594.54449066281
3733.63615340927 7646.10214911866 5880.22792627891 10139.3184429309 6594.68016195445 5598.95367114397 5509.8167792889 0.0 4072.92236887819 2379.3767938377 4919.14082069146 7567.07917471784 6014.62519180417 9373.60486328242 7581.25934746688 4931.86504449891 5600.98079077334 3830.2108174924 8889.82767976234 12067.6286195879 8814.9201566288 7203.52195808415 2345.91277082035 1050.61872525252 8314.36937780754 9458.38257533117 6591.75674835977 6775.47417559603 6452.13362349847 7703.69675629124 4550.27928208991 4940.6848332657 1659.48294373559 5570.8391217535 6185.96613955438 7937.98807534395 7471.22855536361 6384.75221291361 5094.47650479564 10775.9668414806 9883.36267971414 2081.32804185907 8693.62491282966 9023.30171615281 1908.98829921775 6956.72955375435 3018.78646489611 5614.60518715728 8366.52464100998 8432.17121212274 4036.16900789034 2792.18034308015 7671.37722580638 1443.14479373002 5458.67757391405 7240.80253654814 2598.33847985079 3597.82987309423 7260.43935559959 7808.04308028167 1057.54404368453 4790.56392248283 3067.07030026086 1612.72540642786 3405.13029159054 2311.53935604482 8978.72326895251 6733.26543393894 8853.99008966933 12531.9292541329 10846.6740177938 9005.09952794812 5073.04059869217 6777.74985221597 8915.05130736777 8794.36773196975 7132.77428288996 7075.50418109238 4750.54487178406 4231.71949792359 6041.73736542579 5598.33270213103 8049.12485317221 6261.7931072206 9366.5358320278 2518.35880238812 8154.85373225853 9563.47908136122 7743.87184805856 1924.63038083044 761.480434512121 4406.64846049941 3213.26052425781 9257.42982241135 937.775234990858 10071.0754362992 3404.31455301279 6438.1012300062 2995.72444632802 4393.44039882563 4375.9066038243 4627.44349675836 3824.17719142345 8249.06477510993 472.810565654235 4244.25403071927 4161.24267928348 4952.12423318631 6979.81849430977 5351.43157937112 4458.01432484554 3225.82932999128 3388.43384519831 4927.05414902054 6039.49033404424 4581.77963085668 8083.76889656474 1589.59318768741 2888.69173182165 4565.09515660776 4135.58353434661 3733.63615340927
3217.55415050305 8126.01333197349 4338.55838373504 6607.50567534872 5758.29869109036 3891.55029988283 6779.5973859293 4072.92236887819 0.0 2462.58255573256 7014.95936871288 8705.55191213218 2603.01262284449 10420.3623209446 4822.48692952686 8714.92860562458 7276.97858140981 2497.75897087949 8632.95524525052 8804.6887355485 9854.34878558897 4145.13555318686 2288.63610694781 4824.78771068641 4653.49699358556 10846.8194945196 6217.36004591875 3919.30853685145 7433.59202524645 5724.756153827 859.918474666166 8429.71948848943 5071.01294120404 1842.68463992322 2993.23523661991 3898.92332471024 9195.24028596906 2334.86025550636 1586.27727755179 7447.13770825564 10896.1557311894 2361.67265993327 7949.11569747009 7795.90384702348 3773.90040183193 7257.18777569552 6421.69039903738 5675.08252528286 8499.71452699607 7056.4509781476 6225.49175860706 2354.50771521029 3926.62515027307 5134.10686266016 3448.46715186345 8734.85709623377 5550.9062127182 5277.50131703044 6060.29183788838 9914.8063580317 3081.8703547122 4617.80910863597 4333.44773277936 3269.28726640181 5451.77068095253 6379.851023349 9303.0893936111 2978.79970588119 6471.76168664914 9339.95356606732 7275.69540485574 6348.06120835171 3065.90974011569 6731.88494849427 6909.32877112557 10395.6656035507 3250.47474018032 4759.0679932942 7225.76656368302 8015.54091068669 8221.55774831319 2875.78287583481 8762.1436926653 2468.24851480561 5894.25113225158 4948.63791950674 4956.84034220594 7310.63163129949 6651.73151100293 2156.72883925546 4271.28203837838 689.396874613225 1002.78249870416 6564.77079402879 4995.54902477933 6765.42822940625 7476.6488013706 8862.90374273432 3327.51166075908 8456.43320670044 2686.95743670512 1728.98804364321 5173.62288725378 6248.31012659477 4423.51985860035 1000.06945715308 3819.54724952336 7161.79013682178 4282.6559995554 6547.12490597036 426.622463428382 7009.39662561972 1734.90675529796 6340.77143735318 4146.80098937796 7477.86715540498 9232.77616490088 4201.59233395867 1321.17717415354 2566.18939578471 4010.88321671667 3217.55415050305
4131.83653421959 8917.9187952669 5984.50804395963 9061.39462007885 7138.44549329498 3290.11644376731 7068.22609871492 2379.3767938377 2462.58255573256 0.0 6823.3675140345 9146.95221035289 3737.83858840709 10956.4441689594 7044.96794418358 7307.16504839736 7351.4218240424 3757.09952556536 9831.82986761399 11225.2887463095 10382.5119725592 4834.25412604221 2415.9036264147 2721.54075081796 7113.36377484737 11192.0240178361 7383.00370681039 4398.38802845353 7919.02410333291 7654.40553117799 2561.43742775738 7303.22022999647 3918.60352675927 4287.62979263771 5312.49384408784 6255.20363171983 9304.32571193922 4475.93506465937 2926.90578301181 9873.80223878539 11460.7921340483 2196.87637754259 9373.81401898554 9449.01701606955 1330.95055401169 8113.2086841204 5336.62890695853 6573.1245332671 9490.77533160615 8756.99577012923 5934.24061096051 413.978330953056 6389.04731523815 3788.49472875724 5258.14244413538 8969.52586482468 4735.21818543038 5214.27705699711 7638.50942189352 9801.60326264602 1901.11404042188 5551.22556451767 4385.69882843214 2708.04811473592 5187.2041464397 4543.13392981496 10214.3425409695 5439.6571615537 8592.79389271456 11748.5848715711 9734.65135285767 8569.93756345897 4833.24678135423 7750.04798676818 8887.19231646377 10605.1848954661 4999.92371387016 6798.52797761397 6804.79492622144 6608.94735348378 8022.04394053758 3228.01819216402 9445.84565200963 4116.19330419807 8337.32159264021 4397.42178640684 7329.09430371523 9398.89447580463 8202.24551448822 1179.87496616344 2954.50862578015 3063.31366814859 1466.1463951328 8803.33445436405 3268.06594008743 9183.40406438783 5567.73702003928 8522.27381348266 3725.09138960795 6592.00668756109 4215.47776700987 2346.47873345899 5293.85949905637 8205.34832027194 2844.99638273955 2160.4615779974 4744.02981596634 6906.16801630237 6462.61091798689 6865.53998872238 2707.92484187943 5605.08136750855 2938.52058655096 6520.13374982743 5954.78359858404 6785.78183532148 9682.8628302182 3407.28588264409 1186.17953700451 4257.95351424739 4838.00865253616 4131.83653421959
4048.25016302171 3490.28459623527 5026.67603259215 10359.6567768776 4430.71277256748 10064.770698207 1350.0120053328 4919.14082069146 7014.95936871288 6823.3675140345 0.0 2866.8874879355 9591.63437769809 4581.04788560996 7288.44291542386 4051.90957226409 867.07171227169 4817.79854602117 5175.06097782806 11506.7791137191 4057.69501905854 11079.4695323008 4831.76989932967 5615.99290127935 9145.46359778263 4558.01866410365 3862.71547317003 10769.2106059572 2149.05598147106 6380.96690301289 7837.71862959094 3062.55303847371 3355.17653051246 7380.05059542958 7039.34860276485 9832.67117032785 2552.94081739976 9059.65576591789 8558.71200130373 10521.9341545993 5082.35180724126 4889.55505116644 5553.08994922651 6343.40712898103 6804.95417023989 3226.16648649816 2619.1416273757 3021.1105932524 4377.99448337969 6105.52850533013 894.448298476802 7198.72604567348 8817.46407843695 3718.54672214073 5442.41026567297 2380.34626268076 2381.07669664315 1737.94958592174 5186.10988603258 2983.79582950868 4931.19626746998 3319.75534199355 2682.18448487796 4138.97639462196 1643.35134059406 4797.83552494025 4699.13076137209 8158.85884886489 7644.49915499775 11789.4399549579 11029.3534345539 8117.98609797064 5366.99901824128 3544.08943334328 7207.04173155614 3876.18365443863 10168.965006391 6440.34088524426 661.132682926913 3741.31368195245 1219.33502139639 9601.48433711594 3595.18543791093 9462.77195730935 9624.18493266587 2447.79649928231 8272.82848779809 7994.53419455176 5328.90064925882 5756.08639247688 4158.29541222448 6827.69017087416 6745.37432073705 8352.13996963452 4624.77246214285 9902.94082107089 5284.37649986297 1856.93459383475 3696.91770833707 5510.6121378217 5033.34598493541 8425.46946570847 1882.85033996478 6748.1191941401 4532.59153257157 7768.4335610214 3677.91520772504 216.267404273064 6855.69525087292 1427.71056448607 7424.94824077029 3502.37810486457 5327.440232253 1121.08554617958 5479.08745044187 1466.74847334525 3324.16916953173 3450.25907398493 6569.38489976676 5323.53574005721 3443.2651905581 4048.25016302171
5488.00036989277 1345.07153397998 5302.5076854208 10163.5630639591 3999.60669511102 12222.3434961519 2085.90368694313 7567.07917471784 8705.55191213218 9146.95221035289 2866.8874879355 0.0 11291.4522076307 1816.60611164194 7246.65978130152 6560.46618387316 2031.00835965185 6227.24742457996 2979.39353875872 10731.7056305725 1249.4674015864 12847.3967198092 6857.41239592359 8371.28322902006 9450.78601059132 2145.26085636455 3240.02540922505 12619.0507203231 1272.45955113537 5877.06625197643 9565.38234049837 5497.61178437113 6124.08089779825 8486.02081503312 7718.57403165977 10640.3201759463 1276.28657564774 10356.0989533093 10290.7237107021 10024.2342566014 2325.52585352879 7006.67079392998 3813.28497919032 4813.43959359505 9375.63725650165 1913.10381943021 5483.68780667562 3175.61648015699 2091.2361140414 4918.80872071394 3624.60592992486 9477.15442586167 9344.28172594497 6509.94613389654 6079.91964373746 756.944813947757 5177.11080132098 3996.19810660198 4495.71710377053 2316.58303620886 7349.0584669361 4145.61390867175 4761.52797158971 6462.16349414997 4163.73887160005 7664.56029918716 2032.78218157918 8935.6519525872 6936.59000554568 10881.2650158367 10743.6567193541 7539.74180288297 6208.40150693259 2604.94922089668 6237.26274886975 1834.00509779653 11545.588527964 6384.94907259973 3379.21645947141 6411.36131788691 2362.87449071272 11520.4196397846 928.183451717073 10983.1868108533 9534.91693257838 5052.47183981017 8294.98461726637 6980.6296344441 4302.22257150853 7991.16858593087 6814.21147837565 8323.85741758769 8718.80726251515 7723.78592950096 7408.84852754832 9524.91464334879 8120.00549517135 2807.83540715087 5533.57055311645 8249.27519373175 6193.66453402325 10327.1105489943 3858.74690999711 6025.74444751706 7233.67326798333 9609.55692630862 4896.76630212194 2950.37649503795 7015.19931553029 2281.6414862314 9064.10632686888 6331.14948582797 6980.1631014866 2656.14575228034 5770.83043522991 4100.90561396801 537.258939781304 5998.44838878218 8625.19201985647 6428.57125636408 4696.34012186521 5488.00036989277
5808.46440596946 10654.5963162899 6626.74873883156 7126.15125133171 8125.48856886298 2434.36319209703 9381.95390382136 6014.62519180417 2603.01262284449 3737.83858840709 9591.63437769809 11291.4522076307 0.0 12984.3694230808 6411.03849965672 10912.1983813128 9877.5079361779 5065.2387347867 11011.3777529206 9477.20417768155 12422.6343598817 1565.63605618672 4785.71545701107 6459.16311112622 5262.79214712089 13435.4067539393 8664.16302961121 1457.57290262887 10021.2366390235 7673.98070682041 1756.65352375119 10764.881314063 7337.1707057324 3328.31587963387 4627.96293523217 3589.91228386073 11798.2516930156 1816.1830605313 1033.0905336389 8151.3839768205 13452.5335362204 4786.78045493524 10222.0978213696 9912.60904132817 4920.18441613696 9780.89755551968 8748.21815093844 8215.15861772212 10964.6588190409 9160.80938758877 8779.91647126651 3371.48703572165 4548.24973762389 7310.52122962139 5696.38969311798 11335.9316254722 7960.50951677351 7854.3167248093 8298.99925451995 12510.8297720211 5219.67367442742 7173.08799484312 6910.85012371217 5665.05950267303 8000.41462735734 8264.09545083626 11784.2126289222 3881.13359101458 8113.16696438821 10056.9709856071 7664.37875783004 7810.08381358734 5384.31134972897 9218.24514623886 8733.16970605426 12995.4307864055 1480.32046605984 6648.38646472662 9766.85267599526 10207.33523544 10804.2297968405 1038.65166348406 11308.9863545824 809.752697397196 6588.33385012713 7422.56771226294 6129.27094347099 8957.86360677975 8885.14853706936 4201.84070340437 6430.95122606325 2989.65658795807 2948.00920304603 7976.16556325665 6942.97396616737 7566.77890394873 9303.10613951925 11429.7287137609 5921.38176303832 10325.5500105946 5165.81390709839 1394.70015894809 7767.74091884831 8133.82502622023 6448.94959360749 1862.46927478258 6395.51282186534 9730.72882356149 6009.32388991682 9149.14051958911 2227.71905210595 9191.11989865951 4337.20934902508 8942.82479535042 6330.89208677832 9956.94825136893 11815.2586323819 6574.783213694 3215.55002717179 4984.08089936047 6595.68603819444 5808.46440596946
7212.32343923438 2413.69137069546 6728.61837072743 11152.3226716298 5279.71584701506 14004.9694610901 3902.23036723426 9373.60486328242 10420.3623209446 10956.4441689594 4581.04788560996 1816.60611164194 12984.3694230808 0.0 8425.71039668894 7915.64310169553 3794.04374977272 7925.57846881777 3212.1251439979 11373.7468526082 574.843093819827 14547.1126843445 8646.94820608727 10157.3983667461 10698.7059668073 917.449042394961 4559.60729988687 14339.6611352893 3045.07464481769 6921.34628420049 11279.3673234312 6858.32019201118 7901.15872550639 10052.8321213842 9167.25738740309 12062.7003077895 2263.84277862 11948.0123605205 11999.2622235541 10854.0171663808 509.901888762001 8805.10492870703 4308.04289980386 5317.9445238105 11190.7170953616 3267.9944930295 7158.19750740176 4777.61141872025 2556.74757034317 5659.97019793668 5392.98729931214 11282.1004149173 10687.1613466163 8279.61624023352 7581.08179208364 2208.53420749987 6940.99272041601 5811.93085953323 5585.29665185856 2842.26687076984 9165.32699277018 5811.30418189428 6572.87172349686 8276.93702716018 5968.47950241007 9351.5818205336 1877.20245143842 10383.5040141042 7791.09910485921 11434.100639041 11668.2522565339 8431.45707825002 7765.91131967886 3922.68483104082 6985.20624262692 1433.64444929291 13147.4059361166 7606.65151741264 5009.13158969632 7878.06565938433 3805.73778542087 13261.8009958353 1708.73949115918 12632.0947635135 10597.5619670326 6856.07207931303 9455.91122730727 7644.24863170497 5229.91675623652 9796.28220344286 8618.09346758982 9999.5393851497 10487.0306755951 8577.05433858044 9183.23871554203 10438.3316040699 9715.83043408794 3980.19091086561 7315.84842526659 9735.05663367712 7836.93888819307 12071.7554462398 5673.43460678581 6939.42073291262 9031.09172064912 11347.1328567488 6600.94979961131 4627.95423345997 8293.78697962925 4094.62618857931 10763.388816436 7935.9165464769 8710.94004974738 4472.31403760328 7171.14271453953 5645.36569177913 1290.27495373037 7810.68735075509 10406.5738632249 8050.2596282957 6415.16110294108 7212.32343923438
4054.40037517112 6076.05895030959 2266.98539854507 3071.54631009022 3248.34908086833 8493.75600389769 6232.89356376418 7581.25934746688 4822.48692952686 7044.96794418358 7288.44291542386 7246.65978130152 6411.03849965672 8425.71039668894 0.0 10707.9160856118 6964.94326059854 3755.96855886333 5559.42461449789 4539.16253919198 7973.33138438242 7807.47458368303 5257.2987754821 8601.98421987879 2290.07898647972 9171.37602703357 4007.99648592688 7847.41672893171 6248.91631905339 1589.17935921651 5356.76422148864 9980.34659045301 7574.57994488228 3167.1527162521 1856.4167413295 3962.83063342957 8294.15748287522 4720.80718228264 5807.50007951459 3345.12342016372 8770.78658658518 5538.82555473274 4506.21549657072 3849.86531002221 8193.25501455984 5336.76947465982 8379.30245425312 4389.6763147961 5917.25215102685 3150.79277585053 6967.00844699942 7063.93410196061 2450.78968211558 7868.98596841023 2181.4813626275 7689.04062054217 7397.10505531449 6073.44159205826 2841.35225143939 9305.91995831579 6577.15953149651 4001.93767119071 5524.69171326212 6038.23053545482 6490.15988218512 9486.30458038884 6723.71816730054 2615.21636706403 1705.73535003968 4968.38285162029 3744.21926851556 1530.29428553709 2523.21854996964 4642.51144314938 2364.44183798158 9064.37921159739 5801.79852916382 874.99805643379 7841.6485380246 10125.5909508884 8150.20304327581 7204.18445647265 6783.19883915097 5716.40451066239 2350.96008943295 6675.37892142017 1048.53534715915 2554.39199687487 3261.62685149041 6193.13826196711 7296.45083422343 4133.52183727515 5662.79384738556 1758.72054443224 8259.47406453361 2671.87380724547 10525.193507658 8903.32797948748 4846.0045221935 11298.7337766922 3213.14633011512 6328.1730095505 5715.50444798466 1863.35731519793 7685.76905592175 5713.02595808792 3967.15317415854 7502.38337831611 602.945349116634 6036.56738269666 4841.96224294324 9316.75010805654 4282.40698866731 6187.17256568155 1842.43409042029 8494.35208716727 7635.60572943521 6644.55038733432 5877.63922777316 3016.97585502622 4150.72646221052 4054.40037517112
6788.88437243743 7470.11701776377 8492.71055702503 13696.3756194705 8288.77827887129 10444.2070863648 5397.9704491526 4931.86504449891 8714.92860562458 7307.16504839736 4051.90957226409 6560.46618387316 10912.1983813128 7915.64310169553 10707.9160856118 0.0 4853.1713981546 7373.94087786861 9197.00489530367 15160.2380405274 7519.71420208922 12135.361017642 6503.12705160306 4834.12342821238 12169.102435197 7510.4669412726 7821.75354421524 11705.4970992309 6163.86136798998 10112.7871503565 9341.74742817649 1064.91267175259 3644.8239876758 9800.35961071852 9936.54445264025 12324.5537599733 5655.81604413126 11039.7795059255 9951.83355693423 14047.5197160657 8347.25127106916 6370.67608430291 9603.52231393995 10369.1829442662 6541.80798780706 7277.35118372271 2395.17069664943 6873.28006257592 8366.50963157673 10075.1899157918 3904.277532685 7717.85055890217 11672.8489011138 3608.12001703746 8598.01454993613 5864.27440095395 3384.04285111312 4659.35242084408 9066.24021338106 5268.60805345146 5706.49372503751 6786.9831974966 5213.63403895216 5474.39813757983 4229.29314927743 2993.66108942469 8563.36329895103 10837.0294682104 11396.3642440975 15505.3323584152 14399.4846390249 11787.5067767563 8368.73391952977 7573.40772278175 11078.2731253992 6717.66070713625 11927.195419582 9940.03166357302 3394.53357668342 705.041086414159 4201.0593127145 10530.1644430747 7431.34584644209 11081.9159260191 12922.374836242 4111.22035803093 11576.0477647287 11854.6513224555 9290.77138108265 6721.45288459537 4488.70883756869 8845.68815601303 8013.53564847574 12035.664529653 4049.49230431457 13379.7712645026 2494.40267450229 3939.00973997013 6080.24378560707 1988.88499995413 7805.09286948272 9538.60594706294 5037.69007446112 10548.9477305551 4476.91912500677 9090.82611470342 6748.07741688931 3869.47923125694 10181.1733837429 5446.90600832969 9134.50272362453 1721.52787765923 7444.2619935508 5051.93553291866 8873.03851431414 2587.06707169024 6871.41996856513 4557.67408979568 7715.42363240997 8088.90254685296 6557.66544370881 6788.88437243743
4152.1928083464 2636.7741722641 4745.77214042931 10026.7867913363 3920.46016472163 10534.8899807747 736.294726866228 5600.98079077334 7276.97858140981 7351.4218240424 867.07171227169 2031.00835965185 9877.5079361779 3794.04374977272 6964.94326059854 4853.1713981546 0.0 4932.49077208092 4345.21329907138 11024.5006520213 3251.83021120816 11398.6914763544 5205.88176961242 6363.68013113149 8949.98108966604 3869.20205118221 3273.60709023394 11118.5786251246 1310.95785854252 5911.96572188255 8122.06429381253 3831.1678999621 4107.28774343504 7428.13846245831 6936.21318302601 9803.87202266457 1961.03829980949 9192.81971646532 8850.31483866723 10106.5861821335 4301.39846649181 5305.91681922266 4794.63758612037 5636.38198368839 7452.0041206806 2452.14250337077 3477.15152451636 2583.65800416276 3529.43437887673 5465.52529325059 1599.83584994119 7708.38497733006 8687.99560847011 4487.72631876184 5292.05574725743 1642.2591061435 3151.01373964746 2138.66345307253 4638.42358952895 2651.32166929086 5491.3906143975 3144.54364104372 3028.1136815527 4643.4434528961 2208.57297243158 5644.02202166624 3832.17968310832 8103.52469831144 7144.22417667036 11274.6217006153 10676.1603868437 7657.68499896337 5284.63562571271 2862.0215455258 6635.6372544871 3253.85923345237 10338.7866896869 6097.18415946927 1476.0878160491 4583.10683477375 1185.28305161027 9972.62780148041 2729.31708538779 9680.46863369722 9315.621005917 3085.21344925937 7982.16774919647 7423.03853879476 4706.13132918751 6236.01077170495 4841.33488381511 7012.12426382026 7119.65486141929 7881.54535501101 5390.12122241429 9515.31969159601 6150.79470767431 1938.39740867541 3960.85648010785 6369.91695705499 5057.70469219533 8783.09467485647 2126.02402553622 6229.89382657118 5244.16302032888 8097.1369902898 3676.9014535746 1003.17391431971 6584.53024066532 930.391144150166 7671.05807578836 4369.43982725252 5550.84623825695 944.744502037547 5217.26606676162 2273.48121051571 2514.78240918247 4065.90367935454 6977.03550071032 5334.74708357331 3444.42604170898 4152.1928083464
780.536351548103 5630.98405414742 2237.59719508222 6469.02902167477 3426.54315493134 6252.73858535531 4367.7323013308 3830.2108174924 2497.75897087949 3757.09952556536 4817.79854602117 6227.24742457996 5065.2387347867 7925.57846881777 3755.96855886333 7373.94087786861 4932.49077208092 0.0 6234.9229155733 8269.95538143408 7361.193001411 6624.43779996061 1550.37896945653 4861.03454821707 4810.36037902701 8371.97454474259 3784.62660559435 6415.85001341424 4958.49962097921 3984.34850657224 3355.05708860085 6834.99404203949 3941.12589067838 2577.51826030564 2576.37788881674 5083.70875699563 6792.94509071017 4262.33840072301 4073.68451281501 7008.22441891857 8399.43850553759 1838.19735518044 5665.03382944852 5692.70256841092 4675.37637668744 4764.55129547298 4979.0953094459 3179.27798898863 6035.0062202524 5000.78440310538 4149.65122477638 3926.2993010431 4299.38220968441 4189.77831603516 1640.0849333636 6301.24148034958 3991.44833621585 3147.82793711833 3883.96269395218 7583.22755552618 2851.45198732946 2120.08151126945 2279.66191111056 2287.65218429019 3444.68853487629 5773.52959761553 6826.23492271396 3489.68406645798 5059.46833399611 8718.76380388686 7181.48221301047 5178.34631050237 1243.41255020864 4261.19591481697 5220.08442439775 7951.07943246536 5407.82749430995 3261.2286461579 5159.22010271511 6725.76278844038 5973.94524042989 5361.87932584029 6264.38535157533 4777.67199913925 5686.86318664809 3270.44218890886 4402.21856074693 5808.22344420279 4453.4893804371 2679.19793067395 3553.75173750522 2104.44004157027 2747.81523525509 5429.76226470368 4510.62788067782 6306.87362206392 6839.14996828491 6668.81140533858 1298.40019363132 7673.94067994476 545.849823388985 4186.24218092937 2935.87449416638 4538.90827937498 3931.92347221897 3451.66231599614 1330.51142330652 4994.04572721706 3156.91384077906 4131.88829296169 2839.47976680547 5815.22148164919 868.067267424008 3987.94381039735 2275.70451849831 5588.27432801433 6750.11619899813 2977.65752167383 2788.83439341157 761.315152985755 1536.46916677789 780.536351548103
5711.78609097662 1754.22775435246 4390.12752955973 8055.27518093335 2887.7457833636 12478.7108871182 3881.76765118444 8889.82767976234 8632.95524525052 9831.82986761399 5175.06097782806 2979.39353875872 11011.3777529206 3212.1251439979 5559.42461449789 9197.00489530367 4345.21329907138 6234.9229155733 0.0 8162.4091421754 2950.47599096541 12562.0144567869 7417.1199261178 9860.12066573245 7845.01065400874 4101.73105059876 2458.27733678522 12447.0593287398 3034.38861243505 3978.09226163831 9450.51032826762 8165.35022483434 7806.46944475278 7793.39666087949 6684.58944557793 9430.92487509193 4248.09715327677 9683.20699864857 10120.2149070905 7681.49351736398 3419.81381410724 7651.53361483659 1124.8707408376 2109.98881807191 10432.1115842857 2024.26735400396 7630.06713963413 3302.24600247323 889.927158400813 2534.42294306899 5613.43473378722 10072.3311326662 7962.86101802388 8211.48234179562 5320.63871259892 3724.1249150597 7012.9440713742 5459.88243331332 2822.11356937089 5257.69495145208 8335.21993862637 4282.31911837754 5822.77179382975 7437.286074179 5811.47229519989 9653.91089385156 1335.28319575018 7847.05552917853 4664.01942425448 8224.32384245129 8530.68908474919 5313.22421450521 5629.42621514481 2118.62972242083 3821.55241784035 4326.49188189486 10876.3522072736 4836.73519785674 5816.45290069959 8916.3745607877 5152.68378152809 11496.2461999694 2079.11541251199 10514.0189813011 7560.21228728034 6606.87509486678 6534.16339650355 4445.28408810263 2309.39170080269 8661.26465344649 8218.06245408402 8075.61844156566 8981.37587484027 5435.65646932165 9028.07765041792 7305.39835975071 10333.5533392956 5721.62530651161 6147.71680035908 10664.94331248 5949.40416373068 10360.6683691221 5142.73039729132 3876.49433884098 8682.44635704067 9626.51612158925 5089.59861835026 5340.25993851198 5565.95744180476 3908.59793216209 8894.21082757945 8599.11326112702 7101.02499769717 4369.58068791859 4732.40713330642 6618.26151144274 3025.9786318815 7332.2608302577 8999.65355092285 6073.52290015363 4996.85962109049 5711.78609097662
