CustNum 10 StaNum 2
0.0 5392.07067063899 3256.05372415947 3820.65254429178 1906.92030942523 5095.85670755837 9008.58397090136 3733.63615340927 2590.9757303552 2733.72538261715 2683.07667507907 3306.02108852068 3476.7951266026 0.0
5392.07067063899 0.0 7935.77689663911 1856.66314227256 3728.49409614294 1356.34627271852 14307.8591079328 1816.66473552088 2803.14362512786 4278.40234686002 3461.61590753116 4563.65037193031 8755.39503801939 5392.07067063899
3256.05372415947 7935.77689663911 0.0 6106.23896492936 4244.91326177032 7188.13501469822 8006.45740480165 6591.75674835977 5372.93236859702 3863.03343622086 4520.11042625504 6541.70340543926 1734.76306843979 3256.05372415947
3820.65254429178 1856.66314227256 6106.23896492936 0.0 1986.63790696393 1284.45901186611 12828.8745433869 1443.14479373002 1453.55468785567 2428.42893162597 1606.43160193682 4107.72042786397 7027.43671950298 3820.65254429178
1906.92030942523 3728.49409614294 4244.91326177032 1986.63790696393 0.0 3229.0745144728 10889.6353408086 2382.93149758602 1195.67970866782 1377.54995742179 854.575566253297 3558.09362036133 5047.60487271437 1906.92030942523
5095.85670755837 1356.34627271852 7188.13501469822 1284.45901186611 3229.0745144728 0.0 14103.8863247958 2267.52783177368 2704.87775680382 3356.73316818961 2687.10399433295 5144.55491165117 8226.23645011868 5095.85670755837
9008.58397090136 14307.8591079328 8006.45740480165 12828.8745433869 10889.6353408086 14103.8863247958 0.0 12531.9292541329 11529.9528388185 11281.3726352348 11572.9071395352 10562.5208425777 6345.2726932862 9008.58397090136
3733.63615340927 1816.66473552088 6591.75674835977 1443.14479373002 2382.93149758602 2267.52783177368 12531.9292541329 0.0 1219.17715395517 3405.13029159054 2518.35880238812 2888.69173182165 7186.63806159916 3733.63615340927
2590.9757303552 2803.14362512786 5372.93236859702 1453.55468785567 1195.67970866782 2704.87775680382 11529.9528388185 1219.17715395517 0.0 2396.44740508557 1568.88860150087 2831.56239610446 6001.35727062895 2590.9757303552
2733.72538261715 4278.40234686002 3863.03343622086 2428.42893162597 1377.54995742179 3356.73316818961 11281.3726352348 3405.13029159054 2396.44740508557 0.0 888.81026088515 4935.23961479047 5087.76073548157 2733.72538261715
2683.07667507907 3461.61590753116 4520.11042625504 1606.43160193682 854.575566253297 2687.10399433295 11572.9071395352 2518.35880238812 1568.88860150087 888.81026088515 0.0 4271.30967171567 5554.05292827465 2683.07667507907
3306.02108852068 4563.65037193031 6541.70340543926 4107.72042786397 3558.09362036133 5144.55491165117 10562.5208425777 2888.69173182165 2831.56239610446 4935.23961479047 4271.30967171567 0.0 6400.66284443257 3306.02108852068
3476.7951266026 8755.39503801939 1734.76306843979 7027.43671950298 5047.60487271437 8226.23645011868 6345.2726932862 7186.63806159916 6001.35727062895 5087.76073548157 5554.05292827465 6400.66284443257 0.0 3476.7951266026
0.0 5392.07067063899 3256.05372415947 3820.65254429178 1906.92030942523 5095.85670755837 9008.58397090136 3733.63615340927 2590.9757303552 2733.72538261715 2683.07667507907 3306.02108852068 3476.7951266026 0.0
Customer demand
0.63 0.89 1.25 1.18 1.25 1.93 1.86 0.97 0.98 0.75
