CustNum 10 StaNum 2
0.0 3557.40864317134 4134.76979000783 4915.651258966 5549.31717134603 3935.23467736254 5153.87819456267 5488.00036989277 7643.37787663319 1998.36277420735 2167.21014974527 3581.03029391578 3207.57031378248 0.0
3557.40864317134 0.0 1548.45773188995 7928.55624089956 7920.3170064115 7269.3848014188 1730.24074795976 5562.26533726154 5221.97753579671 5430.29735765007 4134.58306571302 5616.75679413341 4832.89507494908 3557.40864317134
4134.76979000783 1548.45773188995 0.0 8910.1316137687 9135.98041620196 8057.08050429788 2635.60947045531 4302.22257150853 6477.29750656192 6130.09750097244 5301.83611673266 6860.25748224176 4251.09339177306 4134.76979000783
4915.651258966 7928.55624089956 8910.1316137687 0.0 1828.06297874893 1441.0163679818 9096.48007114671 10038.7877951213 9896.59724377292 3051.7370539493 3860.803585078 2814.30838175699 7421.02226289681 4915.651258966
5549.31717134603 7920.3170064115 9135.98041620196 1828.06297874893 0.0 3085.7966041657 8786.32834799098 10980.9222312974 8872.7728254134 4085.79431082978 3834.15431798172 2304.50455429911 8475.22533813665 5549.31717134603
3935.23467736254 7269.3848014188 8057.08050429788 1441.0163679818 3085.7966041657 0.0 8627.69889036609 8748.12524835561 9994.25300997823 1941.18275776501 3522.2323532377 3082.48804969703 6103.47736611673 3935.23467736254
5153.87819456267 1730.24074795976 2635.60947045531 9096.48007114671 8786.32834799098 8627.69889036609 0.0 6936.59000554568 3877.66799744339 6896.18977779364 5236.59421799802 6519.50061222468 6525.09773907714 5153.87819456267
5488.00036989277 5562.26533726154 4302.22257150853 10038.7877951213 10980.9222312974 8748.12524835561 6936.59000554568 0.0 10743.6567193541 7006.67079392998 7573.63401698696 9064.10632686888 2656.14575228034 5488.00036989277
7643.37787663319 5221.97753579671 6477.29750656192 9896.59724377292 8872.7728254134 9994.25300997823 3877.66799744339 10743.6567193541 0.0 8767.13055706067 6560.93328391805 7088.53520963687 9923.36309116277 7643.37787663319
1998.36277420735 5430.29735765007 6130.09750097244 3051.7370539493 4085.79431082978 1941.18275776501 6896.18977779364 7006.67079392998 8767.13055706067 0.0 2258.46527694483 2787.06333824923 4424.70941568059 1998.36277420735
2167.21014974527 4134.58306571302 5301.83611673266 3860.803585078 3834.15431798172 3522.2323532377 5236.59421799802 7573.63401698696 6560.93328391805 2258.46527694483 0.0 1584.1203751981 5374.77914544214 2167.21014974527
3581.03029391578 5616.75679413341 6860.25748224176 2814.30838175699 2304.50455429911 3082.48804969703 6519.50061222468 9064.10632686888 7088.53520963687 2787.06333824923 1584.1203751981 0.0 6732.09443048129 3581.03029391578
3207.57031378248 4832.89507494908 4251.09339177306 7421.02226289681 8475.22533813665 6103.47736611673 6525.09773907714 2656.14575228034 9923.36309116277 4424.70941568059 5374.77914544214 6732.09443048129 0.0 3207.57031378248
0.0 3557.40864317134 4134.76979000783 4915.651258966 5549.31717134603 3935.23467736254 5153.87819456267 5488.00036989277 7643.37787663319 1998.36277420735 2167.21014974527 3581.03029391578 3207.57031378248 0.0
Customer demand
1.18 1.23 1.25 1.88 0.87 1.46 0.63 0.99 1.55 1.53
