CustNum 10 StaNum 2
0.0 4876.93912110308 1998.36277420735 5196.39740276289 3882.20399819909 2876.59288940596 6254.81747343177 4764.47790148843 3256.05372415947 1736.74396543381 4360.94317982913 2346.52137145167 3740.75056467876 0.0
4876.93912110308 0.0 2885.43406131075 7943.99513647026 6181.79163795091 2099.99194274823 10821.2082892705 9627.09734214248 8033.53555895351 3162.22211831126 1589.89431181421 6943.1386842035 2351.43778824143 4876.93912110308
1998.36277420735 2885.43406131075 0.0 6108.70757957582 4220.79711835952 1042.16985134664 8034.02162354753 6741.86021931333 5213.94545417549 287.819331833644 2486.96366343869 4110.84003600076 2290.10533794618 1998.36277420735
5196.39740276289 7943.99513647026 6108.70757957582 0.0 9020.61404721867 6124.32694583646 9003.04617579046 6554.73716047929 4414.02245545739 6050.37666588062 8402.09404734538 6397.37117829301 5630.90016370901 5196.39740276289
3882.20399819909 6181.79163795091 4220.79711835952 9020.61404721867 0.0 5174.03440146414 5711.37855915698 5862.60274340731 5832.75532333605 4017.29193593563 4759.63374155714 3252.33351299822 6497.28644614813 3882.20399819909
2876.59288940596 2099.99194274823 1042.16985134664 6124.32694583646 5174.03440146414 0.0 9039.17437698079 7637.64135995392 5949.9034667234 1320.04093927899 2292.51969415079 5105.71448854688 1346.05322209212 2876.59288940596
6254.81747343177 10821.2082892705 8034.02162354753 9003.04617579046 5711.37855915698 9039.17437698079 0.0 2493.33026938328 4610.18545907969 7746.22991449907 9795.89953284216 3935.5160477293 9995.46187146812 6254.81747343177
4764.47790148843 9627.09734214248 6741.86021931333 6554.73716047929 5862.60274340731 7637.64135995392 2493.33026938328 0.0 2254.24180212166 6465.50460440234 8909.30047506499 2909.68023172251 8356.17136095478 4764.47790148843
3256.05372415947 8033.53555895351 5213.94545417549 4414.02245545739 5832.75532333605 5949.9034667234 4610.18545907969 2254.24180212166 0.0 4972.060496879 7616.9374328118 2611.59407535728 6438.60548762018 3256.05372415947
1736.74396543381 3162.22211831126 287.819331833644 6050.37666588062 4017.29193593563 1320.04093927899 7746.22991449907 6465.50460440234 4972.060496879 0.0 2680.79905095711 3823.27545943642 2529.03959792738 1736.74396543381
4360.94317982913 1589.89431181421 2486.96366343869 8402.09404734538 4759.63374155714 2292.51969415079 9795.89953284216 8909.30047506499 7616.9374328118 2680.79905095711 0.0 6069.02016468884 3258.52183009253 4360.94317982913
2346.52137145167 6943.1386842035 4110.84003600076 6397.37117829301 3252.33351299822 5105.71448854688 3935.5160477293 2909.68023172251 2611.59407535728 3823.27545943642 6069.02016468884 0.0 6078.36557254042 2346.52137145167
3740.75056467876 2351.43778824143 2290.10533794618 5630.90016370901 6497.28644614813 1346.05322209212 9995.46187146812 8356.17136095478 6438.60548762018 2529.03959792738 3258.52183009253 6078.36557254042 0.0 3740.75056467876
0.0 4876.93912110308 1998.36277420735 5196.39740276289 3882.20399819909 2876.59288940596 6254.81747343177 4764.47790148843 3256.05372415947 1736.74396543381 4360.94317982913 2346.52137145167 3740.75056467876 0.0
Customer demand
1.6 1.55 1.53 1.93 0.9 0.75 1.8 0.89 0.78 1.88
