CustNum 10 StaNum 2
0.0 1588.49306255022 3314.12262086592 5711.78609097662 6803.13057950672 3028.43340525789 4915.651258966 2527.6231202189 3594.54449066281 6816.38805872795 3974.03686326636 4516.85083721234 4862.06436145712 0.0
1588.49306255022 0.0 4773.29782200259 5629.42621514481 7876.32467286914 2742.01085181036 5439.26191070026 3513.3429339935 4619.75368908249 8364.51872450597 2821.61090096921 3373.69228119182 4786.86786664183 1588.49306255022
3314.12262086592 4773.29782200259 0.0 8218.06245408402 7057.0749927964 6031.78807437354 3831.50248065468 4269.18252890203 4765.25110486341 4917.17910889419 7275.87206932515 7811.27237763972 5069.4250108282 3314.12262086592
5711.78609097662 5629.42621514481 8218.06245408402 0.0 5257.69495145208 2887.7457833636 10627.4042032957 3966.96413618189 3881.76765118444 8631.21480389796 3978.09226163831 3876.49433884098 10360.6683691221 5711.78609097662
6803.13057950672 7876.32467286914 7057.0749927964 5257.69495145208 0.0 6086.74963554039 10715.2141929721 4369.0306879219 3259.43942079408 4422.0032585531 8047.31005173599 8250.95389087789 11383.3611176401 6803.13057950672
3028.43340525789 2742.01085181036 6031.78807437354 2887.7457833636 6086.74963554039 0.0 7879.73302419719 2435.20238491575 3190.20743333292 7985.49518164345 1997.24334241538 2319.41351198099 7487.28026301446 3028.43340525789
4915.651258966 5439.26191070026 3831.50248065468 10627.4042032957 10715.2141929721 7879.73302419719 0.0 7117.44980314655 7964.40632084201 8655.16274185922 8238.28853847823 8781.65122236524 1936.54131052736 4915.651258966
2527.6231202189 3513.3429339935 4269.18252890203 3966.96413618189 4369.0306879219 2435.20238491575 7117.44980314655 0.0 1109.64920546691 5555.14999653647 4339.40485929206 4730.31244422645 7345.91348315577 2527.6231202189
3594.54449066281 4619.75368908249 4765.25110486341 3881.76765118444 3259.43942079408 3190.20743333292 7964.40632084201 1109.64920546691 0.0 4945.36835858627 5178.64604462917 5504.13011977968 8343.79444365647 3594.54449066281
6816.38805872795 8364.51872450597 4917.17910889419 8631.21480389796 4422.0032585531 7985.49518164345 8655.16274185922 5555.14999653647 4945.36835858627 0.0 9879.85929357356 10284.789356092 9984.12808787246 6816.38805872795
3974.03686326636 2821.61090096921 7275.87206932515 3978.09226163831 8047.31005173599 1997.24334241538 8238.28853847823 4339.40485929206 5178.64604462917 9879.85929357356 0.0 554.711305836531 7374.41329269037 3974.03686326636
4516.85083721234 3373.69228119182 7811.27237763972 3876.49433884098 8250.95389087789 2319.41351198099 8781.65122236524 4730.31244422645 5504.13011977968 10284.789356092 554.711305836531 0.0 7881.56068899035 4516.85083721234
4862.06436145712 4786.86786664183 5069.4250108282 10360.6683691221 11383.3611176401 7487.28026301446 1936.54131052736 7345.91348315577 8343.79444365647 9984.12808787246 7374.41329269037 7881.56068899035 0.0 4862.06436145712
0.0 1588.49306255022 3314.12262086592 5711.78609097662 6803.13057950672 3028.43340525789 4915.651258966 2527.6231202189 3594.54449066281 6816.38805872795 3974.03686326636 4516.85083721234 4862.06436145712 0.0
Customer demand
1.88 0.65 1.68 0.63 0.55 1.25 0.99 0.99 1.23 0.63
