CustNum 10 StaNum 2
0.0 1462.90754141659 4935.48637223904 3594.54449066281 4411.26533248329 2438.5660304295 2775.67159655498 7994.63030176557 2525.34558955225 4308.89467423326 4915.651258966 4569.58483756973 3359.18068251518 0.0
1462.90754141659 0.0 5545.79021567017 2468.10036405322 3845.89405426264 2828.72426212162 2187.06016326498 8315.84222035513 1065.75260654633 4745.35773897247 6360.31184656999 5822.30002146353 2238.81408157539 1462.90754141659
4935.48637223904 5545.79021567017 0.0 7993.99149913131 9270.25711015064 7306.84641854657 7587.60121708554 12646.5288461536 6254.44325318457 950.055933846682 6538.57484587193 3059.88469171616 7771.44379726955 4935.48637223904
3594.54449066281 2468.10036405322 7993.99149913131 0.0 2011.12576666767 3087.9916095304 1367.65386479223 7320.00436076009 1848.09270465706 7161.78734116668 7964.40632084201 8159.05228372644 236.239502900737 3594.54449066281
4411.26533248329 3845.89405426264 9270.25711015064 2011.12576666767 0.0 2644.72746456024 1686.14382289333 5376.84761159161 3642.50720701326 8536.28721995593 7715.80700501952 8806.59880621322 2083.65168996436 4411.26533248329
2438.5660304295 2828.72426212162 7306.84641854657 3087.9916095304 2644.72746456024 0.0 1721.72642886063 5592.66278971842 3411.64529037389 6733.83992614038 5108.69462658322 6324.55483456459 2931.09473205101 2438.5660304295
2775.67159655498 2187.06016326498 7587.60121708554 1367.65386479223 1686.14382289333 1721.72642886063 0.0 6393.81908507291 2207.75253643835 6850.24087149486 6691.67238766197 7278.89118637434 1224.49405607143 2775.67159655498
7994.63030176557 8315.84222035513 12646.5288461536 7320.00436076009 5376.84761159161 5592.66278971842 6393.81908507291 0.0 8595.79123075076 12196.2600339783 7992.6878011041 10909.7896488291 7331.84567893312 7994.63030176557
2525.34558955225 1065.75260654633 6254.44325318457 1848.09270465706 3642.50720701326 3411.64529037389 2207.75253643835 8595.79123075076 0.0 5386.03397926497 7399.30012617105 6826.7747600808 1664.61637388594 2525.34558955225
4308.89467423326 4745.35773897247 950.055933846682 7161.78734116668 8536.28721995593 6733.83992614038 6850.24087149486 12196.2600339783 5386.03397926497 0.0 6651.87161030224 3490.82592453958 6944.58959438609 4308.89467423326
4915.651258966 6360.31184656999 6538.57484587193 7964.40632084201 7715.80700501952 5108.69462658322 6691.67238766197 7992.6878011041 7399.30012617105 6651.87161030224 0.0 3709.48271583599 7758.75187168529 4915.651258966
4569.58483756973 5822.30002146353 3059.88469171616 8159.05228372644 8806.59880621322 6324.55483456459 7278.89118637434 10909.7896488291 6826.7747600808 3490.82592453958 3709.48271583599 0.0 7923.04278202383 4569.58483756973
3359.18068251518 2238.81408157539 7771.44379726955 236.239502900737 2083.65168996436 2931.09473205101 1224.49405607143 7331.84567893312 1664.61637388594 6944.58959438609 7758.75187168529 7923.04278202383 0.0 3359.18068251518
0.0 1462.90754141659 4935.48637223904 3594.54449066281 4411.26533248329 2438.5660304295 2775.67159655498 7994.63030176557 2525.34558955225 4308.89467423326 4915.651258966 4569.58483756973 3359.18068251518 0.0
Customer demand
0.96 1.88 0.99 0.75 0.85 0.7 0.98 0.63 0.75 1.25
