CustNum 15 StaNum 3
0.0 6862.12872125404 5677.13877217242 4250.36444878675 5713.87488301458 4111.38097012414 5251.0222561903 4179.22879124342 5837.90952244492 6934.41996145416 5196.39740276289 4407.55391735549 5573.66793557729 1906.92030942523 4044.80935181771 6643.77219287893 3273.39474384322 4877.0920438249 3785.1227714027 0.0
6862.12872125404 0.0 5204.77190246903 7522.88747918634 9373.02565939893 10973.4015901695 11832.9204643207 6127.56580697899 11041.8708842943 9527.77963587169 11274.6438788609 8603.97365970487 12412.7413455428 7055.44645763717 4864.09323276285 13430.7368100415 6116.25528831254 10075.8547066449 10170.0272058628 6862.12872125404
5677.13877217242 5204.77190246903 0.0 8998.42964744042 10828.8150461277 8985.66934831295 8798.03854587806 1911.47027055583 6823.68134214186 4417.49772704883 10858.9593931609 9626.59608825393 10542.1503147855 7169.23907058445 7091.35858686148 11727.9427944976 2657.09293794943 10466.3292121256 7148.44418207944 5677.13877217242
4250.36444878675 7522.88747918634 8998.42964744042 0.0 1914.04192427563 6307.20179241738 8377.65699377551 8004.92374511855 9905.34462735878 11135.4978424801 4546.35261473774 1183.32301801817 7092.76328185561 2364.68538779301 2663.27075213032 7655.19872170236 7172.99000623627 2859.90447952995 7411.53955211901 4250.36444878675
5713.87488301458 9373.02565939893 10828.8150461277 1914.04192427563 0.0 6652.86357563739 8929.66876849537 9713.33372959614 10970.3374306968 12643.1210032375 3947.74998906376 1310.49912918108 7030.79273766425 3834.78989908753 4514.40043842636 7299.25079721789 8847.18079603892 2123.84996390274 8286.02660230005 5713.87488301458
4111.38097012414 10973.4015901695 8985.66934831295 6307.20179241738 6652.86357563739 0.0 2342.59583735249 7129.38586938621 5191.139388493 8255.0525648382 3446.0319058159 5612.4004254608 1559.51852107251 4578.51117843553 7542.54626902845 2742.86858422385 6329.11175882688 4690.50513959791 2495.50252114055 4111.38097012414
5251.0222561903 11832.9204643207 8798.03854587806 8377.65699377551 8929.66876849537 2342.59583735249 0.0 6889.54035645478 3336.20900326243 6932.24947780429 5758.00917782283 7819.19374620757 2994.18789441589 6348.16272090698 9166.67145127882 4000.37797853061 6287.68767313181 7019.82263288461 1700.87231065149 5251.0222561903
4179.22879124342 6127.56580697899 1911.47027055583 8004.92374511855 9713.33372959614 7129.38586938621 6889.54035645478 0.0 5115.738046893 3634.91505439461 9235.68789028319 8443.69557184655 8678.97836717115 5906.20091610993 6573.67811569848 9871.16418613177 908.568225851576 9056.07871059431 5236.98507246694 4179.22879124342
5837.90952244492 11041.8708842943 6823.68134214186 9905.34462735878 10970.3374306968 5191.139388493 3336.20900326243 5115.738046893 0.0 3799.35568979561 8548.05105349717 9706.75267034739 6256.06625111012 7568.60895924136 9798.60019345405 7323.73207466466 4929.7223565722 9391.0191029486 2801.64188110848 5837.90952244492
6934.41996145416 9527.77963587169 4417.49772704883 11135.4978424801 12643.1210032375 8255.0525648382 6932.24947780429 3634.91505439461 3799.35568979561 0.0 11211.8035801716 11333.7119615403 9598.37787678563 8836.26914575065 10082.8426047936 10755.3110202492 4176.38945772067 11548.6467967019 5790.77673783108 6934.41996145416
5196.39740276289 11274.6438788609 10858.9593931609 4546.35261473774 3947.74998906376 3446.0319058159 5758.00917782283 9235.68789028319 8548.05105349717 11211.8035801716 0.0 3435.84810299929 3254.11430658811 4234.10361200617 6794.51120187659 3356.68658286383 8334.90845705465 1843.90633236188 5757.20265842487 5196.39740276289
4407.55391735549 8603.97365970487 9626.59608825393 1183.32301801817 1310.49912918108 5612.4004254608 7819.19374620757 8443.69557184655 9706.75267034739 11333.7119615403 3435.84810299929 0.0 6203.24178985544 2543.55590853205 3780.37709840237 6653.99260349283 7568.35120753536 1686.12038626331 7062.15813136477 4407.55391735549
5573.66793557729 12412.7413455428 10542.1503147855 7092.76328185561 7030.79273766425 1559.51852107251 2994.18789441589 8678.97836717115 6256.06625111012 9598.37787678563 3254.11430658811 6203.24178985544 0.0 5733.19977985559 8698.40753054789 1198.35039706771 7886.33704876586 4923.47446082097 3815.11308466998 5573.66793557729
1906.92030942523 7055.44645763717 7169.23907058445 2364.68538779301 3834.78989908753 4578.51117843553 6348.16272090698 5906.20091610993 7568.60895924136 8836.26914575065 4234.10361200617 2543.55590853205 5733.19977985559 0.0 2974.47822120615 6585.206105449 5026.22016278948 3347.37517508732 5183.64470112528 1906.92030942523
4044.80935181771 4864.09323276285 7091.35858686148 2663.27075213032 4514.40043842636 7542.54626902845 9166.67145127882 6573.67811569848 9798.60019345405 10082.8426047936 6794.51120187659 3780.37709840237 8698.40753054789 2974.47822120615 0.0 9503.40764894489 5908.54711336647 5351.39978254521 7809.98517480531 4044.80935181771
6643.77219287893 13430.7368100415 11727.9427944976 7655.19872170236 7299.25079721789 2742.86858422385 4000.37797853061 9871.16418613177 7323.73207466466 10755.3110202492 3356.68658286383 6653.99260349283 1198.35039706771 6585.206105449 9503.40764894489 0.0 9071.06846139606 5180.58176901337 4989.23407689678 6643.77219287893
3273.39474384322 6116.25528831254 2657.09293794943 7172.99000623627 8847.18079603892 6329.11175882688 6287.68767313181 908.568225851576 4929.7223565722 4176.38945772067 8334.90845705465 7568.35120753536 7886.33704876586 5026.22016278948 5908.54711336647 9071.06846139606 0.0 8150.46804379593 4599.45586566458 3273.39474384322
4877.0920438249 10075.8547066449 10466.3292121256 2859.90447952995 2123.84996390274 4690.50513959791 7019.82263288461 9056.07871059431 9391.0191029486 11548.6467967019 1843.90633236188 1686.12038626331 4923.47446082097 3347.37517508732 5351.39978254521 5180.58176901337 8150.46804379593 0.0 6614.0246489269 4877.0920438249
3785.1227714027 10170.0272058628 7148.44418207944 7411.53955211901 8286.02660230005 2495.50252114055 1700.87231065149 5236.98507246694 2801.64188110848 5790.77673783108 5757.20265842487 7062.15813136477 3815.11308466998 5183.64470112528 7809.98517480531 4989.23407689678 4599.45586566458 6614.0246489269 0.0 3785.1227714027
0.0 6862.12872125404 5677.13877217242 4250.36444878675 5713.87488301458 4111.38097012414 5251.0222561903 4179.22879124342 5837.90952244492 6934.41996145416 5196.39740276289 4407.55391735549 5573.66793557729 1906.92030942523 4044.80935181771 6643.77219287893 3273.39474384322 4877.0920438249 3785.1227714027 0.0
Customer demand
0.75 0.87 0.99 1.86 1.6 0.76 0.89 1.06 1.88 1.53 1.86 0.63 1.18 1.06 1.25
