CustNum 15 StaNum 3
0.0 4930.07109904954 5488.00036989277 5620.99747191087 6187.25070769429 3421.94852966743 5711.78609097662 5392.07067063899 3256.05372415947 3603.3558933804 1588.49306255022 4283.65040275468 6862.12872125404 4876.93912110308 6154.92766853465 3063.75389488283 1698.63395745331 5300.6374763188 2170.53182154152 0.0
4930.07109904954 0.0 4829.71970751092 10008.5775703675 10525.8926657052 7941.64115785643 7259.64039021382 3922.81754080593 5773.07234281896 7013.10908407362 6475.9065591687 2369.45553649274 9635.13289593088 5936.93266924839 10988.1720722695 2671.88181765925 3729.80971056653 1549.039701521 3022.85031846446 4930.07109904954
5488.00036989277 4829.71970751092 0.0 7723.78592950096 11545.588527964 6384.94907259973 2979.39353875872 8292.84083761384 3240.02540922505 4495.71710377053 6208.40150693259 2506.32170903333 12222.3434961519 9375.63725650165 9534.91693257838 5970.02289346383 3900.01949443037 6331.14948582797 3858.74690999711 5488.00036989277
5620.99747191087 10008.5775703675 7723.78592950096 0.0 7184.9582096364 2199.16319757679 5435.65646932165 10990.1004697868 4651.79677224517 3283.59999325391 4186.47275545566 8351.97991123672 10157.7131191867 9943.0551010161 2281.49484948309 8662.90239131888 6290.72224221585 10754.7128029741 6998.03831842475 5620.99747191087
6187.25070769429 10525.8926657052 11545.588527964 7184.9582096364 0.0 6218.55289661037 10876.3522072736 8742.11456117824 8666.82998585872 8076.03697534896 5385.09496718097 10439.1585804206 3840.27556796316 6257.75917809919 5511.80014934676 7932.2784484037 7885.87183982853 10211.1007345242 8294.87379793758 6187.25070769429
3421.94852966743 7941.64115785643 6384.94907259973 2199.16319757679 6218.55289661037 0.0 4836.73519785674 8795.14055564114 3144.92561150411 2046.5279601282 2027.69161127903 6500.4553889528 8572.19968939166 7865.25947584083 3222.61185827958 6469.09392828036 4213.35434294446 8599.06769995958 4918.98051296731 3421.94852966743
5711.78609097662 7259.64039021382 2979.39353875872 5435.65646932165 10876.3522072736 4836.73519785674 0.0 10067.9551691232 2458.27733678522 2822.11356937089 5629.42621514481 4929.88762449441 12478.7108871182 10432.1115842857 7560.21228728034 7506.26802001265 4750.07562813983 8599.11326112702 5142.73039729132 5711.78609097662
5392.07067063899 3922.81754080593 8292.84083761384 10990.1004697868 8742.11456117824 8795.14055564114 10067.9551691232 0.0 7935.77689663911 8773.2507999431 6823.89164364813 5831.35178328969 6619.64667972484 2714.00985333621 11177.2901650012 2585.91228731832 5421.3152189334 2540.56650489768 4931.03475801175 5392.07067063899
3256.05372415947 5773.07234281896 3240.02540922505 4651.79677224517 8666.82998585872 3144.92561150411 2458.27733678522 7935.77689663911 0.0 1373.91285863291 3300.24898877908 3789.38307388325 10035.9228619329 8033.53555895351 6313.19628670813 5350.54403306655 2514.56306891811 6863.50574475476 3072.0743579688 3256.05372415947
3603.3558933804 7013.10908407362 4495.71710377053 3283.59999325391 8076.03697534896 2046.5279601282 2822.11356937089 8773.2507999431 1373.91285863291 0.0 2994.39540487333 5139.82722592412 9951.14109874701 8475.07332858937 5054.36254603088 6228.0748208212 3476.93667898525 7986.9257832375 4135.10889498516 3603.3558933804
1588.49306255022 6475.9065591687 6208.40150693259 4186.47275545566 5385.09496718097 2027.69161127903 5629.42621514481 6823.89164364813 3300.24898877908 2994.39540487333 0.0 5537.23215850589 6957.03545162456 5851.20054098643 4566.43506996884 4624.5610697225 2944.28170672635 6888.63571318171 3569.23619075153 1588.49306255022
4283.65040275468 2369.45553649274 2506.32170903333 8351.97991123672 10439.1585804206 6500.4553889528 4929.88762449441 5831.35178328969 3789.38307388325 5139.82722592412 5537.23215850589 0.0 10419.7709612876 7190.05953071917 9704.75700256992 3676.663315096 2618.12870195453 3833.5234093193 2145.46687688269 4283.65040275468
6862.12872125404 9635.13289593088 12222.3434961519 10157.7131191867 3840.27556796316 8572.19968939166 12478.7108871182 6619.64667972484 10035.9228619329 9951.14109874701 6957.03545162456 10419.7709612876 0.0 3919.34866481776 8956.62529724855 7012.14902626878 8325.01764913915 8784.12663155158 8428.19656996814 6862.12872125404
4876.93912110308 5936.93266924839 9375.63725650165 9943.0551010161 6257.75917809919 7865.25947584083 10432.1115842857 2714.00985333621 8033.53555895351 8475.07332858937 5851.20054098643 7190.05953071917 3919.34866481776 0.0 9610.15161224009 3524.68540878067 5735.10552135614 4916.39188179319 5549.89916436961 4876.93912110308
6154.92766853465 10988.1720722695 9534.91693257838 2281.49484948309 5511.80014934676 3222.61185827958 7560.21228728034 11177.2901650012 6313.19628670813 5054.36254603088 4566.43506996884 9704.75700256992 8956.62529724855 9610.15161224009 0.0 9164.23764541357 7308.31448617432 11454.3581372213 7995.92743245335 6154.92766853465
3063.75389488283 2671.88181765925 5970.02289346383 8662.90239131888 7932.2784484037 6469.09392828036 7506.26802001265 2585.91228731832 5350.54403306655 6228.0748208212 4624.5610697225 3676.663315096 7012.14902626878 3524.68540878067 9164.23764541357 0.0 2835.98761219322 2379.62177672179 2363.98066672705 3063.75389488283
1698.63395745331 3729.80971056653 3900.01949443037 6290.72224221585 7885.87183982853 4213.35434294446 4750.07562813983 5421.3152189334 2514.56306891811 3476.93667898525 2944.28170672635 2618.12870195453 8325.01764913915 5735.10552135614 7308.31448617432 2835.98761219322 0.0 4529.47086457706 708.106062444851 1698.63395745331
5300.6374763188 1549.039701521 6331.14948582797 10754.7128029741 10211.1007345242 8599.06769995958 8599.11326112702 2540.56650489768 6863.50574475476 7986.9257832375 6888.63571318171 3833.5234093193 8784.12663155158 4916.39188179319 11454.3581372213 2379.62177672179 4529.47086457706 0.0 3852.3128490875 5300.6374763188
2170.53182154152 3022.85031846446 3858.74690999711 6998.03831842475 8294.87379793758 4918.98051296731 5142.73039729132 4931.03475801175 3072.0743579688 4135.10889498516 3569.23619075153 2145.46687688269 8428.19656996814 5549.89916436961 7995.92743245335 2363.98066672705 708.106062444851 3852.3128490875 0.0 2170.53182154152
0.0 4930.07109904954 5488.00036989277 5620.99747191087 6187.25070769429 3421.94852966743 5711.78609097662 5392.07067063899 3256.05372415947 3603.3558933804 1588.49306255022 4283.65040275468 6862.12872125404 4876.93912110308 6154.92766853465 3063.75389488283 1698.63395745331 5300.6374763188 2170.53182154152 0.0
Customer demand
1.55 0.63 1.53 0.64 1.25 1.68 0.63 0.89 0.89 1.88 0.87 0.75 1.6 1.25 1.47
