CustNum 15 StaNum 3
0.0 3664.49102794546 4152.1928083464 3603.3558933804 7643.37787663319 6200.16522753427 1745.64095571257 3882.20399819909 4826.18709798854 6743.23509539715 6164.4526757075 796.328913486662 3910.15932890932 5808.46440596946 6463.81912008388 7629.6200303161 3305.48994043889 3476.7951266026 3480.7536302498 0.0
3664.49102794546 0.0 2862.0215455258 1924.45639935555 8168.53821387854 2571.67518735332 4617.58751239554 6456.064668601 5690.59298911036 5652.50978603204 7193.93272159191 4043.54299036181 6817.05447389696 9218.24514623886 5092.98677314691 4580.49018664612 427.32006563587 2328.62908094901 4430.06783588528 3664.49102794546
4152.1928083464 2862.0215455258 0.0 4638.42358952895 10676.1603868437 3832.17968310832 5778.2225117939 7912.24327525205 7982.16774919647 2918.01095000376 4583.10683477375 3960.85648010785 8035.64522953239 9877.5079361779 7935.59847091695 3869.20205118221 2589.2897135818 4947.65979399765 6584.53024066532 4152.1928083464
3603.3558933804 1924.45639935555 4638.42358952895 0.0 6250.78295457283 3899.81561327499 3766.45344401896 5152.10042007709 3871.47444269331 7514.15274438621 8598.54758918809 4271.72895118925 5656.38065790219 8298.99925451995 3364.29065575894 6343.75376266435 2069.01759617429 465.293971582714 2764.04975879239 3603.3558933804
7643.37787663319 8168.53821387854 10676.1603868437 6250.78295457283 0.0 9834.10444727712 6148.19487312553 4861.49469569605 2823.61075685297 13593.9766777389 13795.665459073 8405.00459982636 5511.33124866619 7664.37875783004 4153.3584043045 12495.4947579543 8251.31598432908 5842.01373052888 4226.93843144624 7643.37787663319
6200.16522753427 2571.67518735332 3832.17968310832 3899.81561327499 9834.10444727712 0.0 7173.30669125508 8919.56944564578 7730.60573046723 5674.70858656126 8373.67976330741 6489.57965697285 9331.13067129399 11784.2126289222 6046.64601890285 2772.70485269129 2896.60992593956 4364.8536594591 6660.12193629421 6200.16522753427
1745.64095571257 4617.58751239554 5778.2225117939 3766.45344401896 6148.19487312553 7173.30669125508 0.0 2150.27230814861 3412.61056954878 8464.34779648754 7804.27869157966 2373.96901084927 2283.73857920382 4619.36972606934 5804.19534167951 8990.92278234852 4364.20387987199 3442.85955657688 2300.25085266523 1745.64095571257
3882.20399819909 6456.064668601 7912.24327525205 5152.10042007709 4861.49469569605 8919.56944564578 2150.27230814861 0.0 2744.81790013509 10614.3067880795 9763.69516992077 4429.90189298957 726.082439905198 3447.82497460747 6020.49517899652 10971.3914670092 6274.93234681428 4723.31684514279 2606.58559015757 3882.20399819909
4826.18709798854 5690.59298911036 7982.16774919647 3871.47444269331 2823.61075685297 7730.60573046723 3412.61056954878 2744.81790013509 0.0 10888.4763939263 10972.5020493561 5595.86657748956 3470.75264548237 6129.27094347099 3414.55842857979 10210.9982611414 5694.01729233214 3413.76426570585 1420.45566948557 4826.18709798854
6743.23509539715 5652.50978603204 2918.01095000376 7514.15274438621 13593.9766777389 5674.70858656126 8464.34779648754 10614.3067880795 10888.4763939263 0.0 3756.22125504718 6333.92981863148 10643.0546189779 12137.6535499824 10739.4957430536 4041.47268812267 5445.68179480028 7846.43439353102 9482.8350375054 6743.23509539715
6164.4526757075 7193.93272159191 4583.10683477375 8598.54758918809 13795.665459073 8373.67976330741 7804.27869157966 9763.69516992077 10972.5020493561 3756.22125504718 0.0 5438.29276943588 9535.01622631179 10207.33523544 11949.5659755086 7549.76284717976 6819.50696149167 8757.23903565211 9587.97712175929 6164.4526757075
796.328913486662 4043.54299036181 3960.85648010785 4271.72895118925 8405.00459982636 6489.57965697285 2373.96901084927 4429.90189298957 5595.86657748956 6333.92981863148 5438.29276943588 0.0 4348.38658131782 5921.38176303832 7235.67659027741 7643.77820019739 3646.49990394197 4191.23213999027 4267.88114856062 796.328913486662
3910.15932890932 6817.05447389696 8035.64522953239 5656.38065790219 5511.33124866619 9331.13067129399 2283.73857920382 726.082439905198 3470.75264548237 10643.0546189779 9535.01622631179 4348.38658131782 0.0 2765.49405928691 6724.70465767411 11261.3669970158 6598.91680911226 5247.53106441462 3245.51939129333 3910.15932890932
5808.46440596946 9218.24514623886 9877.5079361779 8298.99925451995 7664.37875783004 11784.2126289222 4619.36972606934 3447.82497460747 6129.27094347099 12137.6535499824 10207.33523544 5921.38176303832 2765.49405928691 0.0 9465.51755859996 13435.4067539393 8936.9218134277 7918.43615463691 6009.32388991682 5808.46440596946
6463.81912008388 5092.98677314691 7935.59847091695 3364.29065575894 4153.3584043045 6046.64601890285 5804.19534167951 6020.49517899652 3414.55842857979 10739.4957430536 11949.5659755086 7235.67659027741 6724.70465767411 9465.51755859996 0.0 8809.84839707471 5347.77997976625 3199.51755332774 3609.81327458827 6463.81912008388
7629.6200303161 4580.49018664612 3869.20205118221 6343.75376266435 12495.4947579543 2772.70485269129 8990.92278234852 10971.3914670092 10210.9982611414 4041.47268812267 7549.76284717976 7643.77820019739 11261.3669970158 13435.4067539393 8809.84839707471 0.0 4703.3574160502 6797.72419007195 9001.99555617139 7629.6200303161
3305.48994043889 427.32006563587 2589.2897135818 2069.01759617429 8251.31598432908 2896.60992593956 4364.20387987199 6274.93234681428 5694.01729233214 5445.68179480028 6819.50696149167 3646.49990394197 6598.91680911226 8936.9218134277 5347.77997976625 4703.3574160502 0.0 2422.76719545631 4382.32216980605 3305.48994043889
3476.7951266026 2328.62908094901 4947.65979399765 465.293971582714 5842.01373052888 4364.8536594591 3442.85955657688 4723.31684514279 3413.76426570585 7846.43439353102 8757.23903565211 4191.23213999027 5247.53106441462 7918.43615463691 3199.51755332774 6797.72419007195 2422.76719545631 0.0 2301.72632660038 3476.7951266026
3480.7536302498 4430.06783588528 6584.53024066532 2764.04975879239 4226.93843144624 6660.12193629421 2300.25085266523 2606.58559015757 1420.45566948557 9482.8350375054 9587.97712175929 4267.88114856062 3245.51939129333 6009.32388991682 3609.81327458827 9001.99555617139 4382.32216980605 2301.72632660038 0.0 3480.7536302498
0.0 3664.49102794546 4152.1928083464 3603.3558933804 7643.37787663319 6200.16522753427 1745.64095571257 3882.20399819909 4826.18709798854 6743.23509539715 6164.4526757075 796.328913486662 3910.15932890932 5808.46440596946 6463.81912008388 7629.6200303161 3305.48994043889 3476.7951266026 3480.7536302498 0.0
Customer demand
1.88 1.26 0.89 0.99 0.89 1.55 1.93 0.87 0.7 1.18 1.43 0.75 1.06 1.18 1.55
