CustNum 15 StaNum 3
0.0 9008.58397090136 1037.76983189623 780.536351548103 5488.00036989277 7994.63030176557 4250.36444878675 2775.67159655498 5153.87819456267 5895.47039913907 3227.77990906402 1597.27400224053 3256.05372415947 3326.47220312085 1745.64095571257 4411.26533248329 4228.33242553 3306.02108852068 1159.43457646915 0.0
9008.58397090136 0.0 8178.49611973358 8718.76380388686 10881.2650158367 16957.4731367515 13251.8096744034 10855.3090027048 4145.07328137048 13146.6058532241 9869.66284828243 10414.8129398599 8006.45740480165 10295.9954932363 7800.84636005251 12406.6675661317 12005.0539723765 10562.5208425777 8007.70477069004 9008.58397090136
1037.76983189623 8178.49611973358 0.0 545.849823388985 6193.66453402325 8935.87441248659 5168.97104394728 3768.81634599829 4521.00669255242 6864.28663421949 3982.02115960251 2633.3375091048 3531.39358925295 3099.36210128416 727.845489547386 5427.39053557885 5221.17611501061 3184.79049691554 1156.82074268961 1037.76983189623
780.536351548103 8718.76380388686 545.849823388985 0.0 6227.24742457996 8440.19064070176 4669.59486422115 3544.39457773063 5059.46833399611 6668.81140533858 3976.19211945508 2279.66191111056 3784.62660559435 2747.81523525509 1078.61927400247 5159.22010271511 4994.04572721706 2788.83439341157 1445.19937822679 780.536351548103
5488.00036989277 10881.2650158367 6193.66453402325 6227.24742457996 0.0 8657.64317353989 6446.63721334537 3432.88634859978 6936.59000554568 2807.83540715087 2263.37343383559 4761.52797158971 3240.02540922505 8718.80726251515 6855.26669596965 3379.21645947141 2950.37649503795 8625.19201985647 5121.76213674025 5488.00036989277
7994.63030176557 16957.4731367515 8935.87441248659 8440.19064070176 8657.64317353989 0.0 3770.83701223186 6393.81908507291 12933.3898601732 6086.33093791221 7854.13629840127 6543.78182616973 9595.15070068838 8393.87425686177 9497.24013385572 5376.84761159161 5850.59712918598 8065.80470288963 8949.76862863427 7994.63030176557
4250.36444878675 13251.8096744034 5168.97104394728 4669.59486422115 6446.63721334537 3770.83701223186 0.0 3283.2995793048 9303.44266773703 4801.98770996866 4880.45450786016 2911.42980287002 6321.9618198482 4957.36457983675 5727.16010648295 3237.26331336556 3562.05727447186 4657.46386730247 5265.82396534861 4250.36444878675
2775.67159655498 10855.3090027048 3768.81634599829 3544.39457773063 3432.88634859978 6393.81908507291 3283.2995793048 0.0 6726.67535779311 3127.01942458919 1597.16612067428 1467.09747507821 3201.75878399607 5563.68260277256 4495.75301812143 1686.14382289333 1453.60253588683 5412.07459021758 3135.98741597132 2775.67159655498
5153.87819456267 4145.07328137048 4521.00669255242 5059.46833399611 6936.59000554568 12933.3898601732 9303.44266773703 6726.67535779311 0.0 9036.92089183539 5734.02413448342 6407.9249844495 3893.62392380682 7261.91843258409 4389.25469343827 8262.13255753722 7860.17575705743 7450.99848249895 4048.88565649111 5153.87819456267
5895.47039913907 13146.6058532241 6864.28663421949 6668.81140533858 2807.83540715087 6086.33093791221 4801.98770996866 3127.01942458919 9036.92089183539 0.0 3340.35117837032 4530.09221366247 5144.862104991 8556.48119591381 7591.78354044437 1717.50817461626 1701.12393335846 8363.90117116267 6087.3149777537 5895.47039913907
3227.77990906402 9869.66284828243 3982.02115960251 3976.19211945508 2263.37343383559 7854.13629840127 4880.45450786016 1597.16612067428 5734.02413448342 3340.35117837032 0.0 2617.62475952786 1889.60820781864 6463.81464239013 4670.9277030951 2635.64450154229 2187.39457789432 6380.76616075162 2980.21152651868 3227.77990906402
1597.27400224053 10414.8129398599 2633.3375091048 2279.66191111056 4761.52797158971 6543.78182616973 2911.42980287002 1467.09747507821 6407.9249844495 4530.09221366247 2617.62475952786 0.0 3563.40516125518 4096.64989028198 3326.32040910317 2924.34180311478 2829.06869155201 3948.92413389207 2408.60683287475 1597.27400224053
3256.05372415947 8006.45740480165 3531.39358925295 3784.62660559435 3240.02540922505 9595.15070068838 6321.9618198482 3201.75878399607 3893.62392380682 5144.862104991 1889.60820781864 3563.40516125518 0.0 6527.53184812173 4048.24096416967 4511.5246122658 4072.82851713632 6541.70340543926 2376.61286029716 3256.05372415947
3326.47220312085 10295.9954932363 3099.36210128416 2747.81523525509 8718.80726251515 8393.87425686177 4957.36457983675 5563.68260277256 7261.91843258409 8556.48119591381 6463.81464239013 4096.64989028198 6527.53184812173 0.0 2919.53905767588 6868.67461262929 6868.84512852197 335.702061662117 4188.20861348557 3326.47220312085
1745.64095571257 7800.84636005251 727.845489547386 1078.61927400247 6855.26669596965 9497.24013385572 5727.16010648295 4495.75301812143 4389.25469343827 7591.78354044437 4670.9277030951 3326.32040910317 4048.24096416967 2919.53905767588 0.0 6150.48392768585 5948.48364781536 3077.62884231963 1743.02014732865 1745.64095571257
4411.26533248329 12406.6675661317 5427.39053557885 5159.22010271511 3379.21645947141 5376.84761159161 3237.26331336556 1686.14382289333 8262.13255753722 1717.50817461626 2635.64450154229 2924.34180311478 4511.5246122658 6868.67461262929 6150.48392768585 0.0 476.426709261324 6665.77882770937 4819.82167332596 4411.26533248329
4228.33242553 12005.0539723765 5221.17611501061 4994.04572721706 2950.37649503795 5850.59712918598 3562.05727447186 1453.60253588683 7860.17575705743 1701.12393335846 2187.39457789432 2829.06869155201 4072.82851713632 6868.84512852197 5948.48364781536 476.426709261324 0.0 6685.25294361243 4535.25771639533 4228.33242553
3306.02108852068 10562.5208425777 3184.79049691554 2788.83439341157 8625.19201985647 8065.80470288963 4657.46386730247 5412.07459021758 7450.99848249895 8363.90117116267 6380.76616075162 3948.92413389207 6541.70340543926 335.702061662117 3077.62884231963 6665.77882770937 6685.25294361243 0.0 4233.84949750917 3306.02108852068
1159.43457646915 8007.70477069004 1156.82074268961 1445.19937822679 5121.76213674025 8949.76862863427 5265.82396534861 3135.98741597132 4048.88565649111 6087.3149777537 2980.21152651868 2408.60683287475 2376.61286029716 4188.20861348557 1743.02014732865 4819.82167332596 4535.25771639533 4233.84949750917 0.0 1159.43457646915
0.0 9008.58397090136 1037.76983189623 780.536351548103 5488.00036989277 7994.63030176557 4250.36444878675 2775.67159655498 5153.87819456267 5895.47039913907 3227.77990906402 1597.27400224053 3256.05372415947 3326.47220312085 1745.64095571257 4411.26533248329 4228.33242553 3306.02108852068 1159.43457646915 0.0
Customer demand
1.93 1.23 1.23 0.63 0.98 0.99 0.7 1.46 0.87 1.55 0.94 0.89 1.53 1.55 0.75
