CustNum 20 StaNum 4
0.0 2167.21014974527 4216.07107929645 6788.88437243743 4360.94317982913 4527.15434158156 6200.16522753427 2683.07667507907 5620.99747191087 6187.25070769429 796.328913486662 3421.94852966743 3477.90979876784 3333.16201644405 4784.17253718498 7247.61430850904 3314.12262086592 5672.90249240089 4044.80935181771 7207.71595003041 2527.6231202189 3273.39474384322 4103.4787959502 3581.03029391578 4862.06436145712 0.0
2167.21014974527 0.0 6311.56802749416 8461.89582608825 3415.52584372977 6207.19514016141 8030.7245957109 4439.28198023295 5412.57118992816 4021.14413192753 2545.78982891678 3474.85991045452 4251.09399164814 1339.82880560882 5239.2746722049 8516.848105325 4268.09812783409 3560.36365318021 4223.26039396975 6684.49815958154 4664.41220739078 1691.47799970181 6238.90222511901 1584.1203751981 3071.63682786769 2167.21014974527
4216.07107929645 6311.56802749416 0.0 6163.86136798998 8239.92413181628 2211.12521194324 2617.53691090008 3969.75423654959 6939.19795978733 10297.1793614341 4272.79894943514 5375.00657173434 6050.99568750455 7256.04309074277 7313.48834091026 7657.15176020115 5713.45984689981 9865.45633323629 7109.16079430984 8622.35292450505 1712.96967122317 6904.91950443929 451.331575400258 7793.6414160016 9055.66523321781 4216.07107929645
6788.88437243743 8461.89582608825 6163.86136798998 0.0 7717.85055890217 8300.06207770665 8563.36329895103 4111.22035803093 12035.664529653 11927.195419582 6080.24378560707 9940.03166357302 4700.67510449358 9800.35961071852 4834.12342821238 1988.88499995413 4488.70883756869 11058.7577583785 5606.72746936387 13727.670979086 5858.53936853193 9963.34568924496 5715.85870631286 9134.50272362453 9538.60594706294 6788.88437243743
4360.94317982913 3415.52584372977 8239.92413181628 7717.85055890217 0.0 8884.59163841185 10495.1304592516 4783.13297775519 8821.73207419803 4673.66038057925 4010.16554674274 6867.68098225341 3076.70970410977 4197.04547777392 3095.56428932039 6975.48352798791 3366.41481835952 3663.99656795166 2127.65759877455 10018.2715520366 6552.96927417421 4888.11938620815 7997.40673733872 2542.80781871064 1990.88843550719 4360.94317982913
4527.15434158156 6207.19514016141 2211.12521194324 8300.06207770665 8884.59163841185 0.0 1901.96920776645 5459.29253113486 5125.05545659581 9894.38698470591 4948.00360101375 4076.77224130604 7334.1226639176 6789.98253576624 8680.30645823668 9659.77168979245 7038.56834581682 9679.48884186198 8236.19080705788 6724.33699044943 2816.15865521067 6236.31760360823 2629.53208589426 7789.85211598886 9233.17856715255 4527.15434158156
6200.16522753427 8030.7245957109 2617.53691090008 8563.36329895103 10495.1304592516 1901.96920776645 0.0 6545.91045523464 6738.2855804146 11784.1283676002 6489.57965697285 5946.31832800825 8586.07565654859 8676.80539640211 9882.13037174719 10188.6436093121 8259.50017484816 11540.4713933496 9594.79245841803 8213.68944876683 4032.73944543156 8135.97889769098 3042.42547604371 9604.5581877386 11010.7822081532 6200.16522753427
2683.07667507907 4439.28198023295 3969.75423654959 4111.22035803093 4783.13297775519 5459.29253113486 6545.91045523464 0.0 8125.0943687247 8194.04053598186 1972.76967765403 5959.98551787594 2110.6475323183 5761.09994415809 3343.79553722074 4672.88704548011 1762.12972888723 7451.51551043881 3229.89630916301 9775.93682416018 2643.8316685096 5866.84563899057 3606.60358081228 5374.42414570316 6165.14253680593 2683.07667507907
5620.99747191087 5412.57118992816 6939.19795978733 12035.664529653 8821.73207419803 5125.05545659581 6738.2855804146 8125.0943687247 0.0 7184.9582096364 6416.50834203506 2199.16319757679 9053.22837542683 4849.8643274648 10290.7964322834 12793.5569264687 8921.63299539566 7519.12029263543 9400.62150455359 1713.75812339539 6306.14948822162 4064.90775599184 7217.61306651144 6561.09101384113 8019.41460232283 5620.99747191087
6187.25070769429 4021.14413192753 10297.1793614341 11927.195419582 4673.66038057925 9894.38698470591 11784.1283676002 8194.04053598186 7184.9582096364 0.0 6477.62387088981 6218.55289661037 7274.99312397702 3108.30265823716 7698.17832454261 11510.685999442 7447.55988932728 1035.12270768715 6647.04717971417 7629.10638643162 8678.03692368606 3696.37360154007 10248.0292770956 2823.86312896854 2700.46632041485 6187.25070769429
796.328913486662 2545.78982891678 4272.79894943514 6080.24378560707 4010.16554674274 4948.00360101375 6489.57965697285 1972.76967765403 6416.50834203506 6477.62387088981 0.0 4217.67125551705 2714.70813717311 3831.39160151733 4044.13413327786 6464.08313485335 2531.51419494173 5854.49371207699 3379.13890397243 8003.02490337916 2564.40866347547 3895.93754987783 4079.1397880844 3732.01799902464 4833.14206089411 796.328913486662
3421.94852966743 3474.85991045452 5375.00657173434 9940.03166357302 6867.68098225341 4076.77224130604 5946.31832800825 5959.98551787594 2199.16319757679 6218.55289661037 4217.67125551705 0.0 6861.34363871341 3322.74379392381 8114.79430009571 10617.0234208377 6724.17904689467 6267.91242593724 7253.2224410094 3816.06019388084 4390.0243801347 2577.71374185241 5560.51599511832 4855.24450031934 6380.18251034089 3421.94852966743
3477.90979876784 4251.09399164814 6050.99568750455 4700.67510449358 3076.70970410977 7334.1226639176 8586.07565654859 2110.6475323183 9053.22837542683 7274.99312397702 2714.70813717311 6861.34363871341 0.0 5544.75928154464 1358.47070671648 4321.85694379448 354.23416395667 6374.27073327976 1157.0607177865 10574.5910153549 4582.51667259064 5924.57002844194 5704.96762894082 4544.28323783882 4838.10623421279 3477.90979876784
3333.16201644405 1339.82880560882 7256.04309074277 9800.35961071852 4197.04547777392 6789.98253576624 8676.80539640211 5761.09994415809 4849.8643274648 3108.30265823716 3831.39160151733 3322.74379392381 5544.75928154464 0.0 6447.47425037762 9836.65733689493 5583.63475790917 2969.60442541643 5396.81044573137 5864.73961580986 5699.62824791538 789.729534271874 7244.55619383042 1738.66390031146 3170.08449355587 3333.16201644405
4784.17253718498 5239.2746722049 7313.48834091026 4834.12342821238 3095.56428932039 8680.30645823668 9882.13037174719 3343.79553722074 10290.7964322834 7698.17832454261 4044.13413327786 8114.79430009571 1358.47070671648 6447.47425037762 0.0 3884.02915711615 1642.08707076704 6718.50224488873 1077.06020710511 11763.2109551499 5908.33279340146 6930.34466315081 6944.97590595751 5174.99178967165 5067.85811041235 4784.17253718498
7247.61430850904 8516.848105325 7657.15176020115 1988.88499995413 6975.48352798791 9659.77168979245 10188.6436093121 4672.88704548011 12793.5569264687 11510.685999442 6464.08313485335 10617.0234208377 4321.85694379448 9836.65733689493 3884.02915711615 0.0 4253.21854645907 10558.5693093395 4880.2493466081 14430.984798979 6983.43926462565 10150.0379536827 7207.15046928683 8848.24651454622 8931.069946122 7247.61430850904
3314.12262086592 4268.09812783409 5713.45984689981 4488.70883756869 3366.41481835952 7038.56834581682 8259.50017484816 1762.12972888723 8921.63299539566 7447.55988932728 2531.51419494173 6724.17904689467 354.23416395667 5583.63475790917 1642.08707076704 4253.21854645907 0.0 6570.0541927083 1508.0683806487 10469.1762091442 4269.18252890203 5920.06803021483 5362.45589895244 4681.63111634091 5069.4250108282 3314.12262086592
5672.90249240089 3560.36365318021 9865.45633323629 11058.7577583785 3663.99656795166 9679.48884186198 11540.4713933496 7451.51551043881 7519.12029263543 1035.12270768715 5854.49371207699 6267.91242593724 6374.27073327976 2969.60442541643 6718.50224488873 10558.5693093395 6570.0541927083 0.0 5681.34523100868 8163.46518692261 8198.25322533565 3690.28275146739 9774.97605786915 2122.47572765616 1677.72942068292 5672.90249240089
4044.80935181771 4223.26039396975 7109.16079430984 5606.72746936387 2127.65759877455 8236.19080705788 9594.79245841803 3229.89630916301 9400.62150455359 6647.04717971417 3379.13890397243 7253.2224410094 1157.0607177865 5396.81044573137 1077.06020710511 4880.2493466081 1508.0683806487 5681.34523100868 0.0 10823.7187461835 5564.2813568812 5908.54711336647 6784.04583082075 4097.93699711491 4052.22119757437 4044.80935181771
7207.71595003041 6684.49815958154 8622.35292450505 13727.670979086 10018.2715520366 6724.33699044943 8213.68944876683 9775.93682416018 1713.75812339539 7629.10638643162 8003.02490337916 3816.06019388084 10574.5910153549 5864.73961580986 11763.2109551499 14430.984798979 10469.1762091442 8163.46518692261 10823.7187461835 0.0 8019.3027959271 5133.28277289651 8913.43382313319 7601.5596827441 8952.43937419157 7207.71595003041
2527.6231202189 4664.41220739078 1712.96967122317 5858.53936853193 6552.96927417421 2816.15865521067 4032.73944543156 2643.8316685096 6306.14948822162 8678.03692368606 2564.40866347547 4390.0243801347 4582.51667259064 5699.62824791538 5908.33279340146 6983.43926462565 4269.18252890203 8198.25322533565 5564.2813568812 8019.3027959271 0.0 5441.8448325389 1576.76529802709 6108.04249233075 7345.91348315577 2527.6231202189
3273.39474384322 1691.47799970181 6904.91950443929 9963.34568924496 4888.11938620815 6236.31760360823 8135.97889769098 5866.84563899057 4064.90775599184 3696.37360154007 3895.93754987783 2577.71374185241 5924.57002844194 789.729534271874 6930.34466315081 10150.0379536827 5920.06803021483 3690.28275146739 5908.54711336647 5133.28277289651 5441.8448325389 0.0 6939.17391556838 2502.72629096799 3957.93741523814 3273.39474384322
4103.4787959502 6238.90222511901 451.331575400258 5715.85870631286 7997.40673733872 2629.53208589426 3042.42547604371 3606.60358081228 7217.61306651144 10248.0292770956 4079.1397880844 5560.51599511832 5704.96762894082 7244.55619383042 6944.97590595751 7207.15046928683 5362.45589895244 9774.97605786915 6784.04583082075 8913.43382313319 1576.76529802709 6939.17391556838 0.0 7682.54330973399 8898.16865642369 4103.4787959502
3581.03029391578 1584.1203751981 7793.6414160016 9134.50272362453 2542.80781871064 7789.85211598886 9604.5581877386 5374.42414570316 6561.09101384113 2823.86312896854 3732.01799902464 4855.24450031934 4544.28323783882 1738.66390031146 5174.99178967165 8848.24651454622 4681.63111634091 2122.47572765616 4097.93699711491 7601.5596827441 6108.04249233075 2502.72629096799 7682.54330973399 0.0 1530.14245110422 3581.03029391578
4862.06436145712 3071.63682786769 9055.66523321781 9538.60594706294 1990.88843550719 9233.17856715255 11010.7822081532 6165.14253680593 8019.41460232283 2700.46632041485 4833.14206089411 6380.18251034089 4838.10623421279 3170.08449355587 5067.85811041235 8931.069946122 5069.4250108282 1677.72942068292 4052.22119757437 8952.43937419157 7345.91348315577 3957.93741523814 8898.16865642369 1530.14245110422 0.0 4862.06436145712
0.0 2167.21014974527 4216.07107929645 6788.88437243743 4360.94317982913 4527.15434158156 6200.16522753427 2683.07667507907 5620.99747191087 6187.25070769429 796.328913486662 3421.94852966743 3477.90979876784 3333.16201644405 4784.17253718498 7247.61430850904 3314.12262086592 5672.90249240089 4044.80935181771 7207.71595003041 2527.6231202189 3273.39474384322 4103.4787959502 3581.03029391578 4862.06436145712 0.0
Customer demand
1.53 1.25 0.75 1.88 1.53 0.89 0.75 1.53 0.64 1.43 1.25 1.53 0.89 1.93 0.65 0.65 1.68 1.06 1.53 0.99
