CustNum 20 StaNum 4
0.0 6254.81747343177 4784.17253718498 6816.38805872795 2733.72538261715 1597.27400224053 7215.56658057247 4915.651258966 3068.88767862987 4044.80935181771 3520.19752647815 6154.92766853465 4935.48637223904 4134.76979000783 6858.47520352823 4054.40037517112 4250.36444878675 2147.88814376527 5153.87819456267 5392.07067063899 3948.69415623229 3476.7951266026 3359.18068251518 4569.58483756973 4135.17035118091 0.0
6254.81747343177 0.0 11019.4223154065 12023.4763442537 8150.67772659169 7438.98263192856 3351.7059416706 10241.4644401325 3593.82657310587 10190.4611126941 9644.54301076681 3412.92545596286 4827.35347190132 3192.69653599961 1164.18542987841 2799.02181447093 10347.573794394 4115.74063505144 1150.72023322433 11643.4974100505 8582.29392262044 3067.15921669457 7041.97511771663 7531.40819611292 8509.82697378373 6254.81747343177
4784.17253718498 11019.4223154065 0.0 5496.62002473081 4225.1635130786 4049.71022297842 11481.4884081093 3362.89624487471 7618.85247997191 1077.06020710511 2261.52482417477 10328.0847123842 8570.79982234561 8780.60567631057 11538.3375827373 8601.98421987879 2182.08745078745 6930.44296612932 9898.26334525836 1049.1969814883 4462.53694076432 8235.36604788711 6216.56491229097 6405.33657536479 4815.10772398918 4784.17253718498
6816.38805872795 12023.4763442537 5496.62002473081 0.0 4130.25301296066 5219.23441459523 13847.9646074709 8655.16274185922 9695.07401705075 6170.92238803969 3998.11863483851 12870.358043638 11747.5128045006 8926.10862292089 12948.3038733137 10601.1768520511 3527.52480476556 8350.02372446678 11159.2637609347 4710.17935149127 9147.97059075356 8978.35780962249 5029.45250001579 10711.4640450341 9488.08390851152 6816.38805872795
2733.72538261715 8150.67772659169 4225.1635130786 4130.25301296066 0.0 1170.49491689412 9732.56428444763 6100.1352195728 5569.27043622691 4107.21646691027 2025.2837595518 8741.69235053412 7662.12740442108 5275.97792506709 8980.07160731304 6490.15988218512 2517.91459165559 4263.62163247622 7190.69091281517 4278.40234686002 5874.09084243772 5087.76073548157 2001.77559848567 7035.88900757534 6160.96551133133 2733.72538261715
1597.27400224053 7438.98263192856 4049.71022297842 5219.23441459523 1170.49491689412 0.0 8739.79216612039 5280.84336219219 4566.88353519341 3638.41620189826 2225.37340405659 7709.21076342406 6531.56772076663 4825.74870750792 8174.51278299598 5524.69171326212 2911.42980287002 3387.77091494785 6407.9249844495 4387.69598219992 4830.71355662284 4438.77222830164 2479.93791057284 5885.45985953913 5096.7062535821 1597.27400224053
7215.56658057247 3351.7059416706 11481.4884081093 13847.9646074709 9732.56428444763 8739.79216612039 0.0 9720.64519596636 4173.67977276237 10482.2087703592 10712.0000199735 1170.60985916753 3204.41011902686 5896.37772733329 2341.91039220802 3247.22395256495 11443.6129010079 5509.2557799344 3290.36070858103 12317.8821889458 7911.04300007621 5278.75285420981 9219.9927138405 6247.89774689251 7707.64552239796 7215.56658057247
4915.651258966 10241.4644401325 3362.89624487471 8655.16274185922 6100.1352195728 5280.84336219219 9720.64519596636 0.0 6651.5106677538 2490.03596917298 4796.84818042738 8557.97461901562 6538.57484587193 8910.1316137687 10429.1233685059 7486.17186296538 5134.03822447272 6645.71358197785 9096.48007114671 4393.80254758535 1811.63353687132 8088.65926997528 7758.75187168529 3709.48271583599 2054.06602215762 4915.651258966
3068.88767862987 3593.82657310587 7618.85247997191 9695.07401705075 5569.27043622691 4566.88353519341 4173.67977276237 6651.5106677538 0.0 6713.98003921047 6587.70674220604 3178.26835516063 2629.09782126605 3142.34781281253 3932.82271417538 993.950958582085 7318.53133822006 1480.34466555968 2445.82588471616 8352.51457629156 5029.15601261281 2160.65071097009 5292.64741827573 4286.03101679284 4990.80603737711 3068.88767862987
4044.80935181771 10190.4611126941 1077.06020710511 6170.92238803969 4107.21646691027 3638.41620189826 10482.2087703592 2490.03596917298 6713.98003921047 0.0 2428.87484029877 9322.05513538819 7525.9029925556 8148.15329311781 10646.3204320639 7683.34563015778 2663.27075213032 6157.23535730978 9054.32972287327 2100.63424081372 3401.60946430604 7521.27532506146 6011.54404305915 5330.8900259027 3756.14839666636 4044.80935181771
3520.19752647815 9644.54301076681 2261.52482417477 3998.11863483851 2025.2837595518 2225.37340405659 10712.0000199735 4796.84818042738 6587.70674220604 2428.87484029877 0.0 9622.8877028259 8178.16425446571 7032.79812684381 10337.2790045822 7574.57994488228 731.782836024708 5554.06993803906 8591.12254671417 2261.87629737148 5149.85279990271 6662.8879901479 4025.48686664752 6763.95904945979 5490.44803521137 3520.19752647815
6154.92766853465 3412.92545596286 10328.0847123842 12870.358043638 8741.69235053412 7709.21076342406 1170.60985916753 8557.97461901562 3178.26835516063 9322.05513538819 9622.8877028259 0.0 2072.46927400696 5367.69092750047 2705.61372670156 2350.96008943295 10353.2542168251 4597.73045834673 2951.02192672293 11177.2901650012 6750.15708700068 4615.07784153421 8386.89405113908 5131.83712725727 6553.8878406526 6154.92766853465
4935.48637223904 4827.35347190132 8570.79982234561 11747.5128045006 7662.12740442108 6531.56772076663 3204.41011902686 6538.57484587193 2629.09782126605 7525.9029925556 8178.16425446571 2072.46927400696 0.0 5653.50414207893 4478.89529072303 2450.78968211558 8891.896057019 4048.93677621809 3949.15631041191 9486.00920224726 4726.96853542016 4709.02326053726 7771.44379726955 3059.88469171616 4509.97018525624 4935.48637223904
4134.76979000783 3192.69653599961 8780.60567631057 8926.10862292089 5275.97792506709 4825.74870750792 5896.37772733329 8910.1316137687 3142.34781281253 8148.15329311781 7032.79812684381 5367.69092750047 5653.50414207893 0.0 4262.87448496456 3261.62685149041 7678.11864357003 2313.53576739255 2635.60947045531 9209.63103722794 7588.87590415995 986.458525377622 3902.11053476301 7298.04465729351 7651.23199354244 4134.76979000783
6858.47520352823 1164.18542987841 11538.3375827373 12948.3038733137 8980.07160731304 8174.51278299598 2341.91039220802 10429.1233685059 3932.82271417538 10646.3204320639 10337.2790045822 2705.61372670156 4478.89529072303 4262.87448496456 0.0 2982.70866588253 11055.7212333537 4789.16537446431 1792.2545236662 12234.30668281 8693.61523116006 3976.61543312371 8026.10390868655 7408.07622013311 8574.79746048491 6858.47520352823
4054.40037517112 2799.02181447093 8601.98421987879 10601.1768520511 6490.15988218512 5524.69171326212 3247.22395256495 7486.17186296538 993.950958582085 7683.34563015778 7574.57994488228 2350.96008943295 2450.78968211558 3261.62685149041 2982.70866588253 0.0 8304.69506527555 2266.98539854507 1705.73535003968 9344.70703024667 5794.45770496822 2379.45881579004 6036.56738269666 4774.7702049995 5713.02595808792 4054.40037517112
4250.36444878675 10347.573794394 2182.08745078745 3527.52480476556 2517.91459165559 2911.42980287002 11443.6129010079 5134.03822447272 7318.53133822006 2663.27075213032 731.782836024708 10353.2542168251 8891.896057019 7678.11864357003 11055.7212333537 8304.69506527555 0.0 6268.89604611758 9303.44266773703 1849.21457785211 5684.42282238291 7347.15458504476 4470.896035807 7379.8311548492 6032.90271813927 4250.36444878675
2147.88814376527 4115.74063505144 6930.44296612932 8350.02372446678 4263.62163247622 3387.77091494785 5509.2557799344 6645.71358197785 1480.34466555968 6157.23535730978 5554.06993803906 4597.73045834673 4048.93677621809 2313.53576739255 4789.16537446431 2266.98539854507 6268.89604611758 0.0 3038.06361539961 7528.56178927823 5276.5521867182 1443.08263500895 3815.59650211037 5080.2399624608 5338.29649101566 2147.88814376527
5153.87819456267 1150.72023322433 9898.26334525836 11159.2637609347 7190.69091281517 6407.9249844495 3290.36070858103 9096.48007114671 2445.82588471616 9054.32972287327 8591.12254671417 2951.02192672293 3949.15631041191 2635.60947045531 1792.2545236662 1705.73535003968 9303.44266773703 3038.06361539961 0.0 10545.8013425271 7451.09536941595 2201.86133231976 6262.16219102046 6478.61710621689 7388.98609432812 5153.87819456267
5392.07067063899 11643.4974100505 1049.1969814883 4710.17935149127 4278.40234686002 4387.69598219992 12317.8821889458 4393.80254758535 8352.51457629156 2100.63424081372 2261.87629737148 11177.2901650012 9486.00920224726 9209.63103722794 12234.30668281 9344.70703024667 1849.21457785211 7528.56178927823 10545.8013425271 0.0 5500.90623136883 8755.39503801939 6269.78949739504 7427.06125640586 5854.7611788549 5392.07067063899
3948.69415623229 8582.29392262044 4462.53694076432 9147.97059075356 5874.09084243772 4830.71355662284 7911.04300007621 1811.63353687132 5029.15601261281 3401.60946430604 5149.85279990271 6750.15708700068 4726.96853542016 7588.87590415995 8693.61523116006 5794.45770496822 5684.42282238291 5276.5521867182 7451.09536941595 5500.90623136883 0.0 6693.2816166187 7181.26237589829 1998.31753586373 356.126610722528 3948.69415623229
3476.7951266026 3067.15921669457 8235.36604788711 8978.35780962249 5087.76073548157 4438.77222830164 5278.75285420981 8088.65926997528 2160.65071097009 7521.27532506146 6662.8879901479 4615.07784153421 4709.02326053726 986.458525377622 3976.61543312371 2379.45881579004 7347.15458504476 1443.08263500895 2201.86133231976 8755.39503801939 6693.2816166187 0.0 4060.60866105557 6322.42480315388 6736.36804787289 3476.7951266026
3359.18068251518 7041.97511771663 6216.56491229097 5029.45250001579 2001.77559848567 2479.93791057284 9219.9927138405 7758.75187168529 5292.64741827573 6011.54404305915 4025.48686664752 8386.89405113908 7771.44379726955 3902.11053476301 8026.10390868655 6036.56738269666 4470.896035807 3815.59650211037 6262.16219102046 6269.78949739504 7181.26237589829 4060.60866105557 0.0 7923.04278202383 7411.67592989789 3359.18068251518
4569.58483756973 7531.40819611292 6405.33657536479 10711.4640450341 7035.88900757534 5885.45985953913 6247.89774689251 3709.48271583599 4286.03101679284 5330.8900259027 6763.95904945979 5131.83712725727 3059.88469171616 7298.04465729351 7408.07622013311 4774.7702049995 7379.8311548492 5080.2399624608 6478.61710621689 7427.06125640586 1998.31753586373 6322.42480315388 7923.04278202383 0.0 1681.3414083878 4569.58483756973
4135.17035118091 8509.82697378373 4815.10772398918 9488.08390851152 6160.96551133133 5096.7062535821 7707.64552239796 2054.06602215762 4990.80603737711 3756.14839666636 5490.44803521137 6553.8878406526 4509.97018525624 7651.23199354244 8574.79746048491 5713.02595808792 6032.90271813927 5338.29649101566 7388.98609432812 5854.7611788549 356.126610722528 6736.36804787289 7411.67592989789 1681.3414083878 0.0 4135.17035118091
0.0 6254.81747343177 4784.17253718498 6816.38805872795 2733.72538261715 1597.27400224053 7215.56658057247 4915.651258966 3068.88767862987 4044.80935181771 3520.19752647815 6154.92766853465 4935.48637223904 4134.76979000783 6858.47520352823 4054.40037517112 4250.36444878675 2147.88814376527 5153.87819456267 5392.07067063899 3948.69415623229 3476.7951266026 3359.18068251518 4569.58483756973 4135.17035118091 0.0
Customer demand
0.75 1.93 1.23 0.98 0.94 1.55 1.25 1.26 1.06 1.6 1.25 1.88 1.23 0.65 1.6 0.99 0.76 1.46 0.63 1.6
