CustNum 20 StaNum 4
0.0 2865.25103200532 2406.67937560857 4077.38564727302 2438.5660304295 1906.92030942523 3594.54449066281 3227.77990906402 3557.40864317134 4826.18709798854 3477.90979876784 5488.00036989277 5573.66793557729 1597.27400224053 2527.6231202189 3733.63615340927 4915.651258966 6643.77219287893 3820.65254429178 2147.88814376527 3421.94852966743 3207.57031378248 4877.0920438249 1159.43457646915 3306.02108852068 0.0
2865.25103200532 0.0 3469.13944872423 6522.66410749955 4350.53405025822 4084.73355587957 2912.65789812264 2231.19073380815 1868.35379328439 4504.30186791268 6044.8726178803 3811.3912883577 3458.87465243301 3424.24382472034 2143.77586148279 6372.2473598412 7751.50488837762 4655.09326419809 6014.35363554862 1577.13188992855 2586.1635557809 3027.89411194165 5524.02675727992 1878.38403680492 6099.08541955415 2865.25103200532
2406.67937560857 3469.13944872423 0.0 6099.96053099468 1179.20622918711 1364.75231050622 1918.49677501326 2048.93570936094 5023.11936045675 6982.77605175842 3197.17917727451 3996.19810660198 4451.83237586394 944.25747534918 1507.76137326464 3597.82987309423 6121.6753467563 5245.37113054736 2751.98155720102 3837.18634020672 5286.7115982143 1340.36661509004 2489.60680526037 2956.67091071269 4862.59911410559 2406.67937560857
4077.38564727302 6522.66410749955 6099.96053099468 0.0 5442.20475049667 4912.88944921833 7634.08809559426 7304.3467648486 6174.28843063889 5342.73893922702 4684.00445756315 9565.38234049837 9618.81254275666 5156.06390798334 6597.53181281971 4550.27928208991 2491.63309430109 10713.6945921936 5736.11044886397 5116.93152279881 5401.1131717899 7188.71887066352 8241.01428724049 4676.57251687848 1661.67272839764 4077.38564727302
2438.5660304295 4350.53405025822 1179.20622918711 5442.20475049667 0.0 582.41011489008 3087.9916095304 3216.54828918591 5672.79859814477 7260.89201265906 2019.31534848213 5151.39458717711 5630.37010065422 967.651106062477 2619.48236889099 2421.89604996429 5108.69462658322 6400.48688874232 1669.81321217217 4348.53824051208 5751.38990809173 2505.45816833979 2799.51066948444 3358.7307491696 4026.00826329488 2438.5660304295
1906.92030942523 4084.73355587957 1364.75231050622 4912.88944921833 582.41011489008 0.0 3253.02516481641 3260.26109844302 5270.231007416 6731.94230917535 2012.28418337587 5338.80873930975 5733.19977985559 686.93429191517 2592.66908807876 2382.93149758602 4758.87597697783 6585.206105449 1986.63790696393 3909.49531711406 5280.32975708531 2687.79852208561 3347.37517508732 2902.91701590653 3558.09362036133 1906.92030942523
3594.54449066281 2912.65789812264 1918.49677501326 7634.08809559426 3087.9916095304 3253.02516481641 0.0 681.912616847629 4770.06872540925 7253.3279139382 5106.27990796083 2085.90368694313 2559.61393266522 2683.56904715479 1109.64920546691 5509.8167792889 7964.40632084201 3332.46445425455 4543.18736467822 4023.87517879574 5363.86749096615 583.466138118332 2815.96342763745 3520.78151356656 6590.13378412948 3594.54449066281
3227.77990906402 2231.19073380815 2048.93570936094 7304.3467648486 3216.54828918591 3260.26109844302 681.912616847629 0.0 4091.08282493473 6603.65943429253 5217.5538577392 2263.37343383559 2487.94413589285 2617.62475952786 726.404242670636 5610.09462283695 7839.69639698586 3451.71810204367 4789.96781959248 3394.19219314901 4704.40683415506 954.466401237557 3428.78176138922 2980.21152651868 6380.76616075162 3227.77990906402
3557.40864317134 1868.35379328439 5023.11936045675 6174.28843063889 5672.79859814477 5270.231007416 4770.06872540925 4091.08282493473 0.0 2768.13437262543 7031.2198760566 5562.26533726154 5057.32219787332 4705.17736319495 3906.85843825102 7290.67743112638 7928.55624089956 6242.88371876025 7256.57865014619 1411.0196403475 982.088679927244 4832.89507494908 7280.13906444082 2409.42346725856 6243.08585143777 3557.40864317134
4826.18709798854 4504.30186791268 6982.77605175842 5342.73893922702 7260.89201265906 6731.94230917535 7253.3279139382 6603.65943429253 2768.13437262543 0.0 8017.14615105695 8294.98461726637 7823.31869052289 6365.29978082225 6243.41174257704 8154.85373225853 7655.27681604521 9010.71379915646 8585.92257049193 3249.00593129893 1918.71027426716 7182.88068305379 9436.05656286827 4026.30049003534 6143.26707435126 4826.18709798854
3477.90979876784 6044.8726178803 3197.17917727451 4684.00445756315 2019.31534848213 2012.28418337587 5106.27990796083 5217.5538577392 7031.2198760566 8017.14615105695 0.0 7160.6753323833 7649.01155119799 2699.06864604865 4582.51667259064 408.301100949392 3523.43121828618 8408.20126645642 1126.29472524882 5624.46839211147 6861.34363871341 4523.21063971966 4206.72630029578 4622.66511003933 3033.1217366162 3477.90979876784
5488.00036989277 3811.3912883577 3996.19810660198 9565.38234049837 5151.39458717711 5338.80873930975 2085.90368694313 2263.37343383559 5562.26533726154 8294.98461726637 7160.6753323833 0.0 928.183451717073 4761.52797158971 2981.93476409668 7567.07917471784 10038.7877951213 1249.4674015864 6509.94613389654 5302.5076854208 6384.94907259973 2656.14575228034 4100.90561396801 5121.76213674025 8625.19201985647 5488.00036989277
5573.66793557729 3458.87465243301 4451.83237586394 9618.81254275666 5630.37010065422 5733.19977985559 2559.61393266522 2487.94413589285 5057.32219787332 7823.31869052289 7649.01155119799 928.183451717073 0.0 5103.05619910176 3201.63418668086 8049.12485317221 10316.0357431625 1198.35039706771 7099.64453709838 5022.72879945664 5946.7681154758 3140.40953910326 4923.47446082097 5021.00521141026 8820.96482430227 5573.66793557729
1597.27400224053 3424.24382472034 944.25747534918 5156.06390798334 967.651106062477 686.93429191517 2683.56904715479 2617.62475952786 4705.17736319495 6365.29978082225 2699.06864604865 4761.52797158971 5103.05619910176 0.0 1928.79649113671 3067.07030026086 5280.84336219219 5999.61097233374 2598.10952248797 3387.77091494785 4802.23972500504 2146.72644196344 3309.48529746145 2408.60683287475 3948.92413389207 1597.27400224053
2527.6231202189 2143.77586148279 1507.76137326464 6597.53181281971 2619.48236889099 2592.66908807876 1109.64920546691 726.404242670636 3906.85843825102 6243.41174257704 4582.51667259064 2981.93476409668 3201.63418668086 1928.79649113671 0.0 4966.53265870611 7117.44980314655 4177.83832005686 4250.2033855004 2995.00513452977 4390.0243801347 942.859237232653 3386.1580526914 2418.34527984416 5654.49941792789 2527.6231202189
3733.63615340927 6372.2473598412 3597.82987309423 4550.27928208991 2421.89604996429 2382.93149758602 5509.8167792889 5610.09462283695 7290.67743112638 8154.85373225853 408.301100949392 7567.07917471784 8049.12485317221 3067.07030026086 4966.53265870611 0.0 3206.83955712725 8814.9201566288 1443.14479373002 5880.22792627891 7075.50418109238 4927.05414902054 4581.77963085668 4889.03768658716 2888.69173182165 3733.63615340927
4915.651258966 7751.50488837762 6121.6753467563 2491.63309430109 5108.69462658322 4758.87597697783 7964.40632084201 7839.69639698586 7928.55624089956 7655.27681604521 3523.43121828618 10038.7877951213 10316.0357431625 5280.84336219219 7117.44980314655 3206.83955712725 0.0 11270.3121083766 4640.89749331039 6645.71358197785 7331.5964732879 7421.02226289681 7683.42902302408 5900.57174017611 1688.6160577897 4915.651258966
6643.77219287893 4655.09326419809 5245.37113054736 10713.6945921936 6400.48688874232 6585.206105449 3332.46445425455 3451.71810204367 6242.88371876025 9010.71379915646 8408.20126645642 1249.4674015864 1198.35039706771 5999.61097233374 4177.83832005686 8814.9201566288 11270.3121083766 0.0 7739.4870395542 6214.32241365406 7141.37690915669 3905.12838244242 5180.58176901337 6169.99240095076 9832.31064360333 6643.77219287893
3820.65254429178 6014.35363554862 2751.98155720102 5736.11044886397 1669.81321217217 1986.63790696393 4543.18736467822 4789.96781959248 7256.57865014619 8585.92257049193 1126.29472524882 6509.94613389654 7099.64453709838 2598.10952248797 4250.2033855004 1443.14479373002 4640.89749331039 7739.4870395542 0.0 5889.23855103338 7236.23788316317 3969.15186245467 3180.02371802297 4878.84572579412 4107.72042786397 3820.65254429178
2147.88814376527 1577.13188992855 3837.18634020672 5116.93152279881 4348.53824051208 3909.49531711406 4023.87517879574 3394.19219314901 1411.0196403475 3249.00593129893 5624.46839211147 5302.5076854208 5022.72879945664 3387.77091494785 2995.00513452977 5880.22792627891 6645.71358197785 6214.32241365406 5889.23855103338 0.0 1450.15351893442 3933.88034797316 6231.20265274069 1012.49886852701 4957.91101008525 2147.88814376527
3421.94852966743 2586.1635557809 5286.7115982143 5401.1131717899 5751.38990809173 5280.32975708531 5363.86749096615 4704.40683415506 982.088679927244 1918.71027426716 6861.34363871341 6384.94907259973 5946.7681154758 4802.23972500504 4390.0243801347 7075.50418109238 7331.5964732879 7141.37690915669 7236.23788316317 1450.15351893442 0.0 5332.8778668891 7674.83891611397 2393.92227387617 5669.72633578755 3421.94852966743
3207.57031378248 3027.89411194165 1340.36661509004 7188.71887066352 2505.45816833979 2687.79852208561 583.466138118332 954.466401237557 4832.89507494908 7182.88068305379 4523.21063971966 2656.14575228034 3140.40953910326 2146.72644196344 942.859237232653 4927.05414902054 7421.02226289681 3905.12838244242 3969.15186245467 3933.88034797316 5332.8778668891 0.0 2512.75354793999 3302.86512727521 6082.95510531723 3207.57031378248
4877.0920438249 5524.02675727992 2489.60680526037 8241.01428724049 2799.51066948444 3347.37517508732 2815.96342763745 3428.78176138922 7280.13906444082 9436.05656286827 4206.72630029578 4100.90561396801 4923.47446082097 3309.48529746145 3386.1580526914 4581.77963085668 7683.42902302408 5180.58176901337 3180.02371802297 6231.20265274069 7674.83891611397 2512.75354793999 0.0 5417.11513407886 6787.92102797498 4877.0920438249
1159.43457646915 1878.38403680492 2956.67091071269 4676.57251687848 3358.7307491696 2902.91701590653 3520.78151356656 2980.21152651868 2409.42346725856 4026.30049003534 4622.66511003933 5121.76213674025 5021.00521141026 2408.60683287475 2418.34527984416 4889.03768658716 5900.57174017611 6169.99240095076 4878.84572579412 1012.49886852701 2393.92227387617 3302.86512727521 5417.11513407886 0.0 4233.84949750917 1159.43457646915
3306.02108852068 6099.08541955415 4862.59911410559 1661.67272839764 4026.00826329488 3558.09362036133 6590.13378412948 6380.76616075162 6243.08585143777 6143.26707435126 3033.1217366162 8625.19201985647 8820.96482430227 3948.92413389207 5654.49941792789 2888.69173182165 1688.6160577897 9832.31064360333 4107.72042786397 4957.91101008525 5669.72633578755 6082.95510531723 6787.92102797498 4233.84949750917 0.0 3306.02108852068
0.0 2865.25103200532 2406.67937560857 4077.38564727302 2438.5660304295 1906.92030942523 3594.54449066281 3227.77990906402 3557.40864317134 4826.18709798854 3477.90979876784 5488.00036989277 5573.66793557729 1597.27400224053 2527.6231202189 3733.63615340927 4915.651258966 6643.77219287893 3820.65254429178 2147.88814376527 3421.94852966743 3207.57031378248 4877.0920438249 1159.43457646915 3306.02108852068 0.0
Customer demand
0.64 1.68 1.86 0.85 1.18 0.99 1.55 1.18 0.87 1.53 0.63 0.63 0.94 0.99 1.86 1.25 1.25 1.25 0.76 1.25
