CustNum 20 StaNum 4
0.0 4048.25016302171 6050.14273251358 6164.4526757075 6862.12872125404 4111.38097012414 5059.93357337835 6254.81747343177 2683.07667507907 2438.5660304295 9008.58397090136 3314.12262086592 4703.23482532401 6200.16522753427 4134.76979000783 5713.87488301458 4152.1928083464 3413.52508881659 1874.33434919652 4411.26533248329 4077.38564727302 3785.1227714027 2598.5640311066 4103.4787959502 3359.18068251518 0.0
4048.25016302171 0.0 9601.48433711594 3741.31368195245 10064.770698207 3226.16648649816 5231.62305734943 8455.92231180935 2447.79649928231 2629.82266204422 11789.4399549579 4158.29541222448 8532.39107795581 4699.13076137209 5328.90064925882 3474.41237621963 867.07171227169 2381.07669664315 5442.41026567297 661.132682926913 7837.71862959094 5200.5197641151 3450.25907398493 1698.04398711654 1427.71056448607 4048.25016302171
6050.14273251358 9601.48433711594 0.0 9829.84492323932 1408.03896179697 10126.3424254629 10676.908308452 9983.75877384446 7309.22444579102 7066.50787579896 11044.9606990358 6111.59026407471 5705.68253268978 12178.3728648545 9457.49156639009 9408.65019346424 9972.62780148041 7775.69175257908 6240.46552314404 9707.31308008715 2045.92046064998 9088.08299053091 6391.38135113867 10092.4794500051 9310.7326390858 6050.14273251358
6164.4526757075 3741.31368195245 9829.84492323932 0.0 9761.89733372812 6951.85613363261 8934.06800329746 11824.2000796662 3481.37936936196 3730.28898774917 14963.8743584921 3783.87993486486 10825.3926280634 8373.67976330741 8855.79103817456 462.041498176354 4583.10683477375 2750.92788049609 7994.72586962428 3107.12103216311 8637.91227442721 8661.45516418605 3872.34783090874 5435.96824718379 5081.83390904573 6164.4526757075
6862.12872125404 10064.770698207 1408.03896179697 9761.89733372812 0.0 10973.4015901695 11708.2049320101 11288.1002810004 7666.3628784719 7450.90870878162 12447.2977156091 6231.17067878174 7084.66297757554 13059.9303357362 10542.3106039701 9373.02565939893 10534.8899807747 8025.27254510145 7338.91340828077 10080.8552085576 3171.66226063917 10170.0272058628 6687.43934641253 10758.4046072185 9961.84260075733 6862.12872125404
4111.38097012414 3226.16648649816 10126.3424254629 6951.85613363261 10973.4015901695 0.0 2017.92425068333 5634.76470508631 4605.89471645735 4602.22808739205 9095.59138328927 6260.21174587463 7124.32540828896 2102.37029433245 2458.30557654708 6652.86357563739 2452.14250337077 4990.66000543445 4313.35485776437 3882.94723001382 8109.31952062998 2495.50252114055 5378.67960661814 1605.32020492986 1893.98988523086 4111.38097012414
5059.93357337835 5231.62305734943 10676.908308452 8934.06800329746 11708.2049320101 2017.92425068333 0.0 3969.3171852607 6310.92814769702 6250.58820538988 7427.78575876202 7818.21676249439 6609.98668331428 2239.0592222942 1340.19727523955 8616.28437290343 4470.06267357253 6798.84758839084 4454.49049062198 5891.25696833083 8632.67928610128 1663.76833184793 6936.23059440977 3620.3030730679 3852.2731643766 5059.93357337835
6254.81747343177 8455.92231180935 9983.75877384446 11824.2000796662 11288.1002810004 5634.76470508631 3969.3171852607 0.0 8578.08237433252 8406.59560099486 3474.15191752813 9564.52515292647 4499.14722195074 6145.40425108655 3192.69653599961 11427.4351339454 7881.20244598027 9245.61208022937 4561.49511201409 9093.41914250928 8155.77942528539 3261.29942904054 8799.66091528495 7136.44321082746 7041.97511771663 6254.81747343177
2683.07667507907 2447.79649928231 7309.22444579102 3481.37936936196 7666.3628784719 4605.89471645735 6310.92814769702 8578.08237433252 0.0 273.513492065988 11572.9071395352 1762.12972888723 7359.58973907573 6545.91045523464 5867.31045412024 3031.65670254591 3085.21344925937 730.453648628197 4523.22505929028 2416.06839450787 5705.05387166105 5601.9739561139 1002.72736926396 3606.60358081228 2873.0741482846 2683.07667507907
2438.5660304295 2629.82266204422 7066.50787579896 3730.28898774917 7450.90870878162 4602.22808739205 6250.58820538988 8406.59560099486 273.513492065988 0.0 11365.7406098978 1682.82227586256 7101.25675757767 6580.08430014875 5753.15511063152 3277.15910600036 3219.01522748946 984.346341436296 4291.47499115292 2644.72746456024 5442.20475049667 5476.73365173954 849.034948508716 3688.05616769505 2931.09473205101 2438.5660304295
9008.58397090136 11789.4399549579 11044.9606990358 14963.8743584921 12447.2977156091 9095.59138328927 7427.78575876202 3474.15191752813 11572.9071395352 11365.7406098978 0.0 12264.5575887343 5440.25835215798 9557.33815164369 6640.54060107238 14542.4484429902 11274.6217006153 12280.5785037538 7143.95450416518 12406.6675661317 9623.55517373013 6664.14015466906 11605.4547271853 10563.4984387335 10402.5125262282 9008.58397090136
3314.12262086592 4158.29541222448 6111.59026407471 3783.87993486486 6231.17067878174 6260.21174587463 7818.21676249439 9564.52515292647 1762.12972888723 1682.82227586256 12264.5575887343 0.0 7497.36155661661 8259.50017484816 7184.63237004495 3340.47538528931 4841.33488381511 1855.46104097093 5131.11132333262 4002.09836350912 4857.94841612672 6874.99549538811 886.036921131272 5362.45589895244 4612.95767219035 3314.12262086592
4703.23482532401 8532.39107795581 5705.68253268978 10825.3926280634 7084.66297757554 7124.32540828896 6609.98668331428 4499.14722195074 7359.58973907573 7101.25675757767 5440.25835215798 7497.36155661661 0.0 8695.3750416301 5275.16497096676 10367.919402801 8379.37224353271 8085.49959769185 3094.94076793821 8998.99980081155 4183.44551987854 4992.0016921141 7043.67474933161 7991.98926583013 7458.81642296055 4703.23482532401
6200.16522753427 4699.13076137209 12178.3728648545 8373.67976330741 13059.9303357362 2102.37029433245 2239.0592222942 6145.40425108655 6545.91045523464 6580.08430014875 9557.33815164369 8259.50017484816 8695.3750416301 0.0 3470.8739941167 8151.46636752767 3832.17968310832 6825.00089158961 6175.41435822702 5284.92904345827 10147.0971203149 3712.77769804983 7390.18757994117 3042.42547604371 3682.94402793342 6200.16522753427
4134.76979000783 5328.90064925882 9457.49156639009 8855.79103817456 10542.3106039701 2458.30557654708 1340.19727523955 3192.69653599961 5867.31045412024 5753.15511063152 6640.54060107238 7184.63237004495 5275.16497096676 3470.8739941167 0.0 8490.50220395765 4706.13132918751 6454.40769819363 3217.38545793596 5980.2725796965 7422.58023934809 372.555913507084 6329.39725830362 3945.27431241642 3902.11053476301 4134.76979000783
5713.87488301458 3474.41237621963 9408.65019346424 462.041498176354 9373.02565939893 6652.86357563739 8616.28437290343 11427.4351339454 3031.65670254591 3277.15910600036 14542.4484429902 3340.47538528931 10367.919402801 8151.46636752767 8490.50220395765 0.0 4332.18883996846 2301.64945221217 7550.73462144878 2866.55859778244 8189.07095020117 8286.02660230005 3410.65508161769 5171.99426635735 4768.23593803673 5713.87488301458
4152.1928083464 867.07171227169 9972.62780148041 4583.10683477375 10534.8899807747 2452.14250337077 4470.06267357253 7881.20244598027 3085.21344925937 3219.01522748946 11274.6217006153 4841.33488381511 8379.37224353271 3832.17968310832 4706.13132918751 4332.18883996846 0.0 3151.01373964746 5292.05574725743 1476.0878160491 8122.06429381253 4622.82190614375 4065.90367935454 862.994687208443 930.391144150166 4152.1928083464
3413.52508881659 2381.07669664315 7775.69175257908 2750.92788049609 8025.27254510145 4990.66000543445 6798.84758839084 9245.61208022937 730.453648628197 984.346341436296 12280.5785037538 1855.46104097093 8085.49959769185 6825.00089158961 6454.40769819363 2301.64945221217 3151.01373964746 0.0 5250.65635558815 2153.0063603518 6273.15836355592 6207.99870952892 1388.61445011738 3805.28672145397 3152.84785403469 3413.52508881659
1874.33434919652 5442.41026567297 6240.46552314404 7994.72586962428 7338.91340828077 4313.35485776437 4454.49049062198 4561.49511201409 4523.22505929028 4291.47499115292 7143.95450416518 5131.11132333262 3094.94076793821 6175.41435822702 3217.38545793596 7550.73462144878 5292.05574725743 5250.65635558815 0.0 5926.95793914458 4205.68627984959 2847.62839024727 4463.47289112409 4953.46991584103 4377.87879485821 1874.33434919652
4411.26533248329 661.132682926913 9707.31308008715 3107.12103216311 10080.8552085576 3882.94723001382 5891.25696833083 9093.41914250928 2416.06839450787 2644.72746456024 12406.6675661317 4002.09836350912 8998.99980081155 5284.92904345827 5980.2725796965 2866.55859778244 1476.0878160491 2153.0063603518 5926.95793914458 0.0 8024.66639110297 5843.56209051477 3397.55051366834 2332.33308718817 2083.65168996436 4411.26533248329
4077.38564727302 7837.71862959094 2045.92046064998 8637.91227442721 3171.66226063917 8109.31952062998 8632.67928610128 8155.77942528539 5705.05387166105 5442.20475049667 9623.55517373013 4857.94841612672 4183.44551987854 10147.0971203149 7422.58023934809 8189.07095020117 8122.06429381253 6273.15836355592 4205.68627984959 8024.66639110297 0.0 7052.07059076999 4899.05823584277 8167.45320635972 7402.19318667028 4077.38564727302
3785.1227714027 5200.5197641151 9088.08299053091 8661.45516418605 10170.0272058628 2495.50252114055 1663.76833184793 3261.29942904054 5601.9739561139 5476.73365173954 6664.14015466906 6874.99549538811 4992.0016921141 3712.77769804983 372.555913507084 8286.02660230005 4622.82190614375 6207.99870952892 2847.62839024727 5843.56209051477 7052.07059076999 0.0 6027.68964087348 3899.66841780946 3782.08222553466 3785.1227714027
2598.5640311066 3450.25907398493 6391.38135113867 3872.34783090874 6687.43934641253 5378.67960661814 6936.23059440977 8799.66091528495 1002.72736926396 849.034948508716 11605.4547271853 886.036921131272 7043.67474933161 7390.18757994117 6329.39725830362 3410.65508161769 4065.90367935454 1388.61445011738 4463.47289112409 3397.55051366834 4899.05823584277 6027.68964087348 0.0 4531.20238833933 3765.76508664128 2598.5640311066
4103.4787959502 1698.04398711654 10092.4794500051 5435.96824718379 10758.4046072185 1605.32020492986 3620.3030730679 7136.44321082746 3606.60358081228 3688.05616769505 10563.4984387335 5362.45589895244 7991.98926583013 3042.42547604371 3945.27431241642 5171.99426635735 862.994687208443 3805.28672145397 4953.46991584103 2332.33308718817 8167.45320635972 3899.66841780946 4531.20238833933 0.0 799.623453608896 4103.4787959502
3359.18068251518 1427.71056448607 9310.7326390858 5081.83390904573 9961.84260075733 1893.98988523086 3852.2731643766 7041.97511771663 2873.0741482846 2931.09473205101 10402.5125262282 4612.95767219035 7458.81642296055 3682.94402793342 3902.11053476301 4768.23593803673 930.391144150166 3152.84785403469 4377.87879485821 2083.65168996436 7402.19318667028 3782.08222553466 3765.76508664128 799.623453608896 0.0 3359.18068251518
0.0 4048.25016302171 6050.14273251358 6164.4526757075 6862.12872125404 4111.38097012414 5059.93357337835 6254.81747343177 2683.07667507907 2438.5660304295 9008.58397090136 3314.12262086592 4703.23482532401 6200.16522753427 4134.76979000783 5713.87488301458 4152.1928083464 3413.52508881659 1874.33434919652 4411.26533248329 4077.38564727302 3785.1227714027 2598.5640311066 4103.4787959502 3359.18068251518 0.0
Customer demand
0.75 0.87 1.18 0.75 1.6 0.7 0.75 0.75 0.85 1.93 0.65 0.89 0.89 1.23 1.86 1.26 0.75 0.99 0.75 1.86
