CustNum 30 StaNum 6
0.0 6186.75257218634 2121.56844490852 6254.81747343177 5365.78178965579 4216.07107929645 5535.99002513219 4527.15434158156 3421.94852966743 6200.16522753427 6132.47203097707 7693.62335465937 4283.65040275468 1998.36277420735 8592.69171476735 4111.38097012414 5573.66793557729 5808.46440596946 6164.4526757075 5059.93357337835 5196.39740276289 3882.20399819909 5095.85670755837 4930.07109904954 6284.90704145618 1736.74396543381 4048.25016302171 3603.3558933804 6934.41996145416 1745.64095571257 3166.46446487273 3785.1227714027 1498.75554746141 5300.6374763188 4135.17035118091 3581.03029391578 2346.52137145167 0.0
6186.75257218634 0.0 5161.01267153289 11440.2808248413 10983.5749871663 5137.97583957995 4799.4145453228 7299.65638607153 9182.53496433545 7504.92516916045 1031.16461226563 7295.05962933021 3246.17004211228 6068.46437437722 14371.1170296966 6273.26113704485 6373.00571457226 10764.881314063 1148.7097109838 8287.06956570618 3136.90181226381 9959.99738186746 3016.75084457797 1259.51410266398 3796.84267608159 6157.99035354909 3062.55303847371 8174.73314968897 13010.007149398 7902.58883867556 9353.20327077559 8210.1505910556 7019.07740237604 1827.45837458061 8912.4490060127 8855.44087004378 8137.97126391186 6186.75257218634
2121.56844490852 5161.01267153289 0.0 8368.35687414747 7429.3195272311 5256.57602410827 6263.09264048662 6238.24990751392 5491.02083787142 7657.93870450233 5454.46395464486 8783.93888391753 4495.85633499088 907.620837795815 10557.6058090173 5580.58304876529 6816.59329080247 5665.05950267303 4783.02089497649 6928.02740492778 5350.00764270006 5036.8353918917 3251.52869506301 4024.67942279157 4295.06179920248 1032.86705260051 4138.97639462196 5662.72587878347 8720.84005332815 3284.60833685214 4777.76611244324 5828.05863836485 2041.73150080676 3795.43976207827 3802.65896478274 3694.66077762146 4440.81465811317 2121.56844490852
6254.81747343177 11440.2808248413 8368.35687414747 0.0 1351.50748290738 6800.61231998818 8041.38679949824 4765.64595840901 2955.97237297225 6145.40425108655 10943.6506147484 8223.92152907007 8398.82401681711 8034.02162354753 3357.32362081027 5634.76470508631 6666.25672593997 9155.12768120325 11824.2000796662 3969.3171852607 9003.04617579046 5711.37855915698 11223.2284565299 10264.4978246551 12483.5472185933 7746.22991449907 8455.92231180935 3271.00155939176 3621.64190817113 5539.96199714151 4655.43821975916 3261.29942904054 6870.95457020196 11158.0620968953 8509.82697378373 7639.0146781095 3935.5160477293 6254.81747343177
5365.78178965579 10983.5749871663 7429.3195272311 1351.50748290738 0.0 6732.61159766835 8092.98190299858 4956.27576511404 1944.05072199207 6604.14648398956 10596.3088439972 8704.38741977617 8122.92555040055 6996.55246915559 3392.28245612893 5656.820653459 6916.50106806268 7810.08381358734 11246.4839271952 4365.24820270614 8826.30764096553 4371.25204080395 10441.0164696199 9762.38780555707 11650.427084865 6711.2343606693 8117.98609797064 3078.46310560915 2742.90624926117 4399.34557104591 3365.55159598469 3161.34852233076 5770.28925280314 10501.7028267352 7224.46301525065 6353.77833404339 3025.61746624581 5365.78178965579
4216.07107929645 5137.97583957995 5256.57602410827 6800.61231998818 6732.61159766835 0.0 1460.54741519074 2211.12521194324 5375.00657173434 2617.53691090008 4394.70950518203 3545.24080973818 1896.10553829284 5760.55164374511 10038.7247904007 1200.45308280076 1600.12426171551 10021.2366390235 5887.27868820332 3199.3616705665 2245.60198818819 7657.29034264112 6287.1155076635 4234.56637847551 7616.67753227124 5602.24621899615 2149.05598147106 3655.62690317664 9249.87806292251 5614.63498781491 6549.69391206561 3594.9092546978 5707.70887109059 5623.06940814235 8337.41670037066 7793.6414160016 4652.76662530977 4216.07107929645
5535.99002513219 4799.4145453228 6263.09264048662 8041.38679949824 8092.98190299858 1460.54741519074 0.0 3289.0905809611 6817.30895313589 2780.43077134712 3873.7471089437 2705.06156917764 1994.5381475442 6884.90795876126 11340.4691667155 2438.08507562752 1685.12617830207 11335.9316254722 5753.09722839201 4201.62109410552 1667.31105629512 9094.8048008795 6623.75862499824 4215.44529518246 7881.73695692255 6763.30369360992 2380.34626268076 5020.52664571924 10663.9392817019 7024.43643462934 8004.10030881861 4932.40286168381 7000.00387115789 5744.63883456329 9600.43060555446 9111.73294126844 6113.18866963522 5535.99002513219
4527.15434158156 7299.65638607153 6238.24990751392 4765.64595840901 4956.27576511404 2211.12521194324 3289.0905809611 0.0 4076.77224130604 1901.96920776645 6598.09188532637 3890.33860493147 4059.31986592197 6454.73608001532 8093.13426616118 1027.55443479653 1960.44635337824 9941.59483762069 7962.99281942793 990.885030727476 4450.44314695719 7019.75228696725 8048.54355989923 6304.79771370512 9396.30741882654 6222.9768008132 4248.15271217374 2041.78277908209 7642.06183706047 5322.28295534365 5764.19881544167 1877.44074168221 5939.45717865478 7567.99330433752 8497.3406384014 7789.85211598886 3767.8237722967 4527.15434158156
3421.94852966743 9182.53496433545 5491.02083787142 2955.97237297225 1944.05072199207 5375.00657173434 6817.30895313589 4076.77224130604 0.0 5946.31832800825 8875.90018609011 7966.41978052581 6500.4553889528 5094.31375633614 5232.08422437516 4478.93062323086 5946.7681154758 6648.38646472662 9375.50014752203 3867.11358615894 7282.4129458281 3293.82398060052 8503.35024227379 7941.64115785643 9706.8063963895 4807.08075161086 6440.34088524426 2046.5279601282 3930.71452391774 2595.15766185165 2029.31138470997 2239.27672024617 3915.00788479343 8599.06769995958 5712.96290916074 4855.24450031934 1089.69596827065 3421.94852966743
6200.16522753427 7504.92516916045 7657.93870450233 6145.40425108655 6604.14648398956 2617.53691090008 2780.43077134712 1901.96920776645 5946.31832800825 0.0 6626.01080502076 2100.97801924878 4384.34035271033 8017.99118269309 9497.65208802363 2102.37029433245 1132.02087478265 11784.2126289222 8373.67976330741 2239.0592222942 4382.86558202105 8919.56944564578 8902.86878665879 6752.56589171862 10228.610116455 7814.37179567529 4699.13076137209 3899.81561327499 9339.48587182708 7173.30669125508 7666.10626484195 3712.77769804983 7669.2407368597 8201.09026470986 10275.1529912407 9604.5581877386 5668.58878196699 6200.16522753427
6132.47203097707 1031.16461226563 5454.46395464486 10943.6506147484 10596.3088439972 4394.70950518203 3873.7471089437 6598.09188532637 8875.90018609011 6626.01080502076 0.0 6295.38659091041 2566.87576150131 6345.36793952134 13987.574722705 5573.10007856457 5499.36984703044 11118.5557118083 2163.10272668636 7588.80950892473 2246.66913233458 9992.95416314556 3837.84790439454 1464.14572671603 4756.74143844612 6390.07604015111 2489.92071192636 7675.03358529299 12769.5136949064 7876.91134994403 9268.43066496468 7685.40963992926 7148.51895380406 2662.73876356132 9256.12546674993 9104.54663490272 7874.55056782758 6132.47203097707
7693.62335465937 7295.05962933021 8783.93888391753 8223.92152907007 8704.38741977617 3545.24080973818 2705.06156917764 3890.33860493147 7966.41978052581 2100.97801924878 6295.38659091041 0.0 4698.63905339222 9305.73392248952 11566.4356277147 3703.19397473904 2149.03129709251 13452.5335362204 8331.59647192556 4339.80581836948 4276.43968733177 10794.8913701574 9324.86619781219 6871.18796964819 10569.4931045986 9144.81428789736 5082.35180724126 5930.52145652706 11437.7424316309 8910.45095444173 9576.50498087126 5757.7322023481 9192.34229676619 8414.9120641893 11828.7447886442 11234.7016533029 7575.71672126565 7693.62335465937
4283.65040275468 3246.17004211228 4495.85633499088 8398.82401681711 8122.92555040055 1896.10553829284 1994.5381475442 4059.31986592197 6500.4553889528 4384.34035271033 2566.87576150131 4698.63905339222 0.0 5226.32158184395 11502.7304391921 3031.81280153783 3268.01227576104 9897.83173075206 4006.53439472533 5049.06538427423 915.346214183422 8119.27684477374 4644.93551196244 2369.45553649274 5926.49017844753 5156.9354716556 390.798351792261 5139.82722592412 10429.4965488069 5970.97143609814 7205.26651403036 5137.52889981059 5608.32680770699 3833.5234093193 8085.49043616686 7716.91540245916 5574.03186719818 4283.65040275468
1998.36277420735 6068.46437437722 907.620837795815 8034.02162354753 6996.55246915559 5760.55164374511 6884.90795876126 6454.73608001532 5094.31375633614 8017.99118269309 6345.36793952134 9305.73392248952 5226.32158184395 0.0 9997.15355997475 5916.52979999138 7264.42486461068 4786.78045493524 5675.74323497321 7043.19283620897 6108.70757957582 4220.79711835952 4050.39485315351 4925.02783635602 4978.07597714987 287.819331833644 4889.55505116644 5590.06399672421 8059.09810096082 2669.84216363491 4104.94141613651 5776.99448927864 1307.23747975327 4679.44039480021 2928.27264816725 2787.06333824923 4110.84003600076 1998.36277420735
8592.69171476735 14371.1170296966 10557.6058090173 3357.32362081027 3392.28245612893 10038.7247904007 11340.4691667155 8093.13426616118 5232.08422437516 9497.65208802363 13987.574722705 11566.4356277147 11502.7304391921 9997.15355997475 0.0 8909.81050621406 10014.7769791358 9477.20417768155 14604.9645808287 7325.29776530702 12182.6596372353 6441.26115263929 13687.240603605 13144.4173987153 14841.6405221161 9724.24469559384 11506.7791137191 6398.48212498199 2353.42547884175 7327.35737362673 5953.62502350062 6444.36256088208 8702.67370300493 13829.3179200721 9492.04417738215 8674.03795063625 6316.34873338211 8592.69171476735
4111.38097012414 6273.26113704485 5580.58304876529 5634.76470508631 5656.820653459 1200.45308280076 2438.08507562752 1027.55443479653 4478.93062323086 2102.37029433245 5573.10007856457 3703.19397473904 3031.81280153783 5916.52979999138 8909.81050621406 0.0 1559.51852107251 9780.89755551968 6951.85613363261 2017.92425068333 3446.0319058159 7105.97934197472 7126.27682587771 5292.50410217501 8472.47286564517 5712.00178019969 3226.16648649816 2591.93818464625 8255.0525648382 5211.00686461515 5910.99925520241 2495.50252114055 5593.38525418476 6589.17451765127 8215.67222505067 7576.80283911001 3926.40606293297 4111.38097012414
5573.66793557729 6373.00571457226 6816.59329080247 6666.25672593997 6916.50106806268 1600.12426171551 1685.12617830207 1960.44635337824 5946.7681154758 1132.02087478265 5499.36984703044 2149.03129709251 3268.01227576104 7264.42486461068 10014.7769791358 1559.51852107251 0.0 11308.9863545824 7246.10981633244 2709.35968665912 3254.11430658811 8664.18984484119 7834.87543966448 5631.952666271 9149.85531607611 7085.17054510134 3595.18543791093 3958.74487533226 9598.37787678563 6761.60271205782 7461.79785578982 3815.11308466998 7070.19395632753 7096.1056419136 9704.58845657663 9094.71711173588 5468.88265732094 5573.66793557729
5808.46440596946 10764.881314063 5665.05950267303 9155.12768120325 7810.08381358734 10021.2366390235 11335.9316254722 9941.59483762069 6648.38646472662 11784.2126289222 11118.5557118083 13452.5335362204 9897.83173075206 4786.78045493524 9477.20417768155 9780.89755551968 11308.9863545824 0.0 10207.33523544 10149.7048168247 10804.2297968405 3447.82497460747 8280.44398781846 9679.40997552216 8718.63787587129 4785.71545701107 9591.63437769809 8298.99925451995 7126.15125133171 4619.36972606934 4627.96293523217 8522.13726823385 4337.20934902508 9191.11989865951 1862.46927478258 2227.71905210595 6330.89208677832 5808.46440596946
6164.4526757075 1148.7097109838 4783.02089497649 11824.2000796662 11246.4839271952 5887.27868820332 5753.09722839201 7962.99281942793 9375.50014752203 8373.67976330741 2163.10272668636 8331.59647192556 4006.53439472533 5675.74323497321 14604.9645808287 6951.85613363261 7246.10981633244 10207.33523544 0.0 8934.06800329746 4090.0953647796 9763.69516992077 2081.49174178438 1659.46627656642 2672.37297547291 5813.77013514484 3741.31368195245 8598.54758918809 13089.7662216735 7804.27869157966 9296.06745016771 8661.45516418605 6767.02434281929 1016.48713554457 8385.89991436825 8434.31973239464 8299.50627538684 6164.4526757075
5059.93357337835 8287.06956570618 6928.02740492778 3969.3171852607 4365.24820270614 3199.3616705665 4201.62109410552 990.885030727476 3867.11358615894 2239.0592222942 7588.80950892473 4339.80581836948 5049.06538427423 7043.19283620897 7325.29776530702 2017.92425068333 2709.35968665912 10149.7048168247 8934.06800329746 0.0 5433.22002705891 7033.77984789935 8942.10216235574 7278.05181791704 10287.9717824214 6792.45323968746 5231.62305734943 1881.81955953147 7102.30013355076 5566.709231642 5749.65963741211 1663.76833184793 6374.69661455594 8510.5989728407 8832.92001701157 8072.36559961703 3831.81132767513 5059.93357337835
5196.39740276289 3136.90181226381 5350.00764270006 9003.04617579046 8826.30764096553 2245.60198818819 1667.31105629512 4450.44314695719 7282.4129458281 4382.86558202105 2246.66913233458 4276.43968733177 915.346214183422 6108.70757957582 12182.6596372353 3446.0319058159 3254.11430658811 10804.2297968405 4090.0953647796 5433.22002705891 0.0 9020.61404721867 5103.52232802749 2595.98826965689 6308.86356710695 6050.37666588062 1219.33502139639 5786.51096919402 11211.8035801716 6874.65924892122 8083.47056636401 5757.20265842487 6522.25118612975 4142.82836862886 8985.36194361196 8628.62772222672 6397.37117829301 5196.39740276289
3882.20399819909 9959.99738186746 5036.8353918917 5711.37855915698 4371.25204080395 7657.29034264112 9094.8048008795 7019.75228696725 3293.82398060052 8919.56944564578 9992.95416314556 10794.8913701574 8119.27684477374 4220.79711835952 6441.26115263929 7105.97934197472 8664.18984484119 3447.82497460747 9763.69516992077 7033.77984789935 9020.61404721867 0.0 8267.51325595621 8722.79978427776 9170.19445908803 4017.29193593563 7911.30360559025 5152.10042007709 4200.18182685494 2150.27230814861 1286.83726444658 5370.30205058076 3003.58180882303 8805.41784694318 3052.44057723245 2237.84665049244 3252.33351299822 3882.20399819909
5095.85670755837 3016.75084457797 3251.52869506301 11223.2284565299 10441.0164696199 6287.1155076635 6623.75862499824 8048.54355989923 8503.35024227379 8902.86878665879 3837.84790439454 9324.86619781219 4644.93551196244 4050.39485315351 13687.240603605 7126.27682587771 7834.87543966448 8280.44398781846 2081.49174178438 8942.10216235574 5103.52232802749 8267.51325595621 0.0 2590.16649859427 1347.79047094372 4251.81766159989 4276.42021166957 8176.41484548826 11941.9805238319 6514.62255036997 8017.08711727027 8288.98762680073 5289.73575381746 1191.37703092048 6508.26562891034 6673.49048271238 7416.11656638672 5095.85670755837
4930.07109904954 1259.51410266398 4024.67942279157 10264.4978246551 9762.38780555707 4234.56637847551 4215.44529518246 6304.79771370512 7941.64115785643 6752.56589171862 1464.14572671603 6871.18796964819 2369.45553649274 4925.02783635602 13144.4173987153 5292.50410217501 5631.952666271 9679.40997552216 1659.46627656642 7278.05181791704 2595.98826965689 8722.79978427776 2590.16649859427 0.0 3724.35474451951 4989.40689909843 2085.86747006534 7013.10908407362 11754.7413469337 6651.44902411479 8096.19074973616 7063.04992989685 5806.8192169481 1549.039701521 7818.11226244142 7702.0609728683 6889.90466648743 4930.07109904954
6284.90704145618 3796.84267608159 4295.06179920248 12483.5472185933 11650.427084865 7616.67753227124 7881.73695692255 9396.30741882654 9706.8063963895 10228.610116455 4756.74143844612 10569.4931045986 5926.49017844753 4978.07597714987 14841.6405221161 8472.47286564517 9149.85531607611 8718.63787587129 2672.37297547291 10287.9717824214 6308.86356710695 9170.19445908803 1347.79047094372 3724.35474451951 0.0 5217.75909980098 5569.36836805644 9485.63798973482 13009.1533118441 7575.56404243671 9057.51049943254 9604.7936072141 6273.13317551304 2179.34894945775 7064.78696544414 7374.74333311433 8627.39699271039 6284.90704145618
1736.74396543381 6157.99035354909 1032.86705260051 7746.22991449907 6711.2343606693 5602.24621899615 6763.30369360992 6222.9768008132 4807.08075161086 7814.37179567529 6390.07604015111 9144.81428789736 5156.9354716556 287.819331833644 9724.24469559384 5712.00178019969 7085.17054510134 4785.71545701107 5813.77013514484 6792.45323968746 6050.37666588062 4017.29193593563 4251.81766159989 4989.40689909843 5217.75909980098 0.0 4831.76989932967 5316.89718125508 7803.24961343119 2397.71061873377 3848.07054820975 5505.85826123275 1055.3795284047 4828.22581335192 2941.99961202191 2715.00930060894 3823.27545943642 1736.74396543381
4048.25016302171 3062.55303847371 4138.97639462196 8455.92231180935 8117.98609797064 2149.05598147106 2380.34626268076 4248.15271217374 6440.34088524426 4699.13076137209 2489.92071192636 5082.35180724126 390.798351792261 4889.55505116644 11506.7791137191 3226.16648649816 3595.18543791093 9591.63437769809 3741.31368195245 5231.62305734943 1219.33502139639 7911.30360559025 4276.42021166957 2085.86747006534 5569.36836805644 4831.76989932967 0.0 5186.10988603258 10359.6567768776 5761.06263235312 7039.34860276485 5200.5197641151 5327.440232253 3502.37810486457 7768.4335610214 7424.94824077029 5479.08745044187 4048.25016302171
3603.3558933804 8174.73314968897 5662.72587878347 3271.00155939176 3078.46310560915 3655.62690317664 5020.52664571924 2041.78277908209 2046.5279601282 3899.81561327499 7675.03358529299 5930.52145652706 5139.82722592412 5590.06399672421 6398.48212498199 2591.93818464625 3958.74487533226 8298.99925451995 8598.54758918809 1881.81955953147 5786.51096919402 5152.10042007709 8176.41484548826 7013.10908407362 9485.63798973482 5316.89718125508 5186.10988603258 0.0 5668.47226239441 3766.45344401896 3868.61813812995 223.138058024951 4730.48874960591 7986.9257832375 7059.67515430373 6268.40939681713 1968.17232509803 3603.3558933804
6934.41996145416 13010.007149398 8720.84005332815 3621.64190817113 2742.90624926117 9249.87806292251 10663.9392817019 7642.06183706047 3930.71452391774 9339.48587182708 12769.5136949064 11437.7424316309 10429.4965488069 8059.09810096082 2353.42547884175 8255.0525648382 9598.37787678563 7126.15125133171 13089.7662216735 7102.30013355076 11211.8035801716 4200.18182685494 11941.9805238319 11754.7413469337 13009.1533118441 7803.24961343119 10359.6567768776 5668.47226239441 0.0 5436.24291250376 3955.17968699595 5790.77673783108 6752.12724832969 12234.5120295191 7224.55993215274 6435.39262227087 4894.96974854257 6934.41996145416
1745.64095571257 7902.58883867556 3284.60833685214 5539.96199714151 4399.34557104591 5614.63498781491 7024.43643462934 5322.28295534365 2595.15766185165 7173.30669125508 7876.91134994403 8910.45095444173 5970.97143609814 2669.84216363491 7327.35737362673 5211.00686461515 6761.60271205782 4619.36972606934 7804.27869157966 5566.709231642 6874.65924892122 2150.27230814861 6514.62255036997 6651.44902411479 7575.56404243671 2397.71061873377 5761.06263235312 3766.45344401896 5436.24291250376 0.0 1506.21956229829 3986.89159401186 1385.85586685748 6890.38459374263 3295.22411333294 2506.93255854716 1854.55595208315 1745.64095571257
3166.46446487273 9353.20327077559 4777.76611244324 4655.43821975916 3365.55159598469 6549.69391206561 8004.10030881861 5764.19881544167 2029.31138470997 7666.10626484195 9268.43066496468 9576.50498087126 7205.26651403036 4104.94141613651 5953.62502350062 5910.99925520241 7461.79785578982 4627.96293523217 9296.06745016771 5749.65963741211 8083.47056636401 1286.83726444658 8017.08711727027 8096.19074973616 9057.51049943254 3848.07054820975 7039.34860276485 3868.61813812995 3955.17968699595 1506.21956229829 0.0 4085.9031936982 2797.71171429395 8391.53497028755 3859.75553529472 2988.77707618206 2002.78573456688 3166.46446487273
3785.1227714027 8210.1505910556 5828.05863836485 3261.29942904054 3161.34852233076 3594.9092546978 4932.40286168381 1877.44074168221 2239.27672024617 3712.77769804983 7685.40963992926 5757.7322023481 5137.52889981059 5776.99448927864 6444.36256088208 2495.50252114055 3815.11308466998 8522.13726823385 8661.45516418605 1663.76833184793 5757.20265842487 5370.30205058076 8288.98762680073 7063.04992989685 9604.7936072141 5505.85826123275 5200.5197641151 223.138058024951 5790.77673783108 3986.89159401186 4085.9031936982 0.0 4937.05382456438 8070.58184683905 7279.21932717768 6489.79129647933 2191.30619046591 3785.1227714027
1498.75554746141 7019.07740237604 2041.73150080676 6870.95457020196 5770.28925280314 5707.70887109059 7000.00387115789 5939.45717865478 3915.00788479343 7669.2407368597 7148.51895380406 9192.34229676619 5608.32680770699 1307.23747975327 8702.67370300493 5593.38525418476 7070.19395632753 4337.20934902508 6767.02434281929 6374.69661455594 6522.25118612975 3003.58180882303 5289.73575381746 5806.8192169481 6273.13317551304 1055.3795284047 5327.440232253 4730.48874960591 6752.12724832969 1385.85586685748 2797.71171429395 4937.05382456438 0.0 5802.7385881254 2636.41784439357 2120.52070737297 3020.44891879739 1498.75554746141
5300.6374763188 1827.45837458061 3795.43976207827 11158.0620968953 10501.7028267352 5623.06940814235 5744.63883456329 7567.99330433752 8599.06769995958 8201.09026470986 2662.73876356132 8414.9120641893 3833.5234093193 4679.44039480021 13829.3179200721 6589.17451765127 7096.1056419136 9191.11989865951 1016.48713554457 8510.5989728407 4142.82836862886 8805.41784694318 1191.37703092048 1549.039701521 2179.34894945775 4828.22581335192 3502.37810486457 7986.9257832375 12234.5120295191 6890.38459374263 8391.53497028755 8070.58184683905 5802.7385881254 0.0 7369.6460205479 7426.63694235838 7512.99187177743 5300.6374763188
4135.17035118091 8912.4490060127 3802.65896478274 8509.82697378373 7224.46301525065 8337.41670037066 9600.43060555446 8497.3406384014 5712.96290916074 10275.1529912407 9256.12546674993 11828.7447886442 8085.49043616686 2928.27264816725 9492.04417738215 8215.67222505067 9704.58845657663 1862.46927478258 8385.89991436825 8832.92001701157 8985.36194361196 3052.44057723245 6508.26562891034 7818.11226244142 7064.78696544414 2941.99961202191 7768.4335610214 7059.67515430373 7224.55993215274 3295.22411333294 3859.75553529472 7279.21932717768 2636.41784439357 7369.6460205479 0.0 871.099461895808 5139.86475904131 4135.17035118091
3581.03029391578 8855.44087004378 3694.66077762146 7639.0146781095 6353.77833404339 7793.6414160016 9111.73294126844 7789.85211598886 4855.24450031934 9604.5581877386 9104.54663490272 11234.7016533029 7716.91540245916 2787.06333824923 8674.03795063625 7576.80283911001 9094.71711173588 2227.71905210595 8434.31973239464 8072.36559961703 8628.62772222672 2237.84665049244 6673.49048271238 7702.0609728683 7374.74333311433 2715.00930060894 7424.94824077029 6268.40939681713 6435.39262227087 2506.93255854716 2988.77707618206 6489.79129647933 2120.52070737297 7426.63694235838 871.099461895808 0.0 4325.96427803947 3581.03029391578
2346.52137145167 8137.97126391186 4440.81465811317 3935.5160477293 3025.61746624581 4652.76662530977 6113.18866963522 3767.8237722967 1089.69596827065 5668.58878196699 7874.55056782758 7575.71672126565 5574.03186719818 4110.84003600076 6316.34873338211 3926.40606293297 5468.88265732094 6330.89208677832 8299.50627538684 3831.81132767513 6397.37117829301 3252.33351299822 7416.11656638672 6889.90466648743 8627.39699271039 3823.27545943642 5479.08745044187 1968.17232509803 4894.96974854257 1854.55595208315 2002.78573456688 2191.30619046591 3020.44891879739 7512.99187177743 5139.86475904131 4325.96427803947 0.0 2346.52137145167
0.0 6186.75257218634 2121.56844490852 6254.81747343177 5365.78178965579 4216.07107929645 5535.99002513219 4527.15434158156 3421.94852966743 6200.16522753427 6132.47203097707 7693.62335465937 4283.65040275468 1998.36277420735 8592.69171476735 4111.38097012414 5573.66793557729 5808.46440596946 6164.4526757075 5059.93357337835 5196.39740276289 3882.20399819909 5095.85670755837 4930.07109904954 6284.90704145618 1736.74396543381 4048.25016302171 3603.3558933804 6934.41996145416 1745.64095571257 3166.46446487273 3785.1227714027 1498.75554746141 5300.6374763188 4135.17035118091 3581.03029391578 2346.52137145167 0.0
Customer demand
0.55 1.26 0.75 0.98 1.25 0.63 1.53 1.25 0.89 1.26 0.76 0.87 1.55 1.86 1.6 0.63 1.06 1.18 0.7 1.53 1.93 1.25 1.55 1.88 0.78 0.75 0.89 1.88 1.55 1.86
