CustNum 30 StaNum 6
0.0 6473.71687149904 3028.43340525789 5447.73148092218 3421.94852966743 4054.40037517112 1462.90754141659 6254.81747343177 6164.4526757075 6019.82655185602 6743.23509539715 6792.55748764602 6200.16522753427 2525.34558955225 6745.43343481021 4411.26533248329 3733.63615340927 1745.64095571257 5549.31717134603 7388.70263202966 2683.07667507907 5620.99747191087 6934.41996145416 4826.18709798854 2527.6231202189 6788.88437243743 6284.90704145618 3068.88767862987 3217.55415050305 4250.36444878675 3314.12262086592 797.33227384993 3476.7951266026 6015.61024562341 3785.1227714027 1159.43457646915 2598.5640311066 0.0
6473.71687149904 0.0 8751.84360513434 1103.1830483059 9881.10234447197 10525.193507658 7002.25872095737 12588.6694154519 2066.33090134546 7483.69526900902 5805.91965073637 1439.86362998007 9979.4732679196 7449.90955695265 10238.1812658902 4741.46940833123 3404.31455301279 7870.23961326888 8022.36206142074 11174.8530527775 4024.79154342177 12073.3479269805 13303.5387945786 11239.5411201974 6509.60911192319 2494.40267450229 710.421900993368 9535.07215586654 7476.6488013706 2243.10481249095 3337.98238005315 6542.00151706007 9577.95720688968 8531.59744038566 9617.10229943024 7507.28340775126 3881.63215949164 6473.71687149904
3028.43340525789 8751.84360513434 0.0 7872.69649306046 2385.49219195329 3248.34908086833 1817.58476717265 4038.19178794477 7819.73446081928 5060.04840230983 6820.49931526313 8654.67186012734 3751.33257050793 1422.80147818665 4355.65868509939 5060.47663248817 6594.68016195445 3513.62189156512 8237.4922285331 9358.39079072774 4736.61990888438 3961.87674354535 6218.70774906998 4296.88434602686 2435.20238491575 8288.77827887129 8740.59446380036 2781.61165503342 5758.29869109036 6546.39764851105 6031.78807437354 2462.55034801174 1027.23024633643 4401.40334749571 865.486518344039 1981.40575533564 5177.17684307764 3028.43340525789
5447.73148092218 1103.1830483059 7872.69649306046 0.0 8867.47555173369 9486.30458038884 6086.88562543649 11626.6028256322 2374.26285209804 7184.54481466747 5834.60442291425 2167.81691894638 9420.54505568619 6628.98012622362 9731.88101902279 4346.41403910395 2311.53935604482 6791.77397408403 7026.2876377195 10141.3960981709 3144.30364154102 11065.1434978368 12227.8332631464 10175.6582540798 5739.51676586163 2993.66108942469 867.932375503102 8493.54985864952 6379.851023349 1339.5946189336 2245.17090929261 5578.39600874673 8652.14534294861 8116.04375971343 8736.94947659825 6515.02560484758 2849.62799656047 5447.73148092218
3421.94852966743 9881.10234447197 2385.49219195329 8867.47555173369 0.0 874.99805643379 3183.33819601669 2955.97237297225 9375.50014752203 7421.52710480427 9012.3890243478 10093.7762595117 5946.31832800825 3518.41658288854 6551.15181403895 7005.24096092961 7075.50418109238 2595.15766185165 7154.12763181282 7543.11359656684 5959.98551787594 2199.16319757679 3930.71452391774 1918.71027426716 4390.0243801347 9940.03166357302 9706.8063963895 734.716586304446 4759.0679932942 7644.7060040961 6724.17904689467 3404.64123628456 1581.74555483319 6783.01089322913 2239.27672024617 2393.92227387617 6017.90549362743 3421.94852966743
4054.40037517112 10525.193507658 3248.34908086833 9486.30458038884 874.99805643379 0.0 4001.93767119071 2799.02181447093 10125.5909508884 8294.15748287522 9877.83505566209 10812.95782391 6723.71816730054 4389.6763147961 7324.1228945578 7841.6485380246 7581.25934746688 2899.77056146905 7091.54046573543 7107.0896361964 6675.37892142017 1758.72054443224 3071.54631009022 1048.53534715915 5244.8062899948 10707.9160856118 10309.3925044649 993.950958582085 4822.48692952686 8304.69506527555 7296.45083422343 4150.72646221052 2379.45881579004 7635.60572943521 3014.52865055747 3131.4392540404 6644.55038733432 4054.40037517112
1462.90754141659 7002.25872095737 1817.58476717265 6086.88562543649 3183.33819601669 4001.93767119071 0.0 5612.08562197974 6251.66923060367 4837.57297894476 5982.36129714346 7025.1360876343 4737.81711875585 1065.75260654633 5286.52930906346 3845.89405426264 4790.56392248283 2725.57578720534 6999.25238749214 8658.19100289837 2978.17357883527 5249.13427746586 7064.02515287074 4962.45081138827 1365.27857075741 6786.9831974966 6953.52878323369 3152.90535526277 4617.80910863597 4774.1666628831 4214.85568320084 714.693427166589 2575.88362975466 4658.5432271357 2668.82026761632 1053.2789722408 3360.12235376141 1462.90754141659
6254.81747343177 12588.6694154519 4038.19178794477 11626.6028256322 2955.97237297225 2799.02181447093 5612.08562197974 0.0 11824.2000796662 8642.99973819092 10710.9427374033 12627.9213582264 6145.40425108655 5460.99201910143 6659.83666314809 9093.41914250928 9972.43980743351 5539.96199714151 9889.09408396831 9659.95380858304 8578.08237433252 1227.96796558017 3621.64190817113 3098.78606877151 6472.17035844402 12315.0244054184 12483.5472185933 3593.82657310587 7605.29382336688 10347.573794394 9564.52515292647 6050.48719845683 3067.15921669457 7632.62891486373 3261.29942904054 5127.31527114546 8799.66091528495 6254.81747343177
6164.4526757075 2066.33090134546 7819.73446081928 2374.26285209804 9375.50014752203 10125.5909508884 6251.66923060367 11824.2000796662 0.0 5616.61820024662 3756.22125504718 962.164656235962 8373.67976330741 6418.47019622651 8555.91024068062 3107.12103216311 4231.71949792359 7804.27869157966 9107.79509402415 12081.60479782 3481.37936936196 11496.8024124929 13089.7662216735 10972.5020493561 5409.51301972687 705.041086414159 2672.37297547291 9174.54234711761 8015.54091068669 2353.13397516485 3783.87993486486 5977.30114540584 8757.23903565211 6766.25080128923 8661.45516418605 6996.23857235664 3872.34783090874 6164.4526757075
6019.82655185602 7483.69526900902 5060.04840230983 7184.54481466747 7421.52710480427 8294.15748287522 4837.57297894476 8642.99973819092 5616.61820024662 0.0 2477.03987039181 6569.33543101604 3205.61638637197 4011.04277370106 3167.73752661766 2851.13015383888 7471.22855536361 7554.28427765098 11333.7659670956 13408.2446900861 4982.35962408669 8899.81548779845 11274.6608484153 9340.23733255457 3516.60204398783 5655.81604413126 7883.2070787335 7689.27215498133 9195.24028596906 6083.81865533509 6710.04950543634 5266.83530579657 6034.81722063882 1320.27341366957 5544.38705684012 5875.22733423287 5979.58319763598 6019.82655185602
6743.23509539715 5805.91965073637 6820.49931526313 5834.60442291425 9012.3890243478 9877.83505566209 5982.36129714346 10710.9427374033 3756.22125504718 2477.03987039181 0.0 4619.99143105835 5674.70858656126 5501.63909172862 5639.89761259262 2379.58620147878 6858.71179388163 8464.34779648754 11382.075756392 13902.9443021256 4738.8157521341 10780.9105890537 12942.8634913923 10888.4763939263 4650.2375370064 3565.94597530742 6350.84189375894 9111.21540362179 9604.61816850788 5078.96019059572 6152.95946434695 6147.37099430593 7846.43439353102 3797.27799295844 7477.9013031468 7013.82788013445 5676.4741441078 6743.23509539715
6792.55748764602 1439.86362998007 8654.67186012734 2167.81691894638 10093.7762595117 10812.95782391 7025.1360876343 12627.9213582264 962.164656235962 6569.33543101604 4619.99143105835 0.0 9332.55859899639 7271.25706234218 9517.92142864518 4058.22518586622 4356.05960461633 8360.73369622709 9172.7410059072 12248.2960900962 4138.11117361323 12245.1171651048 13724.501725168 11618.7311832122 6272.30737656006 1107.74519054786 2140.16725072502 9844.38799264437 8330.1875537866 2675.72952600649 4060.31893823091 6689.85218778064 9566.46484118453 7727.50891282165 9506.09176715252 7701.24427536848 4340.35033718673 6792.55748764602
6200.16522753427 9979.4732679196 3751.33257050793 9420.54505568619 5946.31832800825 6723.71816730054 4737.81711875585 6145.40425108655 8373.67976330741 3205.61638637197 5674.70858656126 9332.55859899639 0.0 3675.63170299589 607.213120200494 5284.92904345827 8978.72326895251 7173.30669125508 11726.3934471356 13094.6979350915 6545.91045523464 6738.2855804146 9339.48587182708 7730.60573046723 4032.73944543156 8563.36329895103 10228.610116455 6473.96358968916 9303.0893936111 8137.72056692916 8259.50017484816 5424.34759671279 4364.8536594591 1896.00000593584 3712.77769804983 5474.63541567499 7390.18757994117 6200.16522753427
2525.34558955225 7449.90955695265 1422.80147818665 6628.98012622362 3518.41658288854 4389.6763147961 1065.75260654633 5460.99201910143 6418.47019622651 4011.04277370106 5501.63909172862 7271.25706234218 3675.63170299589 0.0 4221.04626114693 3642.50720701326 5614.60518715728 3692.73059646855 8064.90263834674 9658.57390197927 3489.36259129092 5334.81518966275 7445.23220897634 5416.83595594585 1014.94714055695 6873.28006257592 7494.05509584006 3697.59438361217 5675.08252528286 5290.2887917345 4972.27272511238 1750.626022619 2425.08233152087 3668.33518176113 2244.30880997754 1951.51487280124 4089.13638050874 2525.34558955225
6745.43343481021 10238.1812658902 4355.65868509939 9731.88101902279 6551.15181403895 7324.1228945578 5286.52930906346 6659.83666314809 8555.91024068062 3167.73752661766 5639.89761259262 9517.92142864518 607.213120200494 4221.04626114693 0.0 5506.80921895133 9406.60939114874 7761.82745350593 12283.9397268091 13692.4496457667 6940.81497367189 7297.2658553396 9910.08100741195 8326.91427314951 4500.71819886148 8698.61416663183 10522.0901143383 7081.14586835651 9872.76504299329 8473.4097772772 8675.89326296264 5962.08187319257 4969.46555676356 1857.18980496639 4315.78196401065 6053.80595229063 7817.1981152567 6745.43343481021
4411.26533248329 4741.46940833123 5060.47663248817 4346.41403910395 7005.24096092961 7841.6485380246 3845.89405426264 9093.41914250928 3107.12103216311 2851.13015383888 2379.58620147878 4058.22518586622 5284.92904345827 3642.50720701326 5506.80921895133 0.0 4750.54487178406 6150.48392768585 9055.27745679779 11524.4236460714 2416.06839450787 8958.8351159396 10908.4708560492 8808.1015486695 2652.74067172262 3394.53357668342 5077.25716990031 6995.00275002453 7225.76656368302 3237.26331336556 4002.09836350912 3880.94762220685 6067.16984025721 3795.10900089333 5843.56209051477 4819.82167332596 3397.55051366834 4411.26533248329
3733.63615340927 3404.31455301279 6594.68016195445 2311.53935604482 7075.50418109238 7581.25934746688 4790.56392248283 9972.43980743351 4231.71949792359 7471.22855536361 6858.71179388163 4356.05960461633 8978.72326895251 5614.60518715728 9406.60939114874 4750.54487178406 0.0 4743.12526217694 4876.10077500948 7894.73220985606 2518.35880238812 9257.42982241135 10139.3184429309 8154.85373225853 4966.53265870611 4931.86504449891 2948.79925620539 6593.98308722587 4072.92236887819 1927.60452235268 761.480434512121 4135.58353434661 7186.63806159916 8083.76889656474 7420.16187100652 4889.03768658716 1589.59318768741 3733.63615340927
1745.64095571257 7870.23961326888 3513.62189156512 6791.77397408403 2595.15766185165 2899.77056146905 2725.57578720534 5539.96199714151 7804.27869157966 7554.28427765098 8464.34779648754 8360.73369622709 7173.30669125508 3692.73059646855 7761.82745350593 6150.48392768585 4743.12526217694 0.0 4778.84185308501 5969.66329146106 4346.73363141764 4641.11472327605 5436.24291250376 3412.61056954878 4045.04450863736 8452.27824992053 7575.56404243671 1960.17446301149 2297.71828063019 5727.16010648295 4552.84213292646 2338.32803090892 3442.85955657688 7357.63783458159 3986.89159401186 1743.02014732865 4034.86579365061 1745.64095571257
5549.31717134603 8022.36206142074 8237.4922285331 7026.2876377195 7154.12763181282 7091.54046573543 6999.25238749214 9889.09408396831 9107.79509402415 11333.7659670956 11382.075756392 9172.7410059072 11726.3934471356 8064.90263834674 12283.9397268091 9055.27745679779 4876.10077500948 4778.84185308501 0.0 3229.4145450643 6647.56662810331 8772.32613632172 8283.77716576152 7009.40974618112 7999.82626859823 9807.32459732421 7403.47134247813 6424.98299687489 2485.29236406773 6785.41948444788 5402.52944876678 6343.70659851882 8217.78541373779 11515.7664526374 8764.05942911513 6298.93014124165 5712.91220656394 5549.31717134603
7388.70263202966 11174.8530527775 9358.39079072774 10141.3960981709 7543.11359656684 7107.0896361964 8658.19100289837 9659.95380858304 12081.60479782 13408.2446900861 13902.9443021256 12248.2960900962 13094.6979350915 9658.57390197927 13692.4496457667 11524.4236460714 7894.73220985606 5969.66329146106 3229.4145450643 0.0 9222.80480332703 8435.54607661567 7000.48295174098 6561.72810614465 9902.96190418719 12786.6142218255 10581.7081008613 6850.41276459036 4298.82978536281 9729.020777988 8301.38798359954 8148.12161013523 8980.52175678938 13314.4584053346 9622.46250644161 7712.26863213998 8409.20302055819 7388.70263202966
2683.07667507907 4024.79154342177 4736.61990888438 3144.30364154102 5959.98551787594 6675.37892142017 2978.17357883527 8578.08237433252 3481.37936936196 4982.35962408669 4738.8157521341 4138.11117361323 6545.91045523464 3489.36259129092 6940.81497367189 2416.06839450787 2518.35880238812 4346.73363141764 6647.56662810331 9222.80480332703 0.0 8125.0943687247 9611.92526595035 7497.4712205839 2643.8316685096 4111.22035803093 4011.49400315421 5710.45832189225 4948.63791950674 1810.81402371969 1762.12972888723 2562.03609406893 5554.05292827465 5566.62454981604 5601.9739561139 3566.12146633915 1002.72736926396 2683.07667507907
5620.99747191087 12073.3479269805 3961.87674354535 11065.1434978368 2199.16319757679 1758.72054443224 5249.13427746586 1227.96796558017 11496.8024124929 8899.81548779845 10780.9105890537 12245.1171651048 6738.2855804146 5334.81518966275 7297.2658553396 8958.8351159396 9257.42982241135 4641.11472327605 8772.32613632172 8435.54607661567 8125.0943687247 0.0 2642.26722392844 1878.46700502747 6306.14948822162 12035.664529653 11905.6988503562 2688.96690897036 6564.77079402879 9833.9758973935 8921.63299539566 5563.05947089124 2934.91478173367 8021.00539791591 3356.17111061069 4570.02875280475 8215.86206797916 5620.99747191087
6934.41996145416 13303.5387945786 6218.70774906998 12227.8332631464 3930.71452391774 3071.54631009022 7064.02515287074 3621.64190817113 13089.7662216735 11274.6608484153 12942.8634913923 13724.501725168 9339.48587182708 7445.23220897634 9910.08100741195 10908.4708560492 10139.3184429309 5436.24291250376 8283.77716576152 7000.48295174098 9611.92526595035 2642.26722392844 0.0 2121.5764295176 8316.00070989131 13696.3756194705 13009.1533118441 3939.64295053243 6607.50567534872 11135.4978424801 9988.63537821231 7155.11536194494 5245.2178369131 10506.4802015807 5790.77673783108 6145.69162765233 9445.45903084046 6934.41996145416
4826.18709798854 11239.5411201974 4296.88434602686 10175.6582540798 1918.71027426716 1048.53534715915 4962.45081138827 3098.78606877151 10972.5020493561 9340.23733255457 10888.4763939263 11618.7311832122 7730.60573046723 5416.83595594585 8326.91427314951 8808.1015486695 8154.85373225853 3412.61056954878 7009.40974618112 6561.72810614465 7497.4712205839 1878.46700502747 2121.5764295176 0.0 6243.41174257704 11576.0477647287 10974.6807882815 1820.84910250636 4956.84034220594 9050.30986161663 7949.22452143425 5033.89145026226 3413.76426570585 8681.80030596015 4035.29250430444 4026.30049003534 7366.12016228973 4826.18709798854
2527.6231202189 6509.60911192319 2435.20238491575 5739.51676586163 4390.0243801347 5244.8062899948 1365.27857075741 6472.17035844402 5409.51301972687 3516.60204398783 4650.2375370064 6272.30737656006 4032.73944543156 1014.94714055695 4500.71819886148 2652.74067172262 4966.53265870611 4045.04450863736 7999.82626859823 9902.96190418719 2643.8316685096 6306.14948822162 8316.00070989131 6243.41174257704 0.0 5858.53936853193 6597.128998973 4461.0558255688 5738.85357458142 4401.80792519415 4269.18252890203 1754.8617130516 3423.67838894386 3516.05975647581 3258.00438605492 2418.34527984416 3387.24232792777 2527.6231202189
6788.88437243743 2494.40267450229 8288.77827887129 2993.66108942469 9940.03166357302 10707.9160856118 6786.9831974966 12315.0244054184 705.041086414159 5655.81604413126 3565.94597530742 1107.74519054786 8563.36329895103 6873.28006257592 8698.61416663183 3394.53357668342 4931.86504449891 8452.27824992053 9807.32459732421 12786.6142218255 4111.22035803093 12035.664529653 13696.3756194705 11576.0477647287 5858.53936853193 0.0 3163.96534468443 9768.89348384797 8714.92860562458 3058.14979515189 4488.70883756869 6557.66544370881 9249.97743836567 6871.41996856513 9116.15107602852 7576.61242993437 4557.67408979568 6788.88437243743
6284.90704145618 710.421900993368 8740.59446380036 867.932375503102 9706.8063963895 10309.3925044649 6953.52878323369 12483.5472185933 2672.37297547291 7883.2070787335 6350.84189375894 2140.16725072502 10228.610116455 7494.05509584006 10522.0901143383 5077.25716990031 2948.79925620539 7575.56404243671 7403.47134247813 10581.7081008613 4011.49400315421 11905.6988503562 13009.1533118441 10974.6807882815 6597.128998973 3163.96534468443 0.0 9315.63138779968 7003.22713363479 2203.79163963488 3025.45644793158 6438.49805216205 9516.85108465003 8868.59481470431 9604.7936072141 7365.91477730433 3692.50165745776 6284.90704145618
3068.88767862987 9535.07215586654 2781.61165503342 8493.54985864952 734.716586304446 993.950958582085 3152.90535526277 3593.82657310587 9174.54234711761 7689.27215498133 9111.21540362179 9844.38799264437 6473.96358968916 3697.59438361217 7081.14586835651 6995.00275002453 6593.98308722587 1960.17446301149 6424.98299687489 6850.41276459036 5710.45832189225 2688.96690897036 3939.64295053243 1820.84910250636 4461.0558255688 9768.89348384797 9315.63138779968 0.0 4047.27378734924 7318.53133822006 6302.59888146498 3217.14162141447 2160.65071097009 7158.42401166019 2819.59321546898 2206.06905117147 5653.71913540283 3068.88767862987
3217.55415050305 7476.6488013706 5758.29869109036 6379.851023349 4759.0679932942 4822.48692952686 4617.80910863597 7605.29382336688 8015.54091068669 9195.24028596906 9604.61816850788 8330.1875537866 9303.0893936111 5675.08252528286 9872.76504299329 7225.76656368302 4072.92236887819 2297.71828063019 2485.29236406773 4298.82978536281 4948.63791950674 6564.77079402879 6607.50567534872 4956.84034220594 5738.85357458142 8714.92860562458 7003.22713363479 4047.27378734924 0.0 5687.31931037323 4271.28203837838 4010.88321671667 5740.32551670991 9232.77616490088 6279.62921261413 3840.87438197343 4201.59233395867 3217.55415050305
4250.36444878675 2243.10481249095 6546.39764851105 1339.5946189336 7644.7060040961 8304.69506527555 4774.1666628831 10347.573794394 2353.13397516485 6083.81865533509 5078.96019059572 2675.72952600649 8137.72056692916 5290.2887917345 8473.4097772772 3237.26331336556 1927.60452235268 5727.16010648295 6785.41948444788 9729.020777988 1810.81402371969 9833.9758973935 11135.4978424801 9050.30986161663 4401.80792519415 3058.14979515189 2203.79163963488 7318.53133822006 5687.31931037323 0.0 1431.65244052703 4299.26487044305 7347.15458504476 6919.95462888205 7411.53955211901 5265.82396534861 1692.6657996301 4250.36444878675
3314.12262086592 3337.98238005315 6031.78807437354 2245.17090929261 6724.17904689467 7296.45083422343 4214.85568320084 9564.52515292647 3783.87993486486 6710.04950543634 6152.95946434695 4060.31893823091 8259.50017484816 4972.27272511238 8675.89326296264 4002.09836350912 761.480434512121 4552.84213292646 5402.52944876678 8301.38798359954 1762.12972888723 8921.63299539566 9988.63537821231 7949.22452143425 4269.18252890203 4488.70883756869 3025.45644793158 6302.59888146498 4271.28203837838 1431.65244052703 0.0 3600.67819613995 6691.0429322062 7328.73785401566 6874.99549538811 4440.83356857586 886.036921131272 3314.12262086592
797.33227384993 6542.00151706007 2462.55034801174 5578.39600874673 3404.64123628456 4150.72646221052 714.693427166589 6050.48719845683 5977.30114540584 5266.83530579657 6147.37099430593 6689.85218778064 5424.34759671279 1750.626022619 5962.08187319257 3880.94762220685 4135.58353434661 2338.32803090892 6343.70659851882 8148.12161013523 2562.03609406893 5563.05947089124 7155.11536194494 5033.89145026226 1754.8617130516 6557.66544370881 6438.49805216205 3217.14162141447 4010.88321671667 4299.26487044305 3600.67819613995 0.0 3096.56002960635 5222.2248064994 3285.27550969179 1019.39030122317 2777.77545629305 797.33227384993
3476.7951266026 9577.95720688968 1027.23024633643 8652.14534294861 1581.74555483319 2379.45881579004 2575.88362975466 3067.15921669457 8757.23903565211 6034.81722063882 7846.43439353102 9566.46484118453 4364.8536594591 2425.08233152087 4969.46555676356 6067.16984025721 7186.63806159916 3442.85955657688 8217.78541373779 8980.52175678938 5554.05292827465 2934.91478173367 5245.2178369131 3413.76426570585 3423.67838894386 9249.97743836567 9516.85108465003 2160.65071097009 5740.32551670991 7347.15458504476 6691.0429322062 3096.56002960635 0.0 5283.73483773368 661.911473392724 2321.27457029458 5874.10790068228 3476.7951266026
6015.61024562341 8531.59744038566 4401.40334749571 8116.04375971343 6783.01089322913 7635.60572943521 4658.5432271357 7632.62891486373 6766.25080128923 1320.27341366957 3797.27799295844 7727.50891282165 1896.00000593584 3668.33518176113 1857.18980496639 3795.10900089333 8083.76889656474 7357.63783458159 11515.7664526374 13314.4584053346 5566.62454981604 8021.00539791591 10506.4802015807 8681.80030596015 3516.05975647581 6871.41996856513 8868.59481470431 7158.42401166019 9232.77616490088 6919.95462888205 7328.73785401566 5222.2248064994 5283.73483773368 0.0 4715.74177094278 5619.21802140912 6520.48463328079 6015.61024562341
3785.1227714027 9617.10229943024 865.486518344039 8736.94947659825 2239.27672024617 3014.52865055747 2668.82026761632 3261.29942904054 8661.45516418605 5544.38705684012 7477.9013031468 9506.09176715252 3712.77769804983 2244.30880997754 4315.78196401065 5843.56209051477 7420.16187100652 3986.89159401186 8764.05942911513 9622.46250644161 5601.9739561139 3356.17111061069 5790.77673783108 4035.29250430444 3258.00438605492 9116.15107602852 9604.7936072141 2819.59321546898 6279.62921261413 7411.53955211901 6874.99549538811 3285.27550969179 661.911473392724 4715.74177094278 0.0 2668.87462078065 6027.68964087348 3785.1227714027
1159.43457646915 7507.28340775126 1981.40575533564 6515.02560484758 2393.92227387617 3131.4392540404 1053.2789722408 5127.31527114546 6996.23857235664 5875.22733423287 7013.82788013445 7701.24427536848 5474.63541567499 1951.51487280124 6053.80595229063 4819.82167332596 4889.03768658716 1743.02014732865 6298.93014124165 7712.26863213998 3566.12146633915 4570.02875280475 6145.69162765233 4026.30049003534 2418.34527984416 7576.61242993437 7365.91477730433 2206.06905117147 3840.87438197343 5265.82396534861 4440.83356857586 1019.39030122317 2321.27457029458 5619.21802140912 2668.87462078065 0.0 3675.63449758584 1159.43457646915
2598.5640311066 3881.63215949164 5177.17684307764 2849.62799656047 6017.90549362743 6644.55038733432 3360.12235376141 8799.66091528495 3872.34783090874 5979.58319763598 5676.4741441078 4340.35033718673 7390.18757994117 4089.13638050874 7817.1981152567 3397.55051366834 1589.59318768741 4034.86579365061 5712.91220656394 8409.20302055819 1002.72736926396 8215.86206797916 9445.45903084046 7366.12016228973 3387.24232792777 4557.67408979568 3692.50165745776 5653.71913540283 4201.59233395867 1692.6657996301 886.036921131272 2777.77545629305 5874.10790068228 6520.48463328079 6027.68964087348 3675.63449758584 0.0 2598.5640311066
0.0 6473.71687149904 3028.43340525789 5447.73148092218 3421.94852966743 4054.40037517112 1462.90754141659 6254.81747343177 6164.4526757075 6019.82655185602 6743.23509539715 6792.55748764602 6200.16522753427 2525.34558955225 6745.43343481021 4411.26533248329 3733.63615340927 1745.64095571257 5549.31717134603 7388.70263202966 2683.07667507907 5620.99747191087 6934.41996145416 4826.18709798854 2527.6231202189 6788.88437243743 6284.90704145618 3068.88767862987 3217.55415050305 4250.36444878675 3314.12262086592 797.33227384993 3476.7951266026 6015.61024562341 3785.1227714027 1159.43457646915 2598.5640311066 0.0
Customer demand
0.75 0.55 1.55 1.25 1.6 0.96 0.75 1.18 1.88 0.7 1.6 0.89 0.63 0.96 0.75 1.86 1.55 1.88 1.6 0.75 1.53 1.88 0.87 0.99 0.75 1.88 1.26 1.93 0.99 0.65
