CustNum 30 StaNum 6
0.0 7247.61430850904 4964.38875132005 8592.69171476735 5837.90952244492 6788.88437243743 3314.12262086592 4876.93912110308 2121.56844490852 4784.17253718498 5535.99002513219 2876.59288940596 6164.4526757075 5986.5399557874 7360.65457462631 5059.93357337835 3166.46446487273 3068.88767862987 4411.26533248329 5620.99747191087 5251.0222561903 5549.31717134603 6473.71687149904 1906.92030942523 3408.19736785059 7215.56658057247 4308.89467423326 6792.55748764602 4283.65040275468 7693.62335465937 5365.78178965579 634.599609216784 2170.53182154152 4569.58483756973 1332.02030658525 3305.48994043889 3476.7951266026 0.0
7247.61430850904 0.0 9000.79818485037 15831.9230796321 12790.0405910923 1988.88499995413 4253.21854645907 5556.66413322361 5475.83857925939 3884.02915711615 7602.93005111172 5381.60337179158 1857.10644495333 6604.23615181281 11368.4706502907 10610.8642441318 10230.8952720198 10316.3026636226 4904.07721642236 12793.5569264687 10920.0780255204 9049.60932373944 1027.30229812548 5346.86563513152 5089.73451725929 14449.4459447437 11425.5307700357 916.652716873857 5805.63622139306 10188.4994524843 12539.1740731488 7378.88103625697 5956.64192000779 10118.9841889666 8431.37017653052 8450.18399729782 10195.8869834123 7247.61430850904
4964.38875132005 9000.79818485037 0.0 9400.81455097165 5645.28313582825 7470.11701776377 6927.30372178411 9334.56007241103 6336.3146408862 8551.53821174439 2036.70866564724 7245.57862241631 7219.71229708821 3356.66859464928 12220.1540764758 2168.53048221981 6753.56952469457 5658.89596159211 4112.59220349756 6425.42590271103 2477.62953239441 10512.0398867488 8734.49986633568 5290.03130562317 4032.83472196746 8895.38541211545 7358.03399902622 8169.18829426525 3214.76295440717 2835.37218236814 6251.01425312477 4334.36943189868 3821.94165864907 9230.60933704989 5686.09894977708 1721.17263284699 3708.03330133485 4964.38875132005
8592.69171476735 15831.9230796321 9400.81455097165 0.0 3758.79218620002 15160.2380405274 11822.1944821532 12472.4722378146 10557.6058090173 13066.8715601853 11340.4691667155 11039.1127802699 14604.9645808287 12524.5134320479 10460.5007738892 7325.29776530702 5953.62502350062 5530.18093051315 12113.3084566231 3154.82958345305 7074.16592393155 10608.5144438492 15064.3535391068 10485.5283365933 11325.558608168 1826.2314741872 4853.04864607869 15324.667008604 11502.7304391921 11566.4356277147 3392.28245612893 8469.95271083704 10125.5964618557 8064.28669752514 7515.86210084181 8467.45730678739 6078.12128330308 8592.69171476735
5837.90952244492 12790.0405910923 5645.28313582825 3758.79218620002 0.0 11854.6513224555 9142.1441712626 10453.5911438297 7955.90060094284 10612.0665228726 7605.64900322324 8642.57169409143 11365.8242184798 8822.34267324801 10326.7548161473 3573.7864193924 4399.13415071605 3271.94154902731 8631.7090555158 1222.96935708395 3336.20900326243 9634.90768230015 12145.1752012626 7568.60895924136 7952.91654616337 3584.34045495042 3936.81006737992 12172.4672503537 7938.9115952061 7864.63882025155 1258.53207880325 5507.86615726816 6865.16750087246 7324.76794667243 5171.90237968333 4834.48670953777 2608.62489310544 5837.90952244492
6788.88437243743 1988.88499995413 7470.11701776377 15160.2380405274 11854.6513224555 0.0 4488.70883756869 6541.80798780706 5474.39813757983 4834.12342821238 5864.27440095395 5706.49372503751 705.041086414159 4751.29401706748 12135.361017642 9282.75417570935 9936.54445264025 9768.89348384797 3394.53357668342 12035.664529653 9603.52231393995 9807.32459732421 2494.40267450229 4938.61654509518 3904.277532685 13941.6220617827 11096.1692865731 1107.74519054786 4267.76621035852 8347.25127106916 11787.5067767563 6748.07741688931 5037.69007446112 10408.2530048415 8088.90254685296 7217.05501599977 9249.97743836567 6788.88437243743
3314.12262086592 4253.21854645907 6927.30372178411 11822.1944821532 9142.1441712626 4488.70883756869 0.0 2657.16859826742 1269.69445133361 1642.08707076704 6480.40669815817 1217.96250950477 3783.87993486486 6208.27997007873 7705.80297259588 7818.21676249439 6041.77931621109 6302.59888146498 4002.09836350912 8921.63299539566 8074.67593491628 5402.52944876678 3337.98238005315 1726.71848189869 3274.70274282111 10331.557461439 7238.83877992882 4060.31893823091 4546.01664100084 9127.70055251613 8667.03815200806 3659.62618890965 3109.84689927504 5960.63091973508 4312.14973721941 5690.52219258324 6691.0429322062 3314.12262086592
4876.93912110308 5556.66413322361 9334.56007241103 12472.4722378146 10453.5911438297 6541.80798780706 2657.16859826742 0.0 3006.99447686418 1718.229861369 9094.19162089267 2099.99194274823 5869.67659574002 8865.40195160896 5826.58455324874 9882.70690561806 6528.4867369322 7263.0413354767 6657.7383204924 9943.0551010161 10096.4785949678 3535.81053055649 4532.24616013192 4059.37946588931 5915.03763768242 10780.4549254364 7628.03756169439 5775.90532531573 7190.05953071917 11700.3578677836 9702.54123558489 5433.27553605708 5549.89916436961 5147.66146917657 5282.0492467852 7906.14761377021 8314.1505273582 4876.93912110308
2121.56844490852 5475.83857925939 6336.3146408862 10557.6058090173 7955.90060094284 5474.39813757983 1269.69445133361 3006.99447686418 0.0 2663.32692602018 6263.09264048662 909.60780209915 4783.02089497649 6259.43345825441 7067.40542489229 6928.02740492778 4777.76611244324 5045.17392285724 4185.33554191005 7683.07168875595 7158.80132203645 4870.3807971062 4591.61625975379 1142.25171432536 3260.73736143202 9061.94645188425 5975.08569195143 5197.14730367148 4495.85633499088 8783.93888391753 7429.3195272311 2560.99417860348 2603.53130823525 4954.15967980776 3044.14560369601 4904.97350967682 5577.27471612845 2121.56844490852
4784.17253718498 3884.02915711615 8551.53821174439 13066.8715601853 10612.0665228726 4834.12342821238 1642.08707076704 1718.229861369 2663.32692602018 0.0 7984.09730412038 2028.48628863952 4171.7644423945 7564.90499792048 7487.55213034724 9452.77577036433 7152.81503683218 7618.85247997191 5347.1828362225 10290.7964322834 9705.13969159368 5165.75843113543 2856.92830887307 3363.05595048657 4767.23802729284 11481.4884081093 8328.20725153713 4059.17870525364 6006.67452257895 10665.0585826894 10039.2793341491 5207.25194646519 4743.64585034348 6405.33657536479 5585.38994325545 7332.15044851423 8235.36604788711 4784.17253718498
5535.99002513219 7602.93005111172 2036.70866564724 11340.4691667155 7605.64900322324 5864.27440095395 6480.40669815817 9094.19162089267 6263.09264048662 7984.09730412038 0.0 7123.30232651051 5753.09722839201 1342.63823903413 12877.9253671389 4201.62109410552 8004.10030881861 7097.09023236825 2804.5150575695 8288.07142946655 4513.48456658242 10926.0469293949 7530.1863667618 5122.62303957501 3218.89294408863 10699.1791393967 8800.67317687173 6714.3636361504 1994.5381475442 2705.06156917764 8092.98190299858 4984.15000089922 3692.59113242847 10084.0254047069 6587.04735588236 3042.05873907842 5423.06072214018 5535.99002513219
2876.59288940596 5381.60337179158 7245.57862241631 11039.1127802699 8642.57169409143 5706.49372503751 1217.96250950477 2099.99194274823 909.60780209915 2028.48628863952 7123.30232651051 0.0 5001.737960496 7042.89549988211 6523.75006658642 7804.72656302875 5137.21819134217 5597.24966911949 4903.96135518098 8276.13982869233 8027.49413311454 4245.82948265724 4417.25801435906 2010.59123820439 4039.4225092483 9464.97084844132 6320.63196439056 5255.52604993302 5301.27686012107 9673.38037892649 8025.88678488418 3385.60682028539 3495.06150099302 4762.16826093341 3562.52846308826 5806.82390997732 6352.82633491281 2876.59288940596
6164.4526757075 1857.10644495333 7219.71229708821 14604.9645808287 11365.8242184798 705.041086414159 3783.87993486486 5869.67659574002 4783.02089497649 4171.7644423945 5753.09722839201 5001.737960496 0.0 4750.32416635932 11434.5745432248 8934.06800329746 9296.06745016771 9174.54234711761 3107.12103216311 11496.8024124929 9250.51398278737 9107.79509402415 2066.33090134546 4291.38623146398 3457.58669118819 13347.9181986539 10464.066198893 962.164656235962 4006.53439472533 8331.59647192556 11246.4839271952 6158.76548792848 4510.2656358898 9709.09051680947 7450.3759650147 6819.50696149167 8757.23903565211 6164.4526757075
5986.5399557874 6604.23615181281 3356.66859464928 12524.5134320479 8822.34267324801 4751.29401706748 6208.27997007873 8865.40195160896 6259.43345825441 7564.90499792048 1342.63823903413 7042.89549988211 4750.32416635932 0.0 13168.9213737074 5504.571600339 8758.82828500237 7985.97883404825 2220.68220223849 9426.42871805187 5821.67718367503 11087.9375595489 6671.72262193524 5135.96995632692 3004.89311138202 11778.3947137771 9658.41811757439 5693.57586143082 1776.52867543871 3596.64675234211 9218.3975467935 5519.69421765401 3898.52770302292 10545.8843304572 7177.42061496421 4088.26885549225 6510.96225547789 5986.5399557874
7360.65457462631 11368.4706502907 12220.1540764758 10460.5007738892 10326.7548161473 12135.361017642 7705.80297259588 5826.58455324874 7067.40542489229 7487.55213034724 12877.9253671389 6523.75006658642 11434.5745432248 13168.9213737074 0.0 11690.2758226161 6087.73405897981 7393.00672844897 11221.7526275882 9284.01772031225 11753.8894842855 2332.94932685028 10341.3038996193 8100.93061931487 10249.3269991619 8651.84809927063 6401.39442653719 11505.1745013953 11396.2758527378 15016.4813903388 9137.95725045502 7953.79188578117 9279.96310456736 3117.66742014751 6548.39967695667 10502.5576829262 9439.15409765747 7360.65457462631
5059.93357337835 10610.8642441318 2168.53048221981 7325.29776530702 3573.7864193924 9282.75417570935 7818.21676249439 9882.70690561806 6928.02740492778 9452.77577036433 4201.62109410552 7804.72656302875 8934.06800329746 5504.571600339 11690.2758226161 0.0 5749.65963741211 4478.6367110558 5891.25696833083 4500.10016194415 325.43610707177 10316.6093107892 10190.1597902661 6091.64594056657 5521.18432676236 7007.28857848279 6039.50450448731 9846.7966094858 5049.06538427423 4339.80581836948 4365.24820270614 4462.78981674157 4841.9658979588 8583.85672912843 5267.9625469729 2191.18017442568 2318.19013634885 5059.93357337835
3166.46446487273 10230.8952720198 6753.56952469457 5953.62502350062 4399.13415071605 9936.54445264025 6041.77931621109 6528.4867369322 4777.76611244324 7152.81503683218 8004.10030881861 5137.21819134217 9296.06745016771 8758.82828500237 6087.73405897981 5749.65963741211 0.0 1310.55941655507 7486.82231470496 3576.08213545674 5765.57426234658 5237.03832085283 9368.39101086447 5004.91550050905 6511.85506518524 4328.76609600021 1197.31969479238 9865.08792323174 7205.26651403036 9576.50498087126 3365.55159598469 3375.87663003965 5235.1736591006 2990.71903216297 1847.8111809715 5096.13165235479 3437.07465401479 3166.46446487273
3068.88767862987 10316.3026636226 5658.89596159211 5530.18093051315 3271.94154902731 9768.89348384797 6302.59888146498 7263.0413354767 5045.17392285724 7618.85247997191 7097.09023236825 5597.24966911949 9174.54234711761 7985.97883404825 7393.00672844897 4478.6367110558 1310.55941655507 0.0 6995.00275002453 2688.96690897036 4476.69923397827 6424.98299687489 9535.07215586654 4971.78720381615 6086.35328574339 4173.67977276237 1710.21562880971 9844.38799264437 6574.18230631246 8445.1325009943 2443.6990870384 3020.95221626018 4817.72376951035 4286.03101679284 2034.76157308115 4087.25935722624 2160.65071097009 3068.88767862987
4411.26533248329 4904.07721642236 4112.59220349756 12113.3084566231 8631.7090555158 3394.53357668342 4002.09836350912 6657.7383204924 4185.33554191005 5347.1828362225 2804.5150575695 4903.96135518098 3107.12103216311 2220.68220223849 11221.7526275882 5891.25696833083 7486.82231470496 6995.00275002453 0.0 8958.8351159396 6213.08474460176 9055.27745679779 4741.46940833123 3121.57686748282 1013.58214692922 11078.5994355405 8536.28721995593 4058.22518586622 902.002010042977 5498.45659592961 8721.61487956899 4110.94586535014 2255.74221379625 8806.59880621322 5721.54354215706 3870.64994978718 6067.16984025721 4411.26533248329
5620.99747191087 12793.5569264687 6425.42590271103 3154.82958345305 1222.96935708395 12035.664529653 8921.63299539566 9943.0551010161 7683.07168875595 10290.7964322834 8288.07142946655 8276.13982869233 11496.8024124929 9426.42871805187 9284.01772031225 4500.10016194415 3576.08213545674 2688.96690897036 8958.8351159396 0.0 4310.78638103136 8772.32613632172 12073.3479269805 7469.46519678525 8180.647318357 2507.45565675261 2890.90810258329 12245.1171651048 8351.97991123672 8839.25984270366 255.381291514397 5415.57989868028 6998.03831842475 6364.95864274847 4717.90048648737 5346.0332320201 2934.91478173367 5620.99747191087
5251.0222561903 10920.0780255204 2477.62953239441 7074.16592393155 3336.20900326243 9603.52231393995 8074.67593491628 10096.4785949678 7158.80132203645 9705.13969159368 4513.48456658242 8027.49413311454 9250.51398278737 5821.67718367503 11753.8894842855 325.43610707177 5765.57426234658 4476.69923397827 6213.08474460176 4310.78638103136 0.0 10434.1973661382 10489.1759909835 6348.16272090698 5831.1204132447 6816.85116245772 5990.84193620988 10160.6213253121 5373.15535085338 4538.24963958138 4189.65190954575 4666.18659729089 5125.52171230807 8640.62286736514 5387.11071243465 2485.60851462202 2330.23852416822 5251.0222561903
5549.31717134603 9049.60932373944 10512.0398867488 10608.5144438492 9634.90768230015 9807.32459732421 5402.52944876678 3535.81053055649 4870.3807971062 5165.75843113543 10926.0469293949 4245.82948265724 9107.79509402415 11087.9375595489 2332.94932685028 10316.6093107892 5237.03832085283 6424.98299687489 9055.27745679779 8772.32613632172 10434.1973661382 0.0 8022.36206142074 5959.66440383827 8114.05201500742 8792.27969486072 5958.53682404578 9172.7410059072 9312.11231668728 13230.2397426884 8578.19458504043 6177.69196496356 7253.19292440043 2544.48131153592 5049.06115818638 8831.83124562771 8217.78541373779 5549.31717134603
6473.71687149904 1027.30229812548 8734.49986633568 15064.3535391068 12145.1752012626 2494.40267450229 3337.98238005315 4532.24616013192 4591.61625975379 2856.92830887307 7530.1863667618 4417.25801435906 2066.33090134546 6671.72262193524 10341.3038996193 10190.1597902661 9368.39101086447 9535.07215586654 4741.46940833123 12073.3479269805 10489.1759909835 8022.36206142074 0.0 4604.59324336736 4721.02830369064 13630.4021549229 10565.6100533025 1439.86362998007 5620.82296657934 10190.893051594 11818.0734565765 6667.73593672628 5411.11965394821 9127.61297204657 7600.27925296304 8003.79226106602 9577.95720688968 6473.71687149904
1906.92030942523 5346.86563513152 5290.03130562317 10485.5283365933 7568.60895924136 4938.61654509518 1726.71848189869 4059.37946588931 1142.25171432536 3363.05595048657 5122.62303957501 2010.59123820439 4291.38623146398 5135.96995632692 8100.93061931487 6091.64594056657 5004.91550050905 4971.78720381615 3121.57686748282 7469.46519678525 6348.16272090698 5959.66440383827 4604.59324336736 0.0 2155.70092264859 9122.24060229438 6176.97475097898 4888.24606712451 3365.33437904859 7663.55601495902 7214.26619798814 2067.00320159509 1491.22234298858 5762.58474682928 3160.68380933073 3973.83903828352 5047.60487271437 1906.92030942523
3408.19736785059 5089.73451725929 4032.83472196746 11325.558608168 7952.91654616337 3904.277532685 3274.70274282111 5915.03763768242 3260.73736143202 4767.23802729284 3218.89294408863 4039.4225092483 3457.58669118819 3004.89311138202 10249.3269991619 5521.18432676236 6511.85506518524 6086.35328574339 1013.58214692922 8180.647318357 5831.1204132447 8114.05201500742 4721.02830369064 2155.70092264859 0.0 10213.5239458424 7584.46533117594 4339.15782666174 1275.38591769046 5899.63203346951 7936.89205755114 3141.56159183193 1280.99591693978 7796.17388884552 4726.58993837281 3371.62036831764 5352.01817888084 3408.19736785059
7215.56658057247 14449.4459447437 8895.38541211545 1826.2314741872 3584.34045495042 13941.6220617827 10331.557461439 10780.4549254364 9061.94645188425 11481.4884081093 10699.1791393967 9464.97084844132 13347.9181986539 11778.3947137771 8651.84809927063 7007.28857848279 4328.76609600021 4173.67977276237 11078.5994355405 2507.45565675261 6816.85116245772 8792.27969486072 13630.4021549229 9122.24060229438 10213.5239458424 0.0 3163.85230085911 14006.9139369032 10563.7194453741 11346.676174513 2652.43401020726 7193.65470050525 8962.39222389136 6247.89774689251 6030.22203794611 7694.13552872228 5278.75285420981 7215.56658057247
4308.89467423326 11425.5307700357 7358.03399902622 4853.04864607869 3936.81006737992 11096.1692865731 7238.83877992882 7628.03756169439 5975.08569195143 8328.20725153713 8800.67317687173 6320.63196439056 10464.066198893 9658.41811757439 6401.39442653719 6039.50450448731 1197.31969479238 1710.21562880971 8536.28721995593 2890.90810258329 5990.84193620988 5958.53682404578 10565.6100533025 6176.97475097898 7584.46533117594 3163.85230085911 0.0 11049.6875056195 8186.57459428631 10125.2424496903 2736.90110481082 4445.78987357596 6303.47292482311 3490.82592453958 3017.0286194145 5797.31852486338 3759.89829653656 4308.89467423326
6792.55748764602 916.652716873857 8169.18829426525 15324.667008604 12172.4672503537 1107.74519054786 4060.31893823091 5775.90532531573 5197.14730367148 4059.17870525364 6714.3636361504 5255.52604993302 962.164656235962 5693.57586143082 11505.1745013953 9846.7966094858 9865.08792323174 9844.38799264437 4058.22518586622 12245.1171651048 10160.6213253121 9172.7410059072 1439.86362998007 4888.24606712451 4339.15782666174 14006.9139369032 11049.6875056195 0.0 4959.47668246749 9282.0573598413 11992.5202960067 6855.04425324627 5308.30160957598 10016.5074755431 8034.69385468117 7710.73094033739 9566.46484118453 6792.55748764602
4283.65040275468 5805.63622139306 3214.76295440717 11502.7304391921 7938.9115952061 4267.76621035852 4546.01664100084 7190.05953071917 4495.85633499088 6006.67452257895 1994.5381475442 5301.27686012107 4006.53439472533 1776.52867543871 11396.2758527378 5049.06538427423 7205.26651403036 6574.18230631246 902.002010042977 8351.97991123672 5373.15535085338 9312.11231668728 5620.82296657934 3365.33437904859 1275.38591769046 10563.7194453741 8186.57459428631 4959.47668246749 0.0 4698.63905339222 8122.92555040055 3872.20512630177 2145.46687688269 8813.81433334725 5529.94931980153 3117.72060898933 5426.31452728972 4283.65040275468
7693.62335465937 10188.4994524843 2835.37218236814 11566.4356277147 7864.63882025155 8347.25127106916 9127.70055251613 11700.3578677836 8783.93888391753 10665.0585826894 2705.06156917764 9673.38037892649 8331.59647192556 3596.64675234211 15016.4813903388 4339.80581836948 9576.50498087126 8445.1325009943 5498.45659592961 8839.25984270366 4538.24963958138 13230.2397426884 10190.893051594 7663.55601495902 5899.63203346951 11346.676174513 10125.2424496903 9282.0573598413 4698.63905339222 0.0 8704.38741977617 7078.286887769 6180.60267289674 12054.914816914 8504.90354090688 4548.23666197354 6394.53655373638 7693.62335465937
5365.78178965579 12539.1740731488 6251.01425312477 3392.28245612893 1258.53207880325 11787.5067767563 8667.03815200806 9702.54123558489 7429.3195272311 10039.2793341491 8092.98190299858 8025.88678488418 11246.4839271952 9218.3975467935 9137.95725045502 4365.24820270614 3365.55159598469 2443.6990870384 8721.61487956899 255.381291514397 4189.65190954575 8578.19458504043 11818.0734565765 7214.26619798814 7936.89205755114 2652.43401020726 2736.90110481082 11992.5202960067 8122.92555040055 8704.38741977617 0.0 5160.92598549685 6749.82329161067 6191.2666757398 4469.35618585905 5133.61938657168 2715.6043374364 5365.78178965579
634.599609216784 7378.88103625697 4334.36943189868 8469.95271083704 5507.86615726816 6748.07741688931 3659.62618890965 5433.27553605708 2560.99417860348 5207.25194646519 4984.15000089922 3385.60682028539 6158.76548792848 5519.69421765401 7953.79188578117 4462.78981674157 3375.87663003965 3020.95221626018 4110.94586535014 5415.57989868028 4666.18659729089 6177.69196496356 6667.73593672628 2067.00320159509 3141.56159183193 7193.65470050525 4445.78987357596 6855.04425324627 3872.20512630177 7078.286887769 5160.92598549685 0.0 1861.58326350587 5099.87593436627 1660.88645810109 2670.89074295488 3033.53884662856 634.599609216784
2170.53182154152 5956.64192000779 3821.94165864907 10125.5964618557 6865.16750087246 5037.69007446112 3109.84689927504 5549.89916436961 2603.53130823525 4743.64585034348 3692.59113242847 3495.06150099302 4510.2656358898 3898.52770302292 9279.96310456736 4841.9658979588 5235.1736591006 4817.72376951035 2255.74221379625 6998.03831842475 5125.52171230807 7253.19292440043 5411.11965394821 1491.22234298858 1280.99591693978 8962.39222389136 6303.47292482311 5308.30160957598 2145.46687688269 6180.60267289674 6749.82329161067 1861.58326350587 0.0 6669.28488559369 3467.83876483468 2657.61631320656 4258.24723657003 2170.53182154152
4569.58483756973 10118.9841889666 9230.60933704989 8064.28669752514 7324.76794667243 10408.2530048415 5960.63091973508 5147.66146917657 4954.15967980776 6405.33657536479 10084.0254047069 4762.16826093341 9709.09051680947 10545.8843304572 3117.66742014751 8583.85672912843 2990.71903216297 4286.03101679284 8806.59880621322 6364.95864274847 8640.62286736514 2544.48131153592 9127.61297204657 5762.58474682928 7796.17388884552 6247.89774689251 3490.82592453958 10016.5074755431 8813.81433334725 12054.914816914 6191.2666757398 5099.87593436627 6669.28488559369 0.0 3551.77309609446 7510.02313318751 6322.42480315388 4569.58483756973
1332.02030658525 8431.37017653052 5686.09894977708 7515.86210084181 5171.90237968333 8088.90254685296 4312.14973721941 5282.0492467852 3044.14560369601 5585.38994325545 6587.04735588236 3562.52846308826 7450.3759650147 7177.42061496421 6548.39967695667 5267.9625469729 1847.8111809715 2034.76157308115 5721.54354215706 4717.90048648737 5387.11071243465 5049.06115818638 7600.27925296304 3160.68380933073 4726.58993837281 6030.22203794611 3017.0286194145 8034.69385468117 5529.94931980153 8504.90354090688 4469.35618585905 1660.88645810109 3467.83876483468 3551.77309609446 0.0 3965.00123289101 3230.6935116125 1332.02030658525
3305.48994043889 8450.18399729782 1721.17263284699 8467.45730678739 4834.48670953777 7217.05501599977 5690.52219258324 7906.14761377021 4904.97350967682 7332.15044851423 3042.05873907842 5806.82390997732 6819.50696149167 4088.26885549225 10502.5576829262 2191.18017442568 5096.13165235479 4087.25935722624 3870.64994978718 5346.0332320201 2485.60851462202 8831.83124562771 8003.79226106602 3973.83903828352 3371.62036831764 7694.13552872228 5797.31852486338 7710.73094033739 3117.72060898933 4548.23666197354 5133.61938657168 2670.89074295488 2657.61631320656 7510.02313318751 3965.00123289101 0.0 2422.76719545631 3305.48994043889
3476.7951266026 10195.8869834123 3708.03330133485 6078.12128330308 2608.62489310544 9249.97743836567 6691.0429322062 8314.1505273582 5577.27471612845 8235.36604788711 5423.06072214018 6352.82633491281 8757.23903565211 6510.96225547789 9439.15409765747 2318.19013634885 3437.07465401479 2160.65071097009 6067.16984025721 2934.91478173367 2330.23852416822 8217.78541373779 9577.95720688968 5047.60487271437 5352.01817888084 5278.75285420981 3759.89829653656 9566.46484118453 5426.31452728972 6394.53655373638 2715.6043374364 3033.53884662856 4258.24723657003 6322.42480315388 3230.6935116125 2422.76719545631 0.0 3476.7951266026
0.0 7247.61430850904 4964.38875132005 8592.69171476735 5837.90952244492 6788.88437243743 3314.12262086592 4876.93912110308 2121.56844490852 4784.17253718498 5535.99002513219 2876.59288940596 6164.4526757075 5986.5399557874 7360.65457462631 5059.93357337835 3166.46446487273 3068.88767862987 4411.26533248329 5620.99747191087 5251.0222561903 5549.31717134603 6473.71687149904 1906.92030942523 3408.19736785059 7215.56658057247 4308.89467423326 6792.55748764602 4283.65040275468 7693.62335465937 5365.78178965579 634.599609216784 2170.53182154152 4569.58483756973 1332.02030658525 3305.48994043889 3476.7951266026 0.0
Customer demand
0.65 0.55 1.86 1.06 0.75 0.65 1.6 1.26 1.93 0.63 0.9 1.18 1.53 1.25 0.7 1.86 1.26 0.75 1.53 0.76 1.88 0.75 1.18 1.26 1.55 0.75 1.6 0.87 0.76 0.98
