CustNum 30 StaNum 6
0.0 5535.99002513219 1745.64095571257 4527.15434158156 5986.5399557874 3520.19752647815 3421.94852966743 5196.39740276289 4876.93912110308 7360.65457462631 5808.46440596946 2527.6231202189 5677.13877217242 4054.40037517112 2872.89358631481 2865.25103200532 5573.66793557729 6186.75257218634 1462.90754141659 3326.47220312085 4784.17253718498 2683.07667507907 4131.83653421959 6463.81912008388 2977.22336361906 4111.38097012414 3256.05372415947 6745.43343481021 5095.85670755837 780.536351548103 2590.9757303552 4103.4787959502 3359.18068251518 4516.85083721234 634.599609216784 4569.58483756973 4862.06436145712 0.0
5535.99002513219 0.0 7024.43643462934 3289.0905809611 1342.63823903413 5723.01041374821 6817.30895313589 1667.31105629512 9094.19162089267 12877.9253671389 11335.9316254722 3012.27791837216 10979.2801438811 7689.04062054217 8405.34897437102 4231.81796720447 1685.12617830207 4799.4145453228 4299.974714249 8660.97105883485 7984.09730412038 4726.83532955797 8969.52586482468 8031.0868410584 7838.8194519814 2438.08507562752 3698.61480987505 2840.25121595596 6623.75862499824 6301.24148034958 6237.84613413277 1437.22250868766 2189.38441070881 6587.86728976293 4984.15000089922 10084.0254047069 10303.4065909026 5535.99002513219
1745.64095571257 7024.43643462934 0.0 5322.28295534365 7620.90549564232 5002.2845009596 2595.15766185165 6874.65924892122 5303.60661858981 6179.20566400358 4619.36972606934 4045.04450863736 3990.75116950058 2899.77056146905 1683.92512265538 3492.24511267247 6761.60271205782 7902.58883867556 2725.57578720534 2919.53905767588 5740.09544497861 4346.73363141764 4204.47442325824 5804.19534167951 3296.18197227094 5211.00686461515 4048.24096416967 7761.82745350593 6514.62255036997 1078.61927400247 3829.65145490314 5592.52074994451 4917.97026989328 4031.75614949775 2103.78244444236 3146.027912022 4013.4004623171 1745.64095571257
4527.15434158156 3289.0905809611 5322.28295534365 0.0 4561.89323115137 6661.87720880003 4076.77224130604 4450.44314695719 9231.76579612383 11501.0065743083 9941.59483762069 2816.15865521067 8860.87203923253 4883.13354395784 6977.94152886385 1830.60463458153 1960.44635337824 7299.65638607153 3087.40561569968 7817.36892971039 8680.30645823668 5459.29253113486 8638.59671648056 4744.51010380475 7466.05170274698 1027.55443479653 1294.75182687833 2508.36042006368 8048.54355989923 5077.50251606171 6491.71421396866 2629.53208589426 2885.88341981124 3443.64882414031 3900.68190440672 8435.57396289593 9233.17856715255 4527.15434158156
5986.5399557874 1342.63823903413 7620.90549564232 4561.89323115137 0.0 5338.36310508318 7796.71763765124 922.498013126107 8865.40195160896 13168.9213737074 11664.6104163733 3604.21670808598 11611.6410187033 8671.25440753765 8834.91073340669 5250.46500283629 3024.03981376122 3698.55179807212 4968.71909799833 8850.36879950067 7564.90499792048 4548.98404271667 8939.05250451479 9276.17834376158 7876.60964198388 3632.71560450816 4778.33219564055 4092.13149225047 5948.2687269163 6767.05145273011 6117.47648619762 2237.77799016627 2730.30682922928 7735.58381572318 5519.69421765401 10545.8843304572 10527.1621488112 5986.5399557874
3520.19752647815 5723.01041374821 5002.2845009596 6661.87720880003 5338.36310508318 0.0 6920.45747561679 4423.9998317885 3564.4295690706 8644.9712149259 7337.1707057324 3846.0562683548 8344.96077836831 7574.57994488228 5212.03813068339 5630.07989467322 6702.56033138474 3431.43870615127 4098.8853075335 4403.87551665445 2261.52482417477 1202.79434675494 3918.60352675927 9821.71927918285 3137.78179793578 5800.02701473743 5710.90472751184 8080.88311266208 1584.42386431929 3941.12589067838 1340.17403590646 4721.00675313267 4025.48686664752 7862.70783034212 3710.90978749884 6763.95904945979 5992.48243392176 3520.19752647815
3421.94852966743 6817.30895313589 2595.15766185165 4076.77224130604 7796.71763765124 6920.45747561679 0.0 7282.4129458281 7865.25947584083 8117.02157179459 6648.38646472662 4390.0243801347 4969.6101335758 874.99805643379 4078.67169749893 2586.1635557809 5946.7681154758 9182.53496433545 3183.33819601669 5496.05673610952 8114.79430009571 5959.98551787594 6798.52797761397 3212.28673328595 5849.66800839726 4478.93062323086 3144.92561150411 6551.15181403895 8503.35024227379 3261.2286461579 5993.34832594032 5560.51599511832 5170.17438032882 1502.52563108173 3241.56158810071 5015.17981392009 6380.18251034089 3421.94852966743
5196.39740276289 1667.31105629512 6874.65924892122 4450.44314695719 922.498013126107 4423.9998317885 7282.4129458281 0.0 7943.99513647026 12296.5287669949 10804.2297968405 2946.88224240745 10858.9593931609 8150.20304327581 8014.12640672017 4815.18257446715 3254.11430658811 3136.90181226381 4300.32674053745 7964.5743495415 6659.97937003468 3628.81810276131 8022.04394053758 9042.53488023367 6968.20925360388 3446.0319058159 4414.02245545739 4497.57298424379 5103.52232802749 5973.94524042989 5197.65273465536 1869.38671782274 2114.46715305384 7383.18294504913 4772.51397774577 9729.07365631912 9644.42938222419 5196.39740276289
4876.93912110308 9094.19162089267 5303.60661858981 9231.76579612383 8865.40195160896 3564.4295690706 7865.25947584083 7943.99513647026 0.0 5826.58455324874 4920.18441613696 6628.17625091719 6941.58359141884 8193.25501455984 4341.90712520305 7716.06522937872 9792.40423189563 6712.43168934291 6183.21744296908 2771.2164502072 1718.229861369 4372.07016688354 1330.95055401169 11072.7945977779 2015.65492563519 8587.23863887583 8033.53555895351 11123.6111519494 3791.60999366105 4675.37637668744 2878.02259258203 7899.70644157729 7119.17044746317 9209.13155137139 5433.27553605708 5147.66146917657 3563.10367237795 4876.93912110308
7360.65457462631 12877.9253671389 6179.20566400358 11501.0065743083 13168.9213737074 8644.9712149259 8117.02157179459 12296.5287669949 5826.58455324874 0.0 1565.63605618672 9883.9483972285 3715.01530657687 7807.47458368303 4555.18472736433 9670.51723927413 12873.6998114559 12073.1333142359 8735.92193741733 4354.08390392053 7487.55213034724 8843.53969048607 4834.25412604221 10803.5393062506 5522.22761587935 11346.5004502641 10226.246017026 13932.0034008721 9436.44403695796 6624.43779996061 7396.28073322479 11454.7354276547 10689.1388550663 9582.84787364557 7953.79188578117 3117.66742014751 2679.06047999881 7360.65457462631
5808.46440596946 11335.9316254722 4619.36972606934 9941.59483762069 11664.6104163733 7337.1707057324 6648.38646472662 10804.2297968405 4920.18441613696 1565.63605618672 0.0 8334.91257020269 2770.77409275764 6411.03849965672 2989.65658795807 8111.60103450745 11308.9863545824 10764.881314063 7173.08799484312 2948.00920304603 6459.16311112622 7422.56771226294 3737.83858840709 9465.51755859996 4201.84070340437 9780.89755551968 8664.16302961121 12367.3912237183 8280.44398781846 5065.2387347867 6041.61256984974 9908.54612638031 9149.14051958911 8133.82502622023 6395.51282186534 1639.41780297864 1394.70015894809 5808.46440596946
2527.6231202189 3012.27791837216 4045.04450863736 2816.15865521067 3604.21670808598 3846.0562683548 4390.0243801347 2946.88224240745 6628.17625091719 9883.9483972285 8334.91257020269 0.0 8028.58289809454 5244.8062899948 5393.50109575992 2143.77586148279 3201.63418668086 4968.18590857606 1365.27857075741 5739.35571608421 5908.33279340146 2643.8316685096 6244.36820226009 6574.22287416028 5071.55052833401 1991.44039126023 1994.68424584294 4500.71819886148 5251.05588043044 3289.16691930629 3787.57394986417 1576.76529802709 876.728467146113 4730.31244422645 1974.29603824495 7073.0803342879 7345.91348315577 2527.6231202189
5677.13877217242 10979.2801438811 3990.75116950058 8860.87203923253 11611.6410187033 8344.96077836831 4969.6101335758 10858.9593931609 6941.58359141884 3715.01530657687 2770.77409275764 8028.58289809454 0.0 4438.30445072636 3133.66520744241 7101.2601653251 10542.1503147855 11594.3999737959 6686.99175362623 4287.9517230732 8168.22660100462 8022.11161962513 5616.5671952365 7242.23495852959 5522.2520558407 8985.66934831295 7700.10509471922 11369.0135659928 9623.4698414087 4914.17114094547 7012.30477021514 9557.65511120006 8903.85672701689 6297.85012376146 6093.50645197101 1793.95016193537 3596.90698256284 5677.13877217242
4054.40037517112 7689.04062054217 2899.77056146905 4883.13354395784 8671.25440753765 7574.57994488228 874.99805643379 8150.20304327581 8193.25501455984 7807.47458368303 6411.03849965672 5244.8062899948 4438.30445072636 0.0 4133.52183727515 3457.22406348101 6783.19883915097 9980.34659045301 4001.93767119071 5662.79384738556 8601.98421987879 6675.37892142017 7044.96794418358 3097.16868113244 6193.13826196711 5336.76947465982 4007.99648592688 7324.1228945578 9148.10492352798 3755.96855886333 6561.839656058 6435.33945744806 6036.56738269666 1863.35731519793 3967.15317415854 4774.7702049995 6328.1730095505 4054.40037517112
2872.89358631481 8405.34897437102 1683.92512265538 6977.94152886385 8834.91073340669 5212.03813068339 4078.67169749893 8014.12640672017 4341.90712520305 4555.18472736433 2989.65658795807 5393.50109575992 3133.66520744241 4133.52183727515 0.0 5153.51153775772 8320.32551871737 8480.05871697219 4190.23552927268 1602.90153540448 5244.15842077845 4928.10512617292 3063.31366814859 7203.2364979828 2556.39628804443 6791.36151640966 5692.02598227357 9383.24455805424 6524.0733000815 2104.44004157027 3882.25492511912 6970.19169993941 6232.038507651 5572.292860785 3430.3918952623 1715.58792603385 2340.98893810198 2872.89358631481
2865.25103200532 4231.81796720447 3492.24511267247 1830.60463458153 5250.46500283629 5630.07989467322 2586.1635557809 4815.18257446715 7716.06522937872 9670.51723927413 8111.60103450745 2143.77586148279 7101.2601653251 3457.22406348101 5153.51153775772 0.0 3458.87465243301 7111.19570439096 1582.69683639588 6064.00270072316 7402.01239854452 4467.60245286866 6992.1898409086 4431.15901887573 5842.44023497117 1927.44939944995 600.378347781403 4302.05891403756 7154.45452101328 3316.76395473712 5156.20711975023 3015.65952325621 2754.33343381959 2605.40544448642 2282.91024206871 6607.5962795428 7427.76633983604 2865.25103200532
5573.66793557729 1685.12617830207 6761.60271205782 1960.44635337824 3024.03981376122 6702.56033138474 5946.7681154758 3254.11430658811 9792.40423189563 12873.6998114559 11308.9863545824 3201.63418668086 10542.1503147855 6783.19883915097 8320.32551871737 3458.87465243301 0.0 6373.00571457226 4144.37273639736 8880.60366598834 8913.4073309846 5569.7679804612 9445.84565200963 6615.33449155251 8271.97795462464 1559.51852107251 2859.40179722496 1380.93342534009 7834.87543966448 6264.38535157533 6921.98194120341 1985.88298654167 2699.74681483262 5404.08148321171 4951.00118733473 9905.88775363594 10434.2459806363 5573.66793557729
6186.75257218634 4799.4145453228 7902.58883867556 7299.65638607153 3698.55179807212 3431.43870615127 9182.53496433545 3136.90181226381 6712.43168934291 12073.1333142359 10764.881314063 4968.18590857606 11594.3999737959 9980.34659045301 8480.05871697219 7111.19570439096 6373.00571457226 0.0 6002.27616806486 7824.02080819642 5067.76609385987 3583.65146327176 7303.22022999647 11538.4128862131 6568.64229762606 6273.26113704485 6892.85818602181 7634.43003876058 3016.75084457797 6834.99404203949 4730.99635411638 4693.58653219017 4481.08722571114 9693.16632546243 6063.08513627741 10109.5355758217 9423.9206834255 6186.75257218634
1462.90754141659 4299.974714249 2725.57578720534 3087.40561569968 4968.71909799833 4098.8853075335 3183.33819601669 4300.32674053745 6183.21744296908 8735.92193741733 7173.08799484312 1365.27857075741 6686.99175362623 4001.93767119071 4190.23552927268 1582.69683639588 4144.37273639736 6002.27616806486 0.0 4788.22149034231 5819.31605330933 2978.17357883527 5551.22556451767 5765.32844345699 4379.06152120256 2654.26007575649 1851.10795724514 5286.52930906346 5653.4276438944 2120.08151126945 3573.79457709655 2871.64245820446 2238.81408157539 3823.7003739289 828.309782594898 5822.30002146353 6298.16043436756 1462.90754141659
3326.47220312085 8660.97105883485 2919.53905767588 7817.36892971039 8850.36879950067 4403.87551665445 5496.05673610952 7964.5743495415 2771.2164502072 4354.08390392053 2948.00920304603 5739.35571608421 4287.9517230732 5662.79384738556 1602.90153540448 6064.00270072316 8880.60366598834 7824.02080819642 4788.22149034231 0.0 3881.0893963013 4492.34279496191 1466.1463951328 8684.15246818149 1301.96380432182 7437.33711308924 6527.53184812173 10071.5549385136 5462.98995925841 2747.81523525509 3095.52598569232 7270.77632132764 6481.28298130908 6950.60358592658 3960.50968059314 2529.00872026594 1681.91292347556 3326.47220312085
4784.17253718498 7984.09730412038 5740.09544497861 8680.30645823668 7564.90499792048 2261.52482417477 8114.79430009571 6659.97937003468 1718.229861369 7487.55213034724 6459.16311112622 5908.33279340146 8168.22660100462 8601.98421987879 5244.15842077845 7402.01239854452 8913.4073309846 5067.76609385987 5819.31605330933 3881.0893963013 0.0 3343.79553722074 2721.54075081796 11238.5368244779 2689.44563554734 7898.32138422185 7601.37442924629 10284.3797012378 2090.3787414244 4861.03454821707 2247.73700431271 6944.97590595751 6216.56491229097 9299.12585194212 5207.25194646519 6405.33657536479 5067.85811041235 4784.17253718498
2683.07667507907 4726.83532955797 4346.73363141764 5459.29253113486 4548.98404271667 1202.79434675494 5959.98551787594 3628.81810276131 4372.07016688354 8843.53969048607 7422.56771226294 2643.8316685096 8022.11161962513 6675.37892142017 4928.10512617292 4467.60245286866 5569.7679804612 3583.65146327176 2978.17357883527 4492.34279496191 3343.79553722074 0.0 4397.42178640684 8739.56184328651 3382.08556095535 4605.89471645735 4520.11042625504 6940.81497367189 2687.10399433295 3270.44218890886 1568.88860150087 3606.60358081228 2873.0741482846 6789.59745011427 2718.78333316214 6595.75392309514 6165.14253680593 2683.07667507907
4131.83653421959 8969.52586482468 4204.47442325824 8638.59671648056 8939.05250451479 3918.60352675927 6798.52797761397 8022.04394053758 1330.95055401169 4834.25412604221 3737.83858840709 6244.36820226009 5616.5671952365 7044.96794418358 3063.31366814859 6992.1898409086 9445.84565200963 7303.22022999647 5551.22556451767 1466.1463951328 2721.54075081796 4397.42178640684 0.0 10008.6697466873 1179.87496616344 8113.2086841204 7383.00370681039 10721.0393255454 4602.76158205302 3757.09952556536 2832.22497325761 7664.48104780237 6865.53998872238 8205.34832027194 4744.02981596634 3823.43541464346 2346.47873345899 4131.83653421959
6463.81912008388 8031.0868410584 5804.19534167951 4744.51010380475 9276.17834376158 9821.71927918285 3212.28673328595 9042.53488023367 11072.7945977779 10803.5393062506 9465.51755859996 6574.22287416028 7242.23495852959 3097.16868113244 7203.2364979828 4431.15901887573 6615.33449155251 11538.4128862131 5765.32844345699 8684.15246818149 11238.5368244779 8739.56184328651 10008.6697466873 0.0 9057.31333952253 5645.4205525974 4675.52425722747 6545.40317047084 11396.5366385622 6432.45642602644 9051.79484569597 7173.37455263167 7113.69713061564 1960.47731401977 6128.79953980273 7840.17777244757 9425.05171193117 6463.81912008388
2977.22336361906 7838.8194519814 3296.18197227094 7466.05170274698 7876.60964198388 3137.78179793578 5849.66800839726 6968.20925360388 2015.65492563519 5522.22761587935 4201.84070340437 5071.55052833401 5522.2520558407 6193.13826196711 2556.39628804443 5842.44023497117 8271.97795462464 6568.64229762606 4379.06152120256 1301.96380432182 2689.44563554734 3382.08556095535 1179.87496616344 9057.31333952253 0.0 6933.336169956 6217.49016220386 9542.32130126525 4162.60125426736 2679.19793067395 1877.00249860328 6511.7023401537 5712.08451295232 7200.18465284829 3579.00109045601 3801.54334866333 2856.91150494012 2977.22336361906
4111.38097012414 2438.08507562752 5211.00686461515 1027.55443479653 3632.71560450816 5800.02701473743 4478.93062323086 3446.0319058159 8587.23863887583 11346.5004502641 9780.89755551968 1991.44039126023 8985.66934831295 5336.76947465982 6791.36151640966 1927.44939944995 1559.51852107251 6273.26113704485 2654.26007575649 7437.33711308924 7898.32138422185 4605.89471645735 8113.2086841204 5645.4205525974 6933.336169956 0.0 1338.73807277047 2634.23873742275 7126.27682587771 4764.55129547298 5770.61782483345 1605.32020492986 1893.98988523086 4149.93897723818 3478.5990505781 8356.88810014111 8949.34582759468 4111.38097012414
3256.05372415947 3698.61480987505 4048.24096416967 1294.75182687833 4778.33219564055 5710.90472751184 3144.92561150411 4414.02245545739 8033.53555895351 10226.246017026 8664.16302961121 1994.68424584294 7700.10509471922 4007.99648592688 5692.02598227357 600.378347781403 2859.40179722496 6892.85818602181 1851.10795724514 6527.53184812173 7601.37442924629 4520.11042625504 7383.00370681039 4675.52425722747 6217.49016220386 1338.73807277047 0.0 3720.7330564555 7188.13501469822 3784.62660559435 5372.93236859702 2567.31105379636 2438.75231295496 2972.09560905007 2639.17221334208 7178.77000618942 7938.98753935461 3256.05372415947
6745.43343481021 2840.25121595596 7761.82745350593 2508.36042006368 4092.13149225047 8080.88311266208 6551.15181403895 4497.57298424379 11123.6111519494 13932.0034008721 12367.3912237183 4500.71819886148 11369.0135659928 7324.1228945578 9383.24455805424 4302.05891403756 1380.93342534009 7634.43003876058 5286.52930906346 10071.5549385136 10284.3797012378 6940.81497367189 10721.0393255454 6545.40317047084 9542.32130126525 2634.23873742275 3720.7330564555 0.0 9211.51429549543 7388.18805986456 8263.55170673603 3366.75655919547 4067.8165539879 5713.85821811664 6112.25333276142 10898.5422138431 11574.4114475021 6745.43343481021
5095.85670755837 6623.75862499824 6514.62255036997 8048.54355989923 5948.2687269163 1584.42386431929 8503.35024227379 5103.52232802749 3791.60999366105 9436.44403695796 8280.44398781846 5251.05588043044 9623.4698414087 9148.10492352798 6524.0733000815 7154.45452101328 7834.87543966448 3016.75084457797 5653.4276438944 5462.98995925841 2090.3787414244 2687.10399433295 4602.76158205302 11396.5366385622 4162.60125426736 7126.27682587771 7188.13501469822 9211.51429549543 0.0 5473.69248304963 2704.87775680382 5861.65755250443 5265.05132179921 9439.14547869704 5294.40189772259 7950.60258940673 6890.91979922609 5095.85670755837
780.536351548103 6301.24148034958 1078.61927400247 5077.50251606171 6767.05145273011 3941.12589067838 3261.2286461579 5973.94524042989 4675.37637668744 6624.43779996061 5065.2387347867 3289.16691930629 4914.17114094547 3755.96855886333 2104.44004157027 3316.76395473712 6264.38535157533 6834.99404203949 2120.08151126945 2747.81523525509 4861.03454821707 3270.44218890886 3757.09952556536 6432.45642602644 2679.19793067395 4764.55129547298 3784.62660559435 7388.18805986456 5473.69248304963 0.0 2820.84376153695 4865.79447743095 4131.88829296169 4538.90827937498 1330.51142330652 3792.08979073098 4186.24218092937 780.536351548103
2590.9757303552 6237.84613413277 3829.65145490314 6491.71421396866 6117.47648619762 1340.17403590646 5993.34832594032 5197.65273465536 2878.02259258203 7396.28073322479 6041.61256984974 3787.57394986417 7012.30477021514 6561.839656058 3882.25492511912 5156.20711975023 6921.98194120341 4730.99635411638 3573.79457709655 3095.52598569232 2247.73700431271 1568.88860150087 2832.22497325761 9051.79484569597 1877.00249860328 5770.61782483345 5372.93236859702 8263.55170673603 2704.87775680382 2820.84376153695 0.0 5021.80356308899 4241.75743167299 7099.68110855675 2968.27954152212 5423.99335275347 4723.8777329561 2590.9757303552
4103.4787959502 1437.22250868766 5592.52074994451 2629.53208589426 2237.77799016627 4721.00675313267 5560.51599511832 1869.38671782274 7899.70644157729 11454.7354276547 9908.54612638031 1576.76529802709 9557.65511120006 6435.33945744806 6970.19169993941 3015.65952325621 1985.88298654167 4693.58653219017 2871.64245820446 7270.77632132764 6944.97590595751 3606.60358081228 7664.48104780237 7173.37455263167 6511.7023401537 1605.32020492986 2567.31105379636 3366.75655919547 5861.65755250443 4865.79447743095 5021.80356308899 0.0 799.623453608896 5538.83675155463 3547.02932508046 8646.89302379489 8898.16865642369 4103.4787959502
3359.18068251518 2189.38441070881 4917.97026989328 2885.88341981124 2730.30682922928 4025.48686664752 5170.17438032882 2114.46715305384 7119.17044746317 10689.1388550663 9149.14051958911 876.728467146113 8903.85672701689 6036.56738269666 6232.038507651 2754.33343381959 2699.74681483262 4481.08722571114 2238.81408157539 6481.28298130908 6216.56491229097 2873.0741482846 6865.53998872238 7113.69713061564 5712.08451295232 1893.98988523086 2438.75231295496 4067.8165539879 5265.05132179921 4131.88829296169 4241.75743167299 799.623453608896 0.0 5355.40504210828 2834.39274971566 7923.04278202383 8116.59828528269 3359.18068251518
4516.85083721234 6587.86728976293 4031.75614949775 3443.64882414031 7735.58381572318 7862.70783034212 1502.52563108173 7383.18294504913 9209.13155137139 9582.84787364557 8133.82502622023 4730.31244422645 6297.85012376146 1863.35731519793 5572.292860785 2605.40544448642 5404.08148321171 9693.16632546243 3823.7003739289 6950.60358592658 9299.12585194212 6789.59745011427 8205.34832027194 1960.47731401977 7200.18465284829 4149.93897723818 2972.09560905007 5713.85821811664 9439.14547869704 4538.90827937498 7099.68110855675 5538.83675155463 5355.40504210828 0.0 4168.54540131359 6496.473491696 7881.56068899035 4516.85083721234
634.599609216784 4984.15000089922 2103.78244444236 3900.68190440672 5519.69421765401 3710.90978749884 3241.56158810071 4772.51397774577 5433.27553605708 7953.79188578117 6395.51282186534 1974.29603824495 6093.50645197101 3967.15317415854 3430.3918952623 2282.91024206871 4951.00118733473 6063.08513627741 828.309782594898 3960.50968059314 5207.25194646519 2718.78333316214 4744.02981596634 6128.79953980273 3579.00109045601 3478.5990505781 2639.17221334208 6112.25333276142 5294.40189772259 1330.51142330652 2968.27954152212 3547.02932508046 2834.39274971566 4168.54540131359 0.0 5099.87593436627 5483.51358338848 634.599609216784
4569.58483756973 10084.0254047069 3146.027912022 8435.57396289593 10545.8843304572 6763.95904945979 5015.17981392009 9729.07365631912 5147.66146917657 3117.66742014751 1639.41780297864 7073.0803342879 1793.95016193537 4774.7702049995 1715.58792603385 6607.5962795428 9905.88775363594 10109.5355758217 5822.30002146353 2529.00872026594 6405.33657536479 6595.75392309514 3823.43541464346 7840.17777244757 3801.54334866333 8356.88810014111 7178.77000618942 10898.5422138431 7950.60258940673 3792.08979073098 5423.99335275347 8646.89302379489 7923.04278202383 6496.473491696 5099.87593436627 0.0 1904.0952655623 4569.58483756973
4862.06436145712 10303.4065909026 4013.4004623171 9233.17856715255 10527.1621488112 5992.48243392176 6380.18251034089 9644.42938222419 3563.10367237795 2679.06047999881 1394.70015894809 7345.91348315577 3596.90698256284 6328.1730095505 2340.98893810198 7427.76633983604 10434.2459806363 9423.9206834255 6298.16043436756 1681.91292347556 5067.85811041235 6165.14253680593 2346.47873345899 9425.05171193117 2856.91150494012 8949.34582759468 7938.98753935461 11574.4114475021 6890.91979922609 4186.24218092937 4723.8777329561 8898.16865642369 8116.59828528269 7881.56068899035 5483.51358338848 1904.0952655623 0.0 4862.06436145712
0.0 5535.99002513219 1745.64095571257 4527.15434158156 5986.5399557874 3520.19752647815 3421.94852966743 5196.39740276289 4876.93912110308 7360.65457462631 5808.46440596946 2527.6231202189 5677.13877217242 4054.40037517112 2872.89358631481 2865.25103200532 5573.66793557729 6186.75257218634 1462.90754141659 3326.47220312085 4784.17253718498 2683.07667507907 4131.83653421959 6463.81912008388 2977.22336361906 4111.38097012414 3256.05372415947 6745.43343481021 5095.85670755837 780.536351548103 2590.9757303552 4103.4787959502 3359.18068251518 4516.85083721234 634.599609216784 4569.58483756973 4862.06436145712 0.0
Customer demand
0.63 1.55 1.53 1.53 1.6 1.25 1.53 1.6 1.25 1.06 0.99 0.87 1.6 1.8 0.64 0.63 0.55 0.96 1.53 1.93 0.75 1.46 1.18 0.87 1.6 0.89 0.96 1.25 1.23 0.97
