CustNum 30 StaNum 6
0.0 4281.83180774668 4054.40037517112 3333.16201644405 5095.85670755837 9008.58397090136 4802.99909570295 3594.54449066281 3421.94852966743 3326.47220312085 6186.75257218634 2590.9757303552 4915.651258966 4703.23482532401 2775.67159655498 5604.60301447436 3256.05372415947 4111.38097012414 2406.67937560857 6803.13057950672 4152.1928083464 3477.90979876784 6200.16522753427 1462.90754141659 5813.23582638385 3413.52508881659 7132.94609820968 4308.89467423326 4048.25016302171 3408.19736785059 7212.32343923438 4103.4787959502 2346.52137145167 3740.75056467876 3273.39474384322 4516.85083721234 3480.7536302498 0.0
4281.83180774668 0.0 8259.47406453361 6436.70417386146 1338.86275235601 13226.7437418631 6030.43922540179 5423.24629572321 7692.44281121768 4149.86865886117 4157.44681603103 1700.32086528754 4046.35495448418 8400.49160258964 4073.92704154824 7804.52832333802 6848.99399754115 7037.8187294415 3587.17014471468 7376.87611410225 5390.12122241429 895.413555200551 8977.74311963807 5134.61830838578 8840.73466168445 2245.13089182359 7663.82518655493 8163.12016025994 4624.77246214285 3790.42251053957 9183.23871554203 6003.29560326605 6626.66732822176 598.619312770037 6819.72079184005 8772.87447193826 7663.79589367843 4281.83180774668
4054.40037517112 8259.47406453361 0.0 3167.1527162521 9148.10492352798 4968.38285162029 5807.50007951459 6232.89356376418 874.99805643379 5662.79384738556 9980.34659045301 6561.839656058 7486.17186296538 2072.02171470589 6188.56123309039 5079.66202935221 4007.99648592688 5336.76947465982 6073.44159205826 9305.91995831579 6964.94326059854 7401.81228980909 6723.71816730054 4001.93767119071 3962.83063342957 7397.10505531449 7847.41672893171 1526.03509105803 7288.44291542386 6967.00844699942 8425.71039668894 6435.33945744806 1842.43409042029 7685.76905592175 2377.89411979848 1863.35731519793 602.945349116634 4054.40037517112
3333.16201644405 6436.70417386146 3167.1527162521 0.0 7612.1287203433 7500.44001832382 2643.0728292729 6807.44172039889 3322.74379392381 2821.88569878672 9344.73782985125 4921.71712163519 4527.05575305961 2118.97412255895 6108.36333599972 2427.748468889 5558.5487828926 6787.69234362266 5725.25726582827 10062.301694699 7428.13846245831 5544.75928154464 8676.80539640211 4374.45946038087 2532.78750849844 6456.26341136693 4785.38063583261 2125.99594198388 7380.05059542958 6727.16695574464 10052.8321213842 7244.55619383042 3063.48920930052 5840.09776144231 789.729534271874 4815.32046267901 2707.78449479298 3333.16201644405
5095.85670755837 1338.86275235601 9148.10492352798 7612.1287203433 0.0 14103.8863247958 7360.79178606871 5337.04169460323 8503.35024227379 5462.98995925841 3016.75084457797 2704.87775680382 5359.7166903642 9497.13623019153 4105.73453275092 9103.99118379758 7188.13501469822 7126.27682587771 3750.07843248184 6707.73939513015 5122.80206262987 2129.20732076442 8902.86878665879 5653.4276438944 10067.6012644078 2144.78643878088 8993.92252060116 9213.35235807244 4276.42021166957 3588.66326176672 8832.06190111902 5861.65755250443 7416.11656638672 1857.60537581963 7926.18511189794 9439.14547869704 8567.65103099928 5095.85670755837
9008.58397090136 13226.7437418631 4968.38285162029 7500.44001832382 14103.8863247958 0.0 9834.54177989543 10550.8049483645 5614.35291985151 10295.9954932363 14693.5088406726 11529.9528388185 12026.2032554334 5440.25835215798 10855.3090027048 8316.00546329082 8006.45740480165 9095.59138328927 10847.67432141 13173.2209839128 11274.6217006153 12364.8990416629 9557.33815164369 8718.58979236563 6542.50685012337 12280.5785037538 11280.6823084364 5381.84129421353 11789.4399549579 11646.4816807928 11434.100639041 10563.4984387335 6703.70080458079 12650.6409464758 6807.35863775794 5047.29682543581 5562.97322557988 9008.58397090136
4802.99909570295 6030.43922540179 5807.50007951459 2643.0728292729 7360.79178606871 9834.54177989543 0.0 8363.26510647491 5935.00215443817 1947.2699899709 9770.78834087465 5040.8783332993 2626.0807103613 4421.43214097736 7332.23242690653 2011.76051349246 7737.75596624456 8817.99341869235 6821.52575255261 11480.772808306 8850.31483866723 5264.16704995071 10844.7948184466 6190.89952489763 3632.71191703691 6946.95548075732 2347.98778211995 4625.56287250114 8558.71200130373 7747.16030420272 11999.2622235541 8895.83446957032 5502.48703891944 5512.71800137031 3430.26140071489 7436.14282797575 5347.39589994262 4802.99909570295
3594.54449066281 5423.24629572321 6232.89356376418 6807.44172039889 5337.04169460323 10550.8049483645 8363.26510647491 0.0 5363.86749096615 6704.78272235983 4412.30531670204 4418.1325779461 7964.40632084201 7679.07846628009 1367.65386479223 9165.6914577293 2561.53904006033 1891.89499498511 1918.49677501326 3259.43942079408 736.294726866228 5106.27990796083 3577.29641540818 2468.10036405322 9142.34435630364 3247.85041784149 10663.0901783262 7161.78734116668 1350.0120053328 1752.96154869162 3902.23036723426 603.730410963015 4497.75735796529 5198.43339482444 6549.15456908326 5504.13011977968 5860.27144736273 3594.54449066281
3421.94852966743 7692.44281121768 874.99805643379 3322.74379392381 8503.35024227379 5614.35291985151 5935.00215443817 5363.86749096615 0.0 5496.05673610952 9182.53496433545 5993.34832594032 7331.5964732879 2752.74791849995 5367.92557946024 5494.17176877978 3144.92561150411 4478.93062323086 5286.7115982143 8431.49240378955 6097.18415946927 6861.34363871341 5946.31832800825 3183.33819601669 4596.53110502041 6671.31780042316 8103.80831891631 2179.57805527272 6440.34088524426 6152.57033508321 7606.65151741264 5560.51599511832 1089.69596827065 7135.91121936288 2577.71374185241 1502.52563108173 732.466367921555 3421.94852966743
3326.47220312085 4149.86865886117 5662.79384738556 2821.88569878672 5462.98995925841 10295.9954932363 1947.2699899709 6704.78272235983 5496.05673610952 0.0 7824.02080819642 3095.52598569232 1835.81809836406 4939.88741450507 5563.68260277256 3660.82844127741 6527.53184812173 7437.33711308924 5024.20406386669 9708.02267318965 7119.65486141929 3344.66375608476 9526.03583150119 4788.22149034231 4868.46609748019 5013.54222375367 4024.91910205907 4915.57519174857 6745.37432073705 5902.39168070962 10487.0306755951 7270.77632132764 4751.06272402589 3605.88558294113 3489.490286165 6950.60358592658 5095.73903439499 3326.47220312085
6186.75257218634 4157.44681603103 9980.34659045301 9344.73782985125 3016.75084457797 14693.5088406726 9770.78834087465 4412.30531670204 9182.53496433545 7824.02080819642 0.0 4730.99635411638 8147.50439849078 10889.8994479153 3838.3422659891 11263.1462644151 6892.85818602181 6273.26113704485 3908.79329788838 4252.3515504163 3831.1678999621 4641.02043846491 7504.92516916045 6002.27616806486 11877.4584156893 2901.55705158084 11669.7941936643 10482.7765107222 3062.55303847371 3047.08775637451 6858.32019201118 4693.58653219017 8137.97126391186 4468.43347379387 9431.35428729033 9693.16632546243 9478.16768460767 6186.75257218634
2590.9757303552 1700.32086528754 6561.839656058 4921.71712163519 2704.87775680382 11529.9528388185 5040.8783332993 4418.1325779461 5993.34832594032 3095.52598569232 4730.99635411638 0.0 3743.97921395747 6794.04868126743 3069.58427411582 6584.24330873645 5372.93236859702 5770.61782483345 2502.84400109841 6978.52415310392 4598.98941180205 898.766627029794 7816.27656185765 3573.79457709655 7406.41000265841 1946.31612752941 7021.57261211487 6521.9839043829 4010.71989546491 3117.11086069875 8314.77269820061 5021.80356308899 4931.22309892577 1150.21340177017 5221.52071448215 7099.68110855675 5967.6497637556 2590.9757303552
4915.651258966 4046.35495448418 7486.17186296538 4527.05575305961 5359.7166903642 12026.2032554334 2626.0807103613 7964.40632084201 7331.5964732879 1835.81809836406 8147.50439849078 3743.97921395747 0.0 6607.68749076331 6691.67238766197 4637.80566644526 8170.76741616747 8956.33668621936 6121.6753467563 10715.2141929721 8259.80698829366 3523.43121828618 11058.7002995402 6360.31184656999 6188.99319364838 5635.73540758205 3661.15388859751 6651.87161030224 7736.88333149664 6847.86508052083 11844.762414068 8558.26633259531 6566.41716893142 3679.11871612036 5251.23698739598 8781.65122236524 6925.35843573028 4915.651258966
4703.23482532401 8400.49160258964 2072.02171470589 2118.97412255895 9497.13623019153 5440.25835215798 4421.43214097736 7679.07846628009 2752.74791849995 4939.88741450507 10889.8994479153 6794.04868126743 6607.68749076331 0.0 7313.73144889231 3211.469947582 5789.00520859026 7124.32540828896 7053.42539060706 10891.2147268546 8379.37224353271 7505.43249506599 8695.3750416301 5242.93943335466 1892.94103247059 8085.49959769185 6140.76664087694 573.620038865676 8532.39107795581 8033.35992517717 10321.8152557622 7991.98926583013 3232.79775618276 7802.16568058606 1581.06282882126 3928.85837469447 2035.81563832495 4703.23482532401
2775.67159655498 4073.92704154824 6188.56123309039 6108.36333599972 4105.73453275092 10855.3090027048 7332.23242690653 1367.65386479223 5367.92557946024 5563.68260277256 3838.3422659891 3069.58427411582 6691.67238766197 7313.73144889231 0.0 8352.29541393423 3201.75878399607 3024.21104046004 572.225026715189 4151.71222636562 1571.88088337171 3738.90966893134 4904.21243833063 2187.06016326498 8570.03976377415 1966.51536439173 9575.28898189409 6850.24087149486 1273.40402728563 791.278184238208 5247.01686942625 1966.40971996955 4352.30140099453 3832.07307824243 5996.8456077842 5868.21445099526 5718.41899931813 2775.67159655498
5604.60301447436 7804.52832333802 5079.66202935221 2427.748468889 9103.99118379758 8316.00546329082 2011.76051349246 9165.6914577293 5494.17176877978 3660.82844127741 11263.1462644151 6584.24330873645 4637.80566644526 3211.469947582 8352.29541393423 0.0 7979.97337674639 9215.44079655777 7912.53281976416 12402.418326226 9753.77512611205 6975.65933722033 11090.8064633226 6770.06251532303 1805.28776798915 8370.15623636263 2978.69779563905 3620.72642405765 9622.7770378815 8898.80177865471 12480.3176487442 9628.4694346953 5440.57428394738 7247.82241271164 2981.89901699935 6905.9251197987 4789.27767042605 5604.60301447436
3256.05372415947 6848.99399754115 4007.99648592688 5558.5487828926 7188.13501469822 8006.45740480165 7737.75596624456 2561.53904006033 3144.92561150411 6527.53184812173 6892.85818602181 5372.93236859702 8170.76741616747 5789.00520859026 3201.75878399607 7979.97337674639 0.0 1338.73807277047 3446.08544143042 5341.75469291378 3273.60709023394 6243.94656404052 3127.13091316643 1851.10795724514 7503.86276774208 5061.70883497508 10079.9001668144 5224.60016248132 3862.71547317003 3937.93620604531 4559.60729988687 2567.31105379636 2611.59407535728 6438.60548762018 5050.74113966983 2972.09560905007 3784.78333334916 3256.05372415947
4111.38097012414 7037.8187294415 5336.76947465982 6787.69234362266 7126.27682587771 9095.59138328927 8817.99341869235 1891.89499498511 4478.93062323086 7437.33711308924 6273.26113704485 5770.61782483345 8956.33668621936 7124.32540828896 3024.21104046004 9215.44079655777 1338.73807277047 0.0 3454.77084539304 4102.11047300563 2452.14250337077 6573.84419901248 2102.37029433245 2654.26007575649 8819.70124594415 4990.66000543445 11165.7667131653 6561.37657538491 3226.16648649816 3596.87540094447 3267.9944930295 1605.32020492986 3926.40606293297 6719.82111261806 6329.11175882688 4149.93897723818 5123.51708212669 4111.38097012414
2406.67937560857 3587.17014471468 6073.44159205826 5725.25726582827 3750.07843248184 10847.67432141 6821.52575255261 1918.49677501326 5286.7115982143 5024.20406386669 3908.79329788838 2502.84400109841 6121.6753467563 7053.42539060706 572.225026715189 7912.53281976416 3446.08544143042 3454.77084539304 0.0 4683.84956243517 2138.66345307253 3197.17917727451 5404.52844108351 2129.59037969881 8219.26438685781 1615.66735518408 9043.53904434016 6616.27565715187 1737.94958592174 1002.40153922463 5811.93085953323 2521.44215964069 4231.69580067584 3306.69874051856 5673.88685117901 5928.8091761923 5569.71136641785 2406.67937560857
6803.13057950672 7376.87611410225 9305.91995831579 10062.301694699 6707.73939513015 13173.2209839128 11480.772808306 3259.43942079408 8431.49240378955 9708.02267318965 4252.3515504163 6978.52415310392 10715.2141929721 10891.2147268546 4151.71222636562 12402.418326226 5341.75469291378 4102.11047300563 4683.84956243517 0.0 2651.32166929086 7408.94000208388 4137.91283900918 5724.04039642371 12397.4561293729 5211.28758110699 13725.3335125694 10358.4781751674 2983.79582950868 3867.72624144336 2842.26687076984 2899.6646357619 7671.6001484804 7388.44843077732 9806.15315114351 8250.95389087789 8999.07574999466 6803.13057950672
4152.1928083464 5390.12122241429 6964.94326059854 7428.13846245831 5122.80206262987 11274.6217006153 8850.31483866723 736.294726866228 6097.18415946927 7119.65486141929 3831.1678999621 4598.98941180205 8259.80698829366 8379.37224353271 1571.88088337171 9753.77512611205 3273.60709023394 2452.14250337077 2138.66345307253 2651.32166929086 0.0 5192.73290345491 3832.17968310832 3144.54364104372 9803.87202266457 3151.01373964746 11118.5786251246 7869.17665420221 867.07171227169 1599.83584994119 3794.04374977272 862.994687208443 5217.26606676162 5244.16302032888 7208.84136585527 6229.89382657118 6584.53024066532 4152.1928083464
3477.90979876784 895.413555200551 7401.81228980909 5544.75928154464 2129.20732076442 12364.8990416629 5264.16704995071 5106.27990796083 6861.34363871341 3344.66375608476 4641.02043846491 898.766627029794 3523.43121828618 7505.43249506599 3738.90966893134 6975.65933722033 6243.94656404052 6573.84419901248 3197.17917727451 7408.94000208388 5192.73290345491 0.0 8586.07565654859 4462.24943832919 7962.75378547959 2203.37777399126 7037.03851010588 7271.74594250773 4512.505851745 3628.54205204647 8966.38269580846 5704.96762894082 5808.80484144256 296.80579901587 5924.57002844194 7992.19991280001 6803.33458151356 3477.90979876784
6200.16522753427 8977.74311963807 6723.71816730054 8676.80539640211 8902.86878665879 9557.33815164369 10844.7948184466 3577.29641540818 5946.31832800825 9526.03583150119 7504.92516916045 7816.27656185765 11058.7002995402 8695.3750416301 4904.21243833063 11090.8064633226 3127.13091316643 2102.37029433245 5404.52844108351 4137.91283900918 3832.17968310832 8586.07565654859 0.0 4737.81711875585 10499.3755812043 6825.00089158961 13191.0868535413 8121.7725916767 4699.13076137209 5314.68124802743 1877.20245143842 3042.42547604371 5668.58878196699 8709.59339075785 8135.97889769098 5134.67331356439 6660.12193629421 6200.16522753427
1462.90754141659 5134.61830838578 4001.93767119071 4374.45946038087 5653.4276438944 8718.58979236563 6190.89952489763 2468.10036405322 3183.33819601669 4788.22149034231 6002.27616806486 3573.79457709655 6360.31184656999 5242.93943335466 2187.06016326498 6770.06251532303 1851.10795724514 2654.26007575649 2129.59037969881 5724.04039642371 3144.54364104372 4462.24943832919 4737.81711875585 0.0 6674.43291075769 3633.74026320316 8535.12587773092 4745.35773897247 3319.75534199355 2969.41084507295 5811.30418189428 2871.64245820446 2169.70840975433 4678.28405630359 4082.12277301147 3823.7003739289 3542.5374285188 1462.90754141659
5813.23582638385 8840.73466168445 3962.83063342957 2532.78750849844 10067.6012644078 6542.50685012337 3632.71191703691 9142.34435630364 4596.53110502041 4868.46609748019 11877.4584156893 7406.41000265841 6188.99319364838 1892.94103247059 8570.03976377415 1805.28776798915 7503.86276774208 8819.70124594415 8219.26438685781 12397.4561293729 9803.87202266457 7962.75378547959 10499.3755812043 6674.43291075769 0.0 8988.37603305529 4740.15039882587 2442.45907791113 9832.67117032785 9221.25269712106 12062.7003077895 9522.16282019869 4894.28126449287 8252.93132396683 2595.03916671981 5821.72121913676 3865.45211951907 5813.23582638385
3413.52508881659 2245.13089182359 7397.10505531449 6456.26341136693 2144.78643878088 12280.5785037538 6946.95548075732 3247.85041784149 6671.31780042316 5013.54222375367 2901.55705158084 1946.31612752941 5635.73540758205 8085.49959769185 1966.51536439173 8370.15623636263 5061.70883497508 4990.66000543445 1615.66735518408 5211.28758110699 3151.01373964746 2203.37777399126 6825.00089158961 3633.74026320316 8988.37603305529 0.0 8967.32121618034 7715.49461379332 2381.07669664315 1552.53449313685 6940.99272041601 3805.28672145397 5586.36863631151 2179.01302255073 6584.81130180163 7456.94151279077 6849.8241972552 3413.52508881659
7132.94609820968 7663.82518655493 7847.41672893171 4785.38063583261 8993.92252060116 11280.6823084364 2347.98778211995 10663.0901783262 8103.80831891631 4024.91910205907 11669.7941936643 7021.57261211487 3661.15388859751 6140.76664087694 9575.28898189409 2978.69779563905 10079.9001668144 11165.7667131653 9043.53904434016 13725.3335125694 11118.5786251246 7037.03851010588 13191.0868535413 8535.12587773092 4740.15039882587 8967.32121618034 0.0 6487.3096671914 10769.2106059572 9926.91946168128 14339.6611352893 11208.0170136113 7782.44196355626 7236.9900058126 5530.88588952691 9586.31338912076 7458.9237638198 7132.94609820968
4308.89467423326 8163.12016025994 1526.03509105803 2125.99594198388 9213.35235807244 5381.84129421353 4625.56287250114 7161.78734116668 2179.57805527272 4915.57519174857 10482.7765107222 6521.9839043829 6651.87161030224 573.620038865676 6850.24087149486 3620.72642405765 5224.60016248132 6561.37657538491 6616.27565715187 10358.4781751674 7869.17665420221 7271.74594250773 8121.7725916767 4745.35773897247 2442.45907791113 7715.49461379332 6487.3096671914 0.0 8052.0860259578 7584.46533117594 9751.63895564444 7458.86621117074 2688.96602518931 7567.30661320636 1433.58656431626 3389.28022542511 1462.51180463121 4308.89467423326
4048.25016302171 4624.77246214285 7288.44291542386 7380.05059542958 4276.42021166957 11789.4399549579 8558.71200130373 1350.0120053328 6440.34088524426 6745.37432073705 3062.55303847371 4010.71989546491 7736.88333149664 8532.39107795581 1273.40402728563 9622.7770378815 3862.71547317003 3226.16648649816 1737.94958592174 2983.79582950868 867.07171227169 4512.505851745 4699.13076137209 3319.75534199355 9832.67117032785 2381.07669664315 10769.2106059572 8052.0860259578 0.0 894.448298476802 4581.04788560996 1698.04398711654 5479.08745044187 4532.59153257157 7252.04133990292 6748.1191941401 6855.69525087292 4048.25016302171
3408.19736785059 3790.42251053957 6967.00844699942 6727.16695574464 3588.66326176672 11646.4816807928 7747.16030420272 1752.96154869162 6152.57033508321 5902.39168070962 3047.08775637451 3117.11086069875 6847.86508052083 8033.35992517717 791.278184238208 8898.80177865471 3937.93620604531 3596.87540094447 1002.40153922463 3867.72624144336 1599.83584994119 3628.54205204647 5314.68124802743 2969.41084507295 9221.25269712106 1552.53449313685 9926.91946168128 7584.46533117594 894.448298476802 0.0 5392.98729931214 2275.76499812197 5127.3433345606 3660.90841252351 6671.64677348634 6654.93855709623 6487.19411739752 3408.19736785059
7212.32343923438 9183.23871554203 8425.71039668894 10052.8321213842 8832.06190111902 11434.100639041 11999.2622235541 3902.23036723426 7606.65151741264 10487.0306755951 6858.32019201118 8314.77269820061 11844.762414068 10321.8152557622 5247.01686942625 12480.3176487442 4559.60729988687 3267.9944930295 5811.93085953323 2842.26687076984 3794.04374977272 8966.38269580846 1877.20245143842 5811.30418189428 12062.7003077895 6940.99272041601 14339.6611352893 9751.63895564444 4581.04788560996 5392.98729931214 0.0 3299.72156898319 7171.14271453953 9031.09172064912 9594.69994438447 6939.42073291262 8293.78697962925 7212.32343923438
4103.4787959502 6003.29560326605 6435.33945744806 7244.55619383042 5861.65755250443 10563.4984387335 8895.83446957032 603.730410963015 5560.51599511832 7270.77632132764 4693.58653219017 5021.80356308899 8558.26633259531 7991.98926583013 1966.40971996955 9628.4694346953 2567.31105379636 1605.32020492986 2521.44215964069 2899.6646357619 862.994687208443 5704.96762894082 3042.42547604371 2871.64245820446 9522.16282019869 3805.28672145397 11208.0170136113 7458.86621117074 1698.04398711654 2275.76499812197 3299.72156898319 0.0 4772.60903304277 5792.26539254366 6939.17391556838 5538.83675155463 6107.36074510025 4103.4787959502
2346.52137145167 6626.66732822176 1842.43409042029 3063.48920930052 7416.11656638672 6703.70080458079 5502.48703891944 4497.75735796529 1089.69596827065 4751.06272402589 8137.97126391186 4931.22309892577 6566.41716893142 3232.79775618276 4352.30140099453 5440.57428394738 2611.59407535728 3926.40606293297 4231.69580067584 7671.6001484804 5217.26606676162 5808.80484144256 5668.58878196699 2169.70840975433 4894.28126449287 5586.36863631151 7782.44196355626 2688.96602518931 5479.08745044187 5127.3433345606 7171.14271453953 4772.60903304277 0.0 6078.36557254042 2469.25254885119 2265.99500024141 1376.87162953242 2346.52137145167
3740.75056467876 598.619312770037 7685.76905592175 5840.09776144231 1857.60537581963 12650.6409464758 5512.71800137031 5198.43339482444 7135.91121936288 3605.88558294113 4468.43347379387 1150.21340177017 3679.11871612036 7802.16568058606 3832.07307824243 7247.82241271164 6438.60548762018 6719.82111261806 3306.69874051856 7388.44843077732 5244.16302032888 296.80579901587 8709.59339075785 4678.28405630359 8252.93132396683 2179.01302255073 7236.9900058126 7567.30661320636 4532.59153257157 3660.90841252351 9031.09172064912 5792.26539254366 6078.36557254042 0.0 6221.32599048347 8249.44775366121 7088.19171433529 3740.75056467876
3273.39474384322 6819.72079184005 2377.89411979848 789.729534271874 7926.18511189794 6807.35863775794 3430.26140071489 6549.15456908326 2577.71374185241 3489.490286165 9431.35428729033 5221.52071448215 5251.23698739598 1581.06282882126 5996.8456077842 2981.89901699935 5050.74113966983 6329.11175882688 5673.88685117901 9806.15315114351 7208.84136585527 5924.57002844194 8135.97889769098 4082.12277301147 2595.03916671981 6584.81130180163 5530.88588952691 1433.58656431626 7252.04133990292 6671.64677348634 9594.69994438447 6939.17391556838 2469.25254885119 6221.32599048347 0.0 4055.54677051274 1932.84532099805 3273.39474384322
4516.85083721234 8772.87447193826 1863.35731519793 4815.32046267901 9439.14547869704 5047.29682543581 7436.14282797575 5504.13011977968 1502.52563108173 6950.60358592658 9693.16632546243 7099.68110855675 8781.65122236524 3928.85837469447 5868.21445099526 6905.9251197987 2972.09560905007 4149.93897723818 5928.8091761923 8250.95389087789 6229.89382657118 7992.19991280001 5134.67331356439 3823.7003739289 5821.72121913676 7456.94151279077 9586.31338912076 3389.28022542511 6748.1191941401 6654.93855709623 6939.42073291262 5538.83675155463 2265.99500024141 8249.44775366121 4055.54677051274 0.0 2132.20666397965 4516.85083721234
3480.7536302498 7663.79589367843 602.945349116634 2707.78449479298 8567.65103099928 5562.97322557988 5347.39589994262 5860.27144736273 732.466367921555 5095.73903439499 9478.16768460767 5967.6497637556 6925.35843573028 2035.81563832495 5718.41899931813 4789.27767042605 3784.78333334916 5123.51708212669 5569.71136641785 8999.07574999466 6584.53024066532 6803.33458151356 6660.12193629421 3542.5374285188 3865.45211951907 6849.8241972552 7458.9237638198 1462.51180463121 6855.69525087292 6487.19411739752 8293.78697962925 6107.36074510025 1376.87162953242 7088.19171433529 1932.84532099805 2132.20666397965 0.0 3480.7536302498
0.0 4281.83180774668 4054.40037517112 3333.16201644405 5095.85670755837 9008.58397090136 4802.99909570295 3594.54449066281 3421.94852966743 3326.47220312085 6186.75257218634 2590.9757303552 4915.651258966 4703.23482532401 2775.67159655498 5604.60301447436 3256.05372415947 4111.38097012414 2406.67937560857 6803.13057950672 4152.1928083464 3477.90979876784 6200.16522753427 1462.90754141659 5813.23582638385 3413.52508881659 7132.94609820968 4308.89467423326 4048.25016302171 3408.19736785059 7212.32343923438 4103.4787959502 2346.52137145167 3740.75056467876 3273.39474384322 4516.85083721234 3480.7536302498 0.0
Customer demand
1.55 1.6 0.89 1.25 1.93 0.99 0.99 1.25 1.53 0.55 0.97 1.25 0.89 0.7 0.99 0.89 1.6 1.68 0.63 1.26 1.53 0.89 0.96 0.94 0.75 0.63 0.75 0.75 1.26 0.96
