CustNum 40 StaNum 8
0.0 6792.55748764602 3227.77990906402 5813.23582638385 6643.77219287893 3333.16201644405 5432.79091602009 6691.04696305246 2683.07667507907 4826.18709798854 4915.651258966 6154.92766853465 3413.52508881659 5713.87488301458 5604.60301447436 2775.67159655498 4250.36444878675 6019.82655185602 1597.27400224053 1906.92030942523 5059.93357337835 3477.90979876784 1998.36277420735 4179.22879124342 2525.34558955225 5408.01702716238 5549.31717134603 6816.38805872795 2406.67937560857 6745.43343481021 3314.12262086592 3733.63615340927 5365.78178965579 5535.99002513219 5895.47039913907 2590.9757303552 7994.63030176557 7132.94609820968 3594.54449066281 1874.33434919652 3910.15932890932 3476.7951266026 6015.61024562341 3432.90195966844 3785.1227714027 2598.5640311066 4877.0920438249 4516.85083721234 4135.17035118091 0.0
6792.55748764602 0.0 6519.12178144674 12073.4397446518 8404.69554545489 9582.492358462 9060.05720557554 13472.6412063085 4138.11117361323 11618.7311832122 7403.58742625329 12943.7582935053 3422.49619650057 1231.65940718223 11173.3539180824 5066.20507358964 2675.72952600649 6569.33543101604 5293.14774629882 4888.24606712451 9846.7966094858 4201.53036614773 6051.61960689484 10672.8737168471 7271.25706234218 10857.9451289382 9172.7410059072 2020.81613238948 4917.94637995591 9517.92142864518 4060.31893823091 4356.05960461633 11992.5202960067 6714.3636361504 4891.26248642704 4667.13369337523 1335.01932819836 11054.9889152539 5987.31815507341 8653.47468660122 9944.40639786475 9566.46484118453 7727.50891282165 3988.951159677 9506.09176715252 4340.35033718673 3282.52958754924 10843.1131700317 8595.17425928107 6792.55748764602
3227.77990906402 6519.12178144674 0.0 8595.05858931373 3451.71810204367 6321.1589396438 2796.32557156164 8105.27376054972 3199.35191499874 6603.65943429253 7839.69639698586 7926.74817847008 3563.3881486103 5288.15023032617 8711.67542383525 1597.16612067428 4880.45450786016 2895.01606785392 2617.62475952786 3260.26109844302 3328.69278289367 5217.5538577392 4790.9011478689 6884.46612746598 1186.96311241885 4378.39377166287 8722.88895695943 5581.71465604611 2048.93570936094 3809.91235585306 4892.46664494864 5610.09462283695 6243.40165090061 2353.52541703842 3340.35117837032 4454.61752692663 7854.13629840127 10356.2688648252 681.912616847629 4028.72870085175 6954.59284920675 3535.09110836052 2795.19413492005 2586.39264987842 3235.84020813864 4021.50979052344 3428.78176138922 4822.71018541063 7346.23156277087 3227.77990906402
5813.23582638385 12073.4397446518 8595.05858931373 0.0 11557.9143045758 2532.78750849844 9668.22144502199 4169.52760746751 8293.80739167945 3225.64001021215 6188.99319364838 3192.51425925572 8988.37603305529 11183.3689810094 1805.28776798915 8570.03976377415 9398.43863417967 11486.2654669061 7362.82382446044 7439.83268301865 8463.5454141582 7962.75378547959 6024.57791175366 1711.10550776778 7492.21096090295 7812.52816784951 4896.59449650372 12500.5745507255 8219.26438685781 11106.5392487259 8037.79950469279 7937.98807534395 4969.81346878252 10922.2487368318 11653.5126418538 7406.41000265841 13073.2785438569 4740.15039882587 9142.34435630364 4574.7606310845 2134.04185223302 6161.87246867951 11101.0964317584 9226.17601745644 6823.73574124323 7774.42621227176 10671.948924071 5821.72121913676 4150.92379292985 5813.23582638385
6643.77219287893 8404.69554545489 3451.71810204367 11557.9143045758 0.0 9514.31439042109 2198.36539818767 10059.8828629901 6298.94698704408 9010.71379915646 11270.3121083766 10179.9856365034 6402.67883653364 7299.25079721789 11940.7416518892 4682.35134308146 7655.19872170236 1876.94739267387 5999.61097233374 6585.206105449 3749.94626038417 8408.20126645642 8230.28958133102 9871.16418613177 4224.0721541456 5022.87346055942 12169.9894866712 6767.71392240824 5245.37113054736 1393.02275198296 8061.01947788868 8814.9201566288 8052.64782871552 1712.69901670651 3609.86137122717 7747.99720750437 9652.74542202732 13773.4376453318 3332.46445425455 7053.08749497663 10166.3432517211 5596.94962943625 737.04786689425 5258.69473006153 4989.23407689678 7247.76836184273 5180.58176901337 6547.86746868135 10777.8836362328 6643.77219287893
3333.16201644405 9582.492358462 6321.1589396438 2532.78750849844 9514.31439042109 0.0 7843.0214593592 4924.71595278952 5761.09994415809 3146.43108780498 4527.05575305961 4053.03144949542 6456.26341136693 8663.43039137414 2427.748468889 6108.36333599972 6907.66440891915 9207.74290805771 4847.34483828534 4907.05763877854 6893.96043191252 5544.75928154464 3564.28736364503 1177.6518193835 5312.6692777403 6589.06308939955 3927.67721690757 9967.78857779107 5725.25726582827 9275.69905202877 5583.63475790917 5570.8391217535 4651.84993148031 8674.42309861491 9222.25062108767 4921.71712163519 10624.5801359968 4785.38063583261 6807.44172039889 2501.40826789875 655.244239711305 4619.69427385851 8980.75959123282 6712.06185576607 5243.09075392172 5260.46304804543 8155.84062767927 4815.32046267901 2597.14262249275 3333.16201644405
5432.79091602009 9060.05720557554 2796.32557156164 9668.22144502199 2198.36539818767 7843.0214593592 0.0 7882.63704288911 5994.77519845823 6933.77902372677 10320.6332507954 8048.47024134321 6341.37114542337 7851.94735188056 10255.4611903159 4383.70180224374 7660.40814181182 3362.91526604712 5315.30923604151 5989.21370055948 1552.24354644503 7982.36999629053 7294.67210105523 8027.91514656761 2921.35518959933 2838.26360757058 10936.190928703 7776.83632546597 4843.4315829626 1442.09537058291 7666.51693270784 8366.52464100998 5875.37791790566 2834.28437183263 4836.29378945879 7181.44667300287 10382.1563719167 12377.0668760655 3133.97239450734 5341.84589227241 8497.06378617994 3547.72929644774 2169.37211337642 5300.49960051746 2902.72686321217 6786.50863273522 5799.83487555643 4383.16657656757 9477.53562672118 5432.79091602009
6691.04696305246 13472.6412063085 8105.27376054972 4169.52760746751 10059.8828629901 4924.71595278952 7882.63704288911 0.0 9337.92554159623 1916.23193208896 9449.74019619207 984.216641054513 10062.240584983 12357.1533828402 5872.16612234912 8840.30696570354 10934.1311533623 10668.7448895614 8191.18650924428 8596.99032941389 6366.92113960718 9931.35330007479 7993.59093418629 3864.26507445599 6933.70173410545 5246.22386784926 8628.22822850023 13266.0033898292 8742.46192938242 9166.69128993081 9858.53183638618 10071.0754362992 2007.62549291646 10056.469196447 11445.3482226885 9127.0002589231 14685.6711860835 8850.84959187219 8779.03049644396 4820.58372350572 5124.95956640591 4638.17833633757 9845.12129927394 9808.03166884223 5140.01251916942 9257.22033167032 11147.3466693737 3515.89120243182 7470.08502081048 6691.04696305246
2683.07667507907 4138.11117361323 3199.35191499874 8293.80739167945 6298.94698704408 5761.09994415809 5994.77519845823 9337.92554159623 0.0 7497.4712205839 5310.34352464484 8833.95470700124 730.453648628197 3031.65670254591 7736.21321163409 1649.42434221509 1810.81402371969 4982.35962408669 1158.13566658492 854.575566253297 6310.92814769702 2110.6475323183 2635.79068536506 6751.9198214413 3489.36259129092 7101.9939338056 6647.56662810331 4207.48073724696 1151.65462705527 6940.81497367189 1762.12972888723 2518.35880238812 7871.23523777456 4726.83532955797 4131.66928309655 1568.88860150087 5385.79831790649 8495.03769044873 3013.61022183222 4523.22505929028 6235.45298405095 5554.05292827465 5566.62454981604 1259.97458434756 5601.9739561139 1002.72736926396 2536.12533489134 6789.59745011427 5563.24075709041 2683.07667507907
4826.18709798854 11618.7311832122 6603.65943429253 3225.64001021215 9010.71379915646 3146.43108780498 6933.77902372677 1916.23193208896 7497.4712205839 0.0 7655.27681604521 1357.64038232384 8226.25133848753 10527.3608863662 4607.81746266174 7138.72230899556 9050.30986161663 9340.23733255457 6365.29978082225 6731.94230917535 5553.16414418678 8017.14615105695 6077.51570093365 2252.39269391913 5416.83595594585 4712.13103353708 7009.40974618112 11514.7119765294 6982.77605175842 8326.91427314951 7949.22452143425 8154.85373225853 1756.29514025714 8735.86702728877 9919.86242969792 7219.19883559836 12812.184443492 7514.96086168778 7253.3279139382 2978.44234042893 3470.75264548237 3413.76426570585 8681.80030596015 8054.95800836591 4035.29250430444 7366.12016228973 9436.05656286827 2713.0321208209 5740.53449282537 4826.18709798854
4915.651258966 7403.58742625329 7839.69639698586 6188.99319364838 11270.3121083766 4527.05575305961 10320.6332507954 9449.74019619207 5310.34352464484 7655.27681604521 0.0 8557.97461901562 5635.73540758205 7003.58230061532 4637.80566644526 6691.67238766197 5134.03822447272 10214.4296648605 5280.84336219219 4758.87597697783 9950.61646959435 3523.43121828618 3051.7370539493 5616.49778140681 7399.30012617105 10135.439697399 1828.06297874893 8655.16274185922 6121.6753467563 11575.493913869 3831.50248065468 3206.83955712725 9016.25652884622 9874.06207351807 9433.13391119613 3743.97921395747 7992.6878011041 3661.15388859751 7964.40632084201 5859.01238870961 4385.31437162293 8088.65926997528 10575.3517504329 6568.82276128379 8541.61098792043 4318.36696625858 7683.42902302408 8781.65122236524 2054.06602215762 4915.651258966
6154.92766853465 12943.7582935053 7926.74817847008 3192.51425925572 10179.9856365034 4053.03144949542 8048.47024134321 984.216641054513 8833.95470700124 1357.64038232384 8557.97461901562 0.0 9563.82501470773 11865.47173448 4888.09133478663 8495.90058920367 10353.2542168251 10618.0351996183 7709.21076342406 8055.63253755372 6591.27843058098 9255.04612145401 7285.57784252925 2945.0009828719 6740.33913448068 5591.32602478364 7674.02772035922 12870.358043638 8339.02208073169 9397.92853061632 9208.79586367752 9366.5358320278 2315.28402979529 10009.6154306419 11254.0182647628 8485.11659081176 14121.5763689986 7866.78869134965 8583.82352254834 4325.48375091737 4198.38146767626 4615.07784153421 9897.17629336169 9411.34170170946 5193.18213971262 8663.20642238501 10793.6927046695 3685.03219056488 6553.8878406526 6154.92766853465
3413.52508881659 3422.49619650057 3563.3881486103 8988.37603305529 6402.67883653364 6456.26341136693 6341.37114542337 10062.240584983 730.453648628197 8226.25133848753 5635.73540758205 9563.82501470773 0.0 2301.64945221217 8370.15623636263 1966.51536439173 1319.04258699536 4923.46672244032 1872.7523095227 1559.0650267734 6798.84758839084 2203.37777399126 3198.99030885731 7465.15714386208 4032.77402446988 7663.58605331034 7091.99785540722 3517.71691160473 1615.66735518408 7172.03301108828 1855.46104097093 2598.33847985079 8572.80941049092 4754.48016873848 3843.43120877675 1946.31612752941 4689.07641257681 8967.32121618034 3247.85041784149 5250.65635558815 6912.42843243487 6202.0188731172 5665.65401217453 1145.36363497041 6207.99870952892 1388.61445011738 2052.15821836246 7456.94151279077 6098.27876127103 3413.52508881659
5713.87488301458 1231.65940718223 5288.15023032617 11183.3689810094 7299.25079721789 8663.43039137414 7851.94735188056 12357.1533828402 3031.65670254591 10527.3608863662 7003.58230061532 11865.47173448 2301.64945221217 0.0 10413.7535680358 3840.46899293819 1914.04192427563 5503.6765010315 4166.56179760721 3834.78989908753 8616.28437290343 3564.05062907659 5216.98268887787 9713.33372959614 6047.50750935992 9627.38149135103 8688.72175976962 1675.94929597841 3717.66708553619 8362.04753092826 3340.47538528931 3814.77282426043 10826.6164596558 5592.85591697587 3896.89662547626 3830.26941400064 2566.32891311511 10589.0141905671 4763.15915992543 7550.73462144878 9073.45514813745 8362.18131471629 6603.37858756352 2762.31282864728 8286.02660230005 3410.65508161769 2123.84996390274 9646.29606755389 7942.23935220114 5713.87488301458
5604.60301447436 11173.3539180824 8711.67542383525 1805.28776798915 11940.7416518892 2427.748468889 10255.4611903159 5872.16612234912 7736.21321163409 4607.81746266174 4637.80566644526 4888.09133478663 8370.15623636263 10413.7535680358 0.0 8352.29541393423 8539.92820196583 11582.5084646445 6987.29891897723 6897.013080884 9243.40610920809 6975.65933722033 5206.00454201815 2464.80559001219 7732.39971981416 8810.15450065682 3160.41242056434 11867.0244114353 7912.53281976416 11691.9682169514 7119.46458008786 6870.26668616728 6348.58781894403 11063.7459680644 11478.9814475152 6584.24330873645 12053.4265533748 2978.69779563905 9165.6914577293 4920.68403129467 1774.42743344634 6935.73377792865 11400.4267942749 8821.59635994274 7580.67278124698 7042.58819608928 10237.9621512535 6905.9251197987 2718.50891748447 5604.60301447436
2775.67159655498 5066.20507358964 1597.16612067428 8570.03976377415 4682.35134308146 6108.36333599972 4383.70180224374 8840.30696570354 1649.42434221509 7138.72230899556 6691.67238766197 8495.90058920367 1966.51536439173 3840.46899293819 8352.29541393423 0.0 3283.2995793048 3532.58073671732 1467.09747507821 1936.56671057228 4862.29928611381 3738.90966893134 3737.25611105699 6904.97579863017 2207.75253643835 5801.63084985113 7815.24853582818 4444.51913476709 572.225026715189 5291.64472028131 3397.60106965801 4142.93579960896 7145.66226870815 3186.07684042157 3127.01942458919 3069.58427411582 6393.81908507291 9575.28898189409 1367.65386479223 4241.40578556716 6682.79935879475 4567.11788322712 3957.42258463126 1078.24047038322 4449.79279610374 2566.41659909435 2307.06550825696 5868.21445099526 6559.85939582066 2775.67159655498
4250.36444878675 2675.72952600649 4880.45450786016 9398.43863417967 7655.19872170236 6907.66440891915 7660.40814181182 10934.1311533623 1810.81402371969 9050.30986161663 5134.03822447272 10353.2542168251 1319.04258699536 1914.04192427563 8539.92820196583 3283.2995793048 0.0 6083.81865533509 2911.42980287002 2364.68538779301 8090.44401767572 1652.03865819788 3380.09943605296 8004.92374511855 5290.2887917345 8910.58085401154 6785.41948444788 3527.52480476556 2895.2775689358 8473.4097772772 1431.65244052703 1927.60452235268 9578.80947778871 5976.93149097986 4801.98770996866 1992.14372948744 3770.83701223186 8686.27502226793 4560.81584667177 6124.43072799502 7270.78265208952 7347.15458504476 6919.95462888205 2416.91056649606 7411.53955211901 1692.6657996301 2859.90447952995 8562.55515748989 6032.90271813927 4250.36444878675
6019.82655185602 6569.33543101604 2895.01606785392 11486.2654669061 1876.94739267387 9207.74290805771 3362.91526604712 10668.7448895614 4982.35962408669 9340.23733255457 10214.4296648605 10618.0351996183 4923.46672244032 5503.6765010315 11582.5084646445 3532.58073671732 6083.81865533509 0.0 4987.42597944178 5456.03927503045 4778.07422860844 7064.16292053003 7266.47628635481 9775.20885946682 4011.04277370106 6078.97774228428 11333.7659670956 4891.8444210894 4097.13816771204 3167.73752661766 6710.04950543634 7471.22855536361 8705.15371801098 612.382291779692 1733.12543169898 6527.58516222573 7796.4888878066 13061.0723957003 2425.38682286971 6914.19468035108 9835.51490657912 6034.81722063882 1320.27341366957 3797.5152212563 5544.38705684012 5979.58319763598 3415.98389961008 7199.50944504116 10037.7277343693 6019.82655185602
1597.27400224053 5293.14774629882 2617.62475952786 7362.82382446044 5999.61097233374 4847.34483828534 5315.30923604151 8191.18650924428 1158.13566658492 6365.29978082225 5280.84336219219 7709.21076342406 1872.7523095227 4166.56179760721 6987.29891897723 1467.09747507821 2911.42980287002 4987.42597944178 0.0 686.93429191517 5406.80162075774 2699.06864604865 2280.56512953827 5759.17771790588 2560.55877188489 6085.94912629315 6350.08364819499 5219.23441459523 944.25747534918 6424.05597204374 2411.73676183336 3067.07030026086 6713.6561847638 4606.74425146351 4530.09221366247 1867.11298721887 6543.78182616973 8109.36155325447 2683.56904715479 3386.95560022139 5378.17979360393 4438.77222830164 5297.22915456338 1864.74324965431 4537.28621366429 1529.79099909827 3309.48529746145 5652.49649760166 5096.7062535821 1597.27400224053
1906.92030942523 4888.24606712451 3260.26109844302 7439.83268301865 6585.206105449 4907.05763877854 5989.21370055948 8596.99032941389 854.575566253297 6731.94230917535 4758.87597697783 8055.63253755372 1559.0650267734 3834.78989908753 6897.013080884 1936.56671057228 2364.68538779301 5456.03927503045 686.93429191517 0.0 6091.64594056657 2012.28418337587 1883.47813128317 5906.20091610993 3246.60928060989 6749.17900091793 5959.66440383827 5060.85644011306 1364.75231050622 7069.94551778672 1726.71848189869 2382.93149758602 7214.26619798814 5122.62303957501 4807.89169825845 1195.67970866782 6089.1965160752 7772.79013734756 3253.02516481641 3777.35576908929 5381.78563937709 5047.60487271437 5870.27217160582 1972.46487044238 5183.64470112528 850.01966941288 3347.37517508732 6226.96910954343 4799.24647591923 1906.92030942523
5059.93357337835 9846.7966094858 3328.69278289367 8463.5454141582 3749.94626038417 6893.96043191252 1552.24354644503 6366.92113960718 6310.92814769702 5553.16414418678 9950.61646959435 6591.27843058098 6798.84758839084 8616.28437290343 9243.40610920809 4862.29928611381 8090.44401767572 4778.07422860844 5406.80162075774 6091.64594056657 0.0 8096.71499043515 7043.19283620897 6896.48455984073 2847.84858099132 1306.89187724666 10316.6093107892 8798.35350436477 5195.22974693785 2809.12137113474 7818.21676249439 8448.09961529966 4365.24820270614 4201.62109410552 6076.08359916408 7229.77823869507 11181.7843788423 11594.7655253631 3885.13250140242 4454.49049062198 7533.39047714575 2318.19013634885 3680.79358321841 5902.35089945298 1663.76833184793 6936.23059440977 6698.24913035416 2906.28011143924 8832.92001701157 5059.93357337835
3477.90979876784 4201.53036614773 5217.5538577392 7962.75378547959 8408.20126645642 5544.75928154464 7982.36999629053 9931.35330007479 2110.6475323183 8017.14615105695 3523.43121828618 9255.04612145401 2203.37777399126 3564.05062907659 6975.65933722033 3738.90966893134 1652.03865819788 7064.16292053003 2699.06864604865 2012.28418337587 8096.71499043515 0.0 1993.31555441174 6692.03806151276 5255.91603864638 8703.41983316293 5136.36738514551 5173.12440602995 3197.17917727451 9009.02313127307 354.23416395667 408.301100949392 8799.55168633797 6832.50192291597 6046.35253816203 898.766627029794 5113.90674121243 7037.03851010588 5106.27990796083 5254.03756261125 5829.73343742972 6900.01467939334 7676.6759336826 3273.19175580916 7109.2901285422 1196.73044775885 4206.72630029578 7992.19991280001 4405.71632620809 3477.90979876784
1998.36277420735 6051.61960689484 4790.9011478689 6024.57791175366 8230.28958133102 3564.28736364503 7294.67210105523 7993.59093418629 2635.79068536506 6077.51570093365 3051.7370539493 7285.57784252925 3198.99030885731 5216.98268887787 5206.00454201815 3737.25611105699 3380.09943605296 7266.47628635481 2280.56512953827 1883.47813128317 7043.19283620897 1993.31555441174 0.0 4701.90158764446 4379.14049874952 7399.63926505173 4085.79431082978 6666.05775171862 3183.93384518245 8527.80378832408 2020.11301018179 2081.32804185907 6996.55246915559 6884.90795876126 6691.3211930204 1391.65767574665 7062.10458780547 5889.31210615112 4947.64539943391 3475.11352546158 3893.27999282739 5431.9192870971 7543.89946415663 3846.31031188361 5776.99448927864 1839.92253209175 5170.79379346226 6368.81577622101 2928.27264816725 1998.36277420735
4179.22879124342 10672.8737168471 6884.46612746598 1711.10550776778 9871.16418613177 1177.6518193835 8027.91514656761 3864.26507445599 6751.9198214413 2252.39269391913 5616.49778140681 2945.0009828719 7465.15714386208 9713.33372959614 2464.80559001219 6904.97579863017 8004.92374511855 9775.20885946682 5759.17771790588 5906.20091610993 6896.48455984073 6692.03806151276 4701.90158764446 0.0 5782.29668751587 6374.18485608817 4788.29239617408 10951.8017566557 6581.56492875675 9469.70638320545 6713.64642964896 6733.26543393894 3936.84311877988 9211.35131717095 9966.79848046507 6033.13750634692 11745.8300131005 5283.96596349066 7436.07537996605 2864.18170089785 1261.05720944567 4578.53990055143 9401.10817065491 7611.10707884169 5236.98507246694 6334.63582525423 9056.07871059431 4445.94723091489 3610.01210957338 4179.22879124342
2525.34558955225 7271.25706234218 1186.96311241885 7492.21096090295 4224.0721541456 5312.6692777403 2921.35518959933 6933.70173410545 3489.36259129092 5416.83595594585 7399.30012617105 6740.33913448068 4032.77402446988 6047.50750935992 7732.39971981416 2207.75253643835 5290.2887917345 4011.04277370106 2560.55877188489 3246.60928060989 2847.84858099132 5255.91603864638 4379.14049874952 5782.29668751587 0.0 3630.9846635076 8064.90263834674 6562.86512149797 2417.8034194709 4221.04626114693 4972.27272511238 5614.60518715728 5103.47224266279 3434.09956807414 4519.49106077572 4399.93648019915 8595.79123075076 9588.78334663841 1848.09270465706 2918.46607577614 5960.11879217 2425.08233152087 3668.33518176113 3285.82849615745 2244.30880997754 4089.13638050874 4392.39952006173 3730.39775655891 6628.9153395598 2525.34558955225
5408.01702716238 10857.9451289382 4378.39377166287 7812.52816784951 5022.87346055942 6589.06308939955 2838.26360757058 5246.22386784926 7101.9939338056 4712.13103353708 10135.439697399 5591.32602478364 7663.58605331034 9627.38149135103 8810.15450065682 5801.63084985113 8910.58085401154 6078.97774228428 6085.94912629315 6749.17900091793 1306.89187724666 8703.41983316293 7399.63926505173 6374.18485608817 3630.9846635076 0.0 10268.9868414758 9941.25289175236 6048.78585706854 3965.97452393967 8457.97410589463 9023.30171615281 3290.80493800754 5496.67433787502 7327.62385111099 7811.14213369301 12189.8177603748 11370.0907499608 4996.18727829693 4348.33177532574 7192.53596263805 2059.42560109257 4985.50513049989 6872.94386162551 1622.9719176527 7598.03171750282 7803.62939965143 2003.43697870288 8790.00665073132 5408.01702716238
5549.31717134603 9172.7410059072 8722.88895695943 4896.59449650372 12169.9894866712 3927.67721690757 10936.190928703 8628.22822850023 6647.56662810331 7009.40974618112 1828.06297874893 7674.02772035922 7091.99785540722 8688.72175976962 3160.41242056434 7815.24853582818 6785.41948444788 11333.7659670956 6350.08364819499 5959.66440383827 10316.6093107892 5136.36738514551 4085.79431082978 4788.29239617408 8064.90263834674 10268.9868414758 0.0 10309.4735935435 7267.74086063205 12283.9397268091 5402.52944876678 4876.10077500948 8578.19458504043 10926.0469293949 10760.0466451022 5146.09574262277 9808.55481476848 1900.85572798047 8970.33408733395 5926.98789523855 3540.19908989075 8217.78541373779 11515.7664526374 7894.67158936705 8764.05942911513 5712.91220656394 9136.52172822056 8655.71852149053 1485.22702155999 5549.31717134603
6816.38805872795 2020.81613238948 5581.71465604611 12500.5745507255 6767.71392240824 9967.78857779107 7776.83632546597 13266.0033898292 4207.48073724696 11514.7119765294 8655.16274185922 12870.358043638 3517.71691160473 1675.94929597841 11867.0244114353 4444.51913476709 3527.52480476556 4891.8444210894 5219.23441459523 5060.85644011306 8798.35350436477 5173.12440602995 6666.05775171862 10951.8017566557 6562.86512149797 9941.25289175236 10309.4735935435 0.0 4532.47271654583 7997.11820467426 4917.17910889419 5452.73143424973 11589.4753833515 5157.56087509457 3159.16359101179 5314.78751943285 3006.34207909005 12210.0635560118 4945.36835858627 8553.80209151152 10430.1324609248 8978.35780962249 6149.49852472836 3461.31719283706 8783.11793201351 4826.29976262255 2170.64096678955 10284.789356092 9488.08390851152 6816.38805872795
2406.67937560857 4917.94637995591 2048.93570936094 8219.26438685781 5245.37113054736 5725.25726582827 4843.4315829626 8742.46192938242 1151.65462705527 6982.77605175842 6121.6753467563 8339.02208073169 1615.66735518408 3717.66708553619 7912.53281976416 572.225026715189 2895.2775689358 4097.13816771204 944.25747534918 1364.75231050622 5195.22974693785 3197.17917727451 3183.93384518245 6581.56492875675 2417.8034194709 6048.78585706854 7267.74086063205 4532.47271654583 0.0 5813.90952860332 2862.02850504222 3597.82987309423 7129.51704388224 3758.13834026949 3587.1463903063 2502.84400109841 6225.44359694241 9043.53904434016 1918.49677501326 4030.86293306624 6277.30140112088 4648.52478624291 4523.31371685666 1072.42135585424 4611.64555043311 2012.65914355372 2489.60680526037 5928.8091761923 6035.72895777235 2406.67937560857
6745.43343481021 9517.92142864518 3809.91235585306 11106.5392487259 1393.02275198296 9275.69905202877 1442.09537058291 9166.69128993081 6940.81497367189 8326.91427314951 11575.493913869 9397.92853061632 7172.03301108828 8362.04753092826 11691.9682169514 5291.64472028131 8473.4097772772 3167.73752661766 6424.05597204374 7069.94551778672 2809.12137113474 9009.02313127307 8527.80378832408 9469.70638320545 4221.04626114693 3965.97452393967 12283.9397268091 7997.11820467426 5813.90952860332 0.0 8675.89326296264 9406.60939114874 7170.3406720101 2840.25121595596 4869.47543027077 8263.55170673603 10801.7292955268 13768.8086090072 3936.45719329933 6774.40133353096 9930.35725436779 4969.46555676356 1857.18980496639 6058.2786300256 4315.78196401065 7817.1981152567 6242.73770232199 5713.85821811664 10839.5286498629 6745.43343481021
3314.12262086592 4060.31893823091 4892.46664494864 8037.79950469279 8061.01947788868 5583.63475790917 7666.51693270784 9858.53183638618 1762.12972888723 7949.22452143425 3831.50248065468 9208.79586367752 1855.46104097093 3340.47538528931 7119.46458008786 3397.60106965801 1431.65244052703 6710.04950543634 2411.73676183336 1726.71848189869 7818.21676249439 354.23416395667 2020.11301018179 6713.64642964896 4972.27272511238 8457.97410589463 5402.52944876678 4917.17910889419 2862.02850504222 8675.89326296264 0.0 761.480434512121 8667.03815200806 6480.40669815817 5698.85789860398 734.611843189261 5042.02217957967 7300.79590556577 4765.25110486341 5131.11132333262 5904.16776772212 6691.0429322062 7328.73785401566 2919.04433661941 6874.99549538811 886.036921131272 3872.03549744477 7811.27237763972 4602.23654380153 3314.12262086592
3733.63615340927 4356.05960461633 5610.09462283695 7937.98807534395 8814.9201566288 5570.8391217535 8366.52464100998 10071.0754362992 2518.35880238812 8154.85373225853 3206.83955712725 9366.5358320278 2598.33847985079 3814.77282426043 6870.26668616728 4142.93579960896 1927.60452235268 7471.22855536361 3067.07030026086 2382.93149758602 8448.09961529966 408.301100949392 2081.32804185907 6733.26543393894 5614.60518715728 9023.30171615281 4876.10077500948 5452.73143424973 3597.82987309423 9406.60939114874 761.480434512121 0.0 9005.09952794812 7240.80253654814 6438.1012300062 1219.17715395517 5183.83736681076 6775.47417559603 5509.8167792889 5458.67757391405 5812.75501513144 7186.63806159916 8083.76889656474 3678.59676762724 7420.16187100652 1589.59318768741 4581.77963085668 8249.06477510993 4244.25403071927 3733.63615340927
5365.78178965579 11992.5202960067 6243.40165090061 4969.81346878252 8052.64782871552 4651.84993148031 5875.37791790566 2007.62549291646 7871.23523777456 1756.29514025714 9016.25652884622 2315.28402979529 8572.80941049092 10826.6164596558 6348.58781894403 7145.66226870815 9578.80947778871 8705.15371801098 6713.6561847638 7214.26619798814 4365.24820270614 8799.55168633797 6996.55246915559 3936.84311877988 5103.47224266279 3290.80493800754 8578.19458504043 11589.4753833515 7129.51704388224 7170.3406720101 8667.03815200806 9005.09952794812 0.0 8092.98190299858 9567.85118540019 7935.45408036268 13256.8482550279 9220.80218435642 6924.36574889791 3547.1720061097 5083.06917272503 2715.6043374364 7847.36087037002 8167.75012898916 3161.34852233076 7960.50960598443 9435.44071864074 1515.46064724529 7224.46301525065 5365.78178965579
5535.99002513219 6714.3636361504 2353.52541703842 10922.2487368318 1712.69901670651 8674.42309861491 2834.28437183263 10056.469196447 4726.83532955797 8735.86702728877 9874.06207351807 10009.6154306419 4754.48016873848 5592.85591697587 11063.7459680644 3186.07684042157 5976.93149097986 612.382291779692 4606.74425146351 5122.62303957501 4201.62109410552 6832.50192291597 6884.90795876126 9211.35131717095 3434.09956807414 5496.67433787502 10926.0469293949 5157.56087509457 3758.13834026949 2840.25121595596 6480.40669815817 7240.80253654814 8092.98190299858 0.0 2056.08386287159 6237.84613413277 7980.25118843389 12622.7947300196 1959.91959035079 6347.59897650697 9308.06434860304 5423.06072214018 1013.15519530326 3610.31910694401 4932.40286168381 5707.81018827191 3471.20663644302 6587.86728976293 9600.43060555446 5535.99002513219
5895.47039913907 4891.26248642704 3340.35117837032 11653.5126418538 3609.86137122717 9222.25062108767 4836.29378945879 11445.3482226885 4131.66928309655 9919.86242969792 9433.13391119613 11254.0182647628 3843.43120877675 3896.89662547626 11478.9814475152 3127.01942458919 4801.98770996866 1733.12543169898 4530.09221366247 4807.89169825845 6076.08359916408 6046.35253816203 6691.3211930204 9966.79848046507 4519.49106077572 7327.62385111099 10760.0466451022 3159.16359101179 3587.1463903063 4869.47543027077 5698.85789860398 6438.1012300062 9567.85118540019 2056.08386287159 0.0 5690.19412339674 6086.33093791221 12580.5678140959 2671.71243988993 7193.95189992374 9805.54260038354 6852.56748794524 3012.75407320061 2872.69529880116 6482.50390396204 5115.00128603255 1952.8780909807 8116.61116327125 9595.50790703418 5895.47039913907
2590.9757303552 4667.13369337523 4454.61752692663 7406.41000265841 7747.99720750437 4921.71712163519 7181.44667300287 9127.0002589231 1568.88860150087 7219.19883559836 3743.97921395747 8485.11659081176 1946.31612752941 3830.26941400064 6584.24330873645 3069.58427411582 1992.14372948744 6527.58516222573 1867.11298721887 1195.67970866782 7229.77823869507 898.766627029794 1391.65767574665 6033.13750634692 4399.93648019915 7811.14213369301 5146.09574262277 5314.78751943285 2502.84400109841 8263.55170673603 734.611843189261 1219.17715395517 7935.45408036268 6237.84613413277 5690.19412339674 0.0 5713.09196569577 7021.57261211487 4418.1325779461 4397.35085031386 5278.78771926963 6001.35727062895 7025.99239890831 2825.24148272927 6213.42659642779 575.975664295824 3991.80940349512 7099.68110855675 4184.14068046759 2590.9757303552
7994.63030176557 1335.01932819836 7854.13629840127 13073.2785438569 9652.74542202732 10624.5801359968 10382.1563719167 14685.6711860835 5385.79831790649 12812.184443492 7992.6878011041 14121.5763689986 4689.07641257681 2566.32891311511 12053.4265533748 6393.81908507291 3770.83701223186 7796.4888878066 6543.78182616973 6089.1965160752 11181.7843788423 5113.90674121243 7062.10458780547 11745.8300131005 8595.79123075076 12189.8177603748 9808.55481476848 3006.34207909005 6225.44359694241 10801.7292955268 5042.02217957967 5183.83736681076 13256.8482550279 7980.25118843389 6086.33093791221 5713.09196569577 0.0 11648.2643101578 7320.00436076009 9866.55222687949 10939.3234443186 10870.5015378655 8991.64057409974 5318.12091511042 10825.9248504913 5463.46335129577 4589.73417409137 12138.8276668961 9401.24845386901 7994.63030176557
7132.94609820968 11054.9889152539 10356.2688648252 4740.15039882587 13773.4376453318 4785.38063583261 12377.0668760655 8850.84959187219 8495.03769044873 7514.96086168778 3661.15388859751 7866.78869134965 8967.32121618034 10589.0141905671 2978.69779563905 9575.28898189409 8686.27502226793 13061.0723957003 8109.36155325447 7772.79013734756 11594.7655253631 7037.03851010588 5889.31210615112 5283.96596349066 9588.78334663841 11370.0907499608 1900.85572798047 12210.0635560118 9043.53904434016 13768.8086090072 7300.79590556577 6775.47417559603 9220.80218435642 12622.7947300196 12580.5678140959 7021.57261211487 11648.2643101578 0.0 10663.0901783262 7140.27549933742 4213.40646926107 9372.99052432087 13148.0667816637 9729.59593340718 9973.1008746393 7582.30600669043 11003.8430281033 9586.31338912076 3023.51349818233 7132.94609820968
3594.54449066281 5987.31815507341 681.912616847629 9142.34435630364 3332.46445425455 6807.44172039889 3133.97239450734 8779.03049644396 3013.61022183222 7253.3279139382 7964.40632084201 8583.82352254834 3247.85041784149 4763.15915992543 9165.6914577293 1367.65386479223 4560.81584667177 2425.38682286971 2683.56904715479 3253.02516481641 3885.13250140242 5106.27990796083 4947.64539943391 7436.07537996605 1848.09270465706 4996.18727829693 8970.33408733395 4945.36835858627 1918.49677501326 3936.45719329933 4765.25110486341 5509.8167792889 6924.36574889791 1959.91959035079 2671.71243988993 4418.1325779461 7320.00436076009 10663.0901783262 0.0 4602.43379428746 7427.46924569289 4216.9538131362 2618.62380487501 2170.50448984167 3910.4103628752 3929.50489584465 2815.96342763745 5504.13011977968 7640.55597413639 3594.54449066281
1874.33434919652 8653.47468660122 4028.72870085175 4574.7606310845 7053.08749497663 2501.40826789875 5341.84589227241 4820.58372350572 4523.22505929028 2978.44234042893 5859.01238870961 4325.48375091737 5250.65635558815 7550.73462144878 4920.68403129467 4241.40578556716 6124.43072799502 6914.19468035108 3386.95560022139 3777.35576908929 4454.49049062198 5254.03756261125 3475.11352546158 2864.18170089785 2918.46607577614 4348.33177532574 5926.98789523855 8553.80209151152 4030.86293306624 6774.40133353096 5131.11132333262 5458.67757391405 3547.1720061097 6347.59897650697 7193.95189992374 4397.35085031386 9866.55222687949 7140.27549933742 4602.43379428746 0.0 3155.95598874642 2291.87225723517 6554.5598906742 5102.13539302354 2847.62839024727 4463.47289112409 6508.58063773238 2948.62505212057 4444.73432099064 1874.33434919652
3910.15932890932 9944.40639786475 6954.59284920675 2134.04185223302 10166.3432517211 655.244239711305 8497.06378617994 5124.95956640591 6235.45298405095 3470.75264548237 4385.31437162293 4198.38146767626 6912.42843243487 9073.45514813745 1774.42743344634 6682.79935879475 7270.78265208952 9835.51490657912 5378.17979360393 5381.78563937709 7533.39047714575 5829.73343742972 3893.27999282739 1261.05720944567 5960.11879217 7192.53596263805 3540.19908989075 10430.1324609248 6277.30140112088 9930.35725436779 5904.16776772212 5812.75501513144 5083.06917272503 9308.06434860304 9805.54260038354 5278.78771926963 10939.3234443186 4213.40646926107 7427.46924569289 3155.95598874642 0.0 5247.53106441462 9628.44452431088 7238.32628059296 5878.01530970096 5662.87823608289 8675.94599819964 5373.90327019146 2357.61364214404 3910.15932890932
3476.7951266026 9566.46484118453 3535.09110836052 6161.87246867951 5596.94962943625 4619.69427385851 3547.72929644774 4638.17833633757 5554.05292827465 3413.76426570585 8088.65926997528 4615.07784153421 6202.0188731172 8362.18131471629 6935.73377792865 4567.11788322712 7347.15458504476 6034.81722063882 4438.77222830164 5047.60487271437 2318.19013634885 6900.01467939334 5431.9192870971 4578.53990055143 2425.08233152087 2059.42560109257 8217.78541373779 8978.35780962249 4648.52478624291 4969.46555676356 6691.0429322062 7186.63806159916 2715.6043374364 5423.06072214018 6852.56748794524 6001.35727062895 10870.5015378655 9372.99052432087 4216.9538131362 2291.87225723517 5247.53106441462 0.0 5283.73483773368 5628.26734116278 661.911473392724 5874.10790068228 6809.83433302758 1306.6558609253 6736.36804787289 3476.7951266026
6015.61024562341 7727.50891282165 2795.19413492005 11101.0964317584 737.04786689425 8980.75959123282 2169.37211337642 9845.12129927394 5566.62454981604 8681.80030596015 10575.3517504329 9897.17629336169 5665.65401217453 6603.37858756352 11400.4267942749 3957.42258463126 6919.95462888205 1320.27341366957 5297.22915456338 5870.27217160582 3680.79358321841 7676.6759336826 7543.89946415663 9401.10817065491 3668.33518176113 4985.50513049989 11515.7664526374 6149.49852472836 4523.31371685666 1857.18980496639 7328.73785401566 8083.76889656474 7847.36087037002 1013.15519530326 3012.75407320061 7025.99239890831 8991.64057409974 13148.0667816637 2618.62380487501 6554.5598906742 9628.44452431088 5283.73483773368 0.0 4521.77252753434 4715.74177094278 6520.48463328079 4480.41889465239 6332.20399033836 10140.8965824004 6015.61024562341
3432.90195966844 3988.951159677 2586.39264987842 9226.17601745644 5258.69473006153 6712.06185576607 5300.49960051746 9808.03166884223 1259.97458434756 8054.95800836591 6568.82276128379 9411.34170170946 1145.36363497041 2762.31282864728 8821.59635994274 1078.24047038322 2416.91056649606 3797.5152212563 1864.74324965431 1972.46487044238 5902.35089945298 3273.19175580916 3846.31031188361 7611.10707884169 3285.82849615745 6872.94386162551 7894.67158936705 3461.31719283706 1072.42135585424 6058.2786300256 2919.04433661941 3678.59676762724 8167.75012898916 3610.31910694401 2872.69529880116 2825.24148272927 5318.12091511042 9729.59593340718 2170.50448984167 5102.13539302354 7238.32628059296 5628.26734116278 4521.77252753434 0.0 5526.79132592101 2253.02353999676 1446.12794864306 6924.18827609584 6769.85816580375 3432.90195966844
3785.1227714027 9506.09176715252 3235.84020813864 6823.73574124323 4989.23407689678 5243.09075392172 2902.72686321217 5140.01251916942 5601.9739561139 4035.29250430444 8541.61098792043 5193.18213971262 6207.99870952892 8286.02660230005 7580.67278124698 4449.79279610374 7411.53955211901 5544.38705684012 4537.28621366429 5183.64470112528 1663.76833184793 7109.2901285422 5776.99448927864 5236.98507246694 2244.30880997754 1622.9719176527 8764.05942911513 8783.11793201351 4611.64555043311 4315.78196401065 6874.99549538811 7420.16187100652 3161.34852233076 4932.40286168381 6482.50390396204 6213.42659642779 10825.9248504913 9973.1008746393 3910.4103628752 2847.62839024727 5878.01530970096 661.911473392724 4715.74177094278 5526.79132592101 0.0 6027.68964087348 6614.0246489269 1657.16626262938 7279.21932717768 3785.1227714027
2598.5640311066 4340.35033718673 4021.50979052344 7774.42621227176 7247.76836184273 5260.46304804543 6786.50863273522 9257.22033167032 1002.72736926396 7366.12016228973 4318.36696625858 8663.20642238501 1388.61445011738 3410.65508161769 7042.58819608928 2566.41659909435 1692.6657996301 5979.58319763598 1529.79099909827 850.01966941288 6936.23059440977 1196.73044775885 1839.92253209175 6334.63582525423 4089.13638050874 7598.03171750282 5712.91220656394 4826.29976262255 2012.65914355372 7817.1981152567 886.036921131272 1589.59318768741 7960.50960598443 5707.81018827191 5115.00128603255 575.975664295824 5463.46335129577 7582.30600669043 3929.50489584465 4463.47289112409 5662.87823608289 5874.10790068228 6520.48463328079 2253.02353999676 6027.68964087348 0.0 3423.70524399178 7030.17769130781 4713.21803730988 2598.5640311066
4877.0920438249 3282.52958754924 3428.78176138922 10671.948924071 5180.58176901337 8155.84062767927 5799.83487555643 11147.3466693737 2536.12533489134 9436.05656286827 7683.42902302408 10793.6927046695 2052.15821836246 2123.84996390274 10237.9621512535 2307.06550825696 2859.90447952995 3415.98389961008 3309.48529746145 3347.37517508732 6698.24913035416 4206.72630029578 5170.79379346226 9056.07871059431 4392.39952006173 7803.62939965143 9136.52172822056 2170.64096678955 2489.60680526037 6242.73770232199 3872.03549744477 4581.77963085668 9435.44071864074 3471.20663644302 1952.8780909807 3991.80940349512 4589.73417409137 11003.8430281033 2815.96342763745 6508.58063773238 8675.94599819964 6809.83433302758 4480.41889465239 1446.12794864306 6614.0246489269 3423.70524399178 0.0 8116.45875425754 8096.25202625487 4877.0920438249
