CustNum 40 StaNum 8
0.0 3910.15932890932 2527.6231202189 4152.1928083464 6745.43343481021 4283.65040275468 3314.12262086592 5535.99002513219 7190.80516037877 2977.22336361906 3408.19736785059 7643.37787663319 5986.5399557874 2167.21014974527 2406.67937560857 7629.6200303161 5672.90249240089 6862.12872125404 2865.25103200532 7994.63030176557 3594.54449066281 1462.90754141659 6154.92766853465 3477.90979876784 4250.36444878675 7388.70263202966 4930.07109904954 780.536351548103 5042.75252951281 4826.18709798854 4407.55391735549 3974.03686326636 5895.47039913907 5181.44042764917 6019.82655185602 3820.65254429178 3166.46446487273 3882.20399819909 3333.16201644405 3557.40864317134 6788.88437243743 3359.18068251518 3785.1227714027 4862.06436145712 3273.39474384322 3740.75056467876 3432.90195966844 3306.02108852068 2598.5640311066 0.0
3910.15932890932 0.0 6322.24896765698 8035.64522953239 9930.35725436779 8193.03755995963 5904.16776772212 9308.06434860304 10922.3053985823 3937.86148261596 7275.97898197192 5511.33124866619 9877.48608474214 1804.11218030096 6277.30140112088 11261.3669970158 2369.07794180672 4901.30386297081 5628.29995064187 10939.3234443186 7427.46924569289 5009.2386879766 4198.38146767626 5829.73343742972 7270.78265208952 3766.41475151504 8596.66795216694 3138.61081951847 1250.97891206789 3470.75264548237 7854.69497031102 4926.28972676415 9805.54260038354 5968.00461639397 9835.51490657912 6727.69821839923 1870.40487668968 726.082439905198 655.244239711305 4801.04055775995 10219.7051385903 7191.76986237256 5878.01530970096 2818.61135822005 1321.21017706676 6120.56927375024 7238.32628059296 3154.28193300115 5662.87823608289 3910.15932890932
2527.6231202189 6322.24896765698 0.0 1780.95692127956 4500.71819886148 2116.76717618405 4269.18252890203 3012.27791837216 4663.47952474446 5071.55052833401 1956.70068351591 8980.50503268801 3604.21670808598 4664.41220739078 1507.76137326464 5113.13427463806 8198.25322533565 9252.90921300709 2143.77586148279 7600.69072543532 1109.64920546691 1365.27857075741 7588.5519609619 4582.51667259064 4401.80792519415 9902.96190418719 3805.2813140278 3289.16691930629 7509.60163821687 6243.41174257704 3863.92588810644 4339.40485929206 3696.3985205598 5228.74743999586 3516.60204398783 4250.2033855004 5157.29363805531 6158.60439900445 5699.62824791538 3906.85843825102 5858.53936853193 876.728467146113 3258.00438605492 7345.91348315577 5441.8448325389 4729.65365064074 2283.37141299494 5654.49941792789 3387.24232792777 2527.6231202189
4152.1928083464 8035.64522953239 1780.95692127956 0.0 4095.99595858658 585.637228504625 4841.33488381511 1642.2591061435 3253.85923345237 6236.01077170495 1599.83584994119 10676.1603868437 1842.82856134586 6319.39764149174 2138.66345307253 3869.20205118221 9788.50936290147 10534.8899807747 3645.19982991352 6852.87049227153 736.294726866228 3144.54364104372 9315.621005917 5192.73290345491 4415.71769875722 11525.7994975227 2937.17009981615 4932.49077208092 9192.81971646532 7982.16774919647 3477.15152451636 5911.96572188255 1938.39740867541 6635.6372544871 1961.03829980949 4487.72631876184 6936.21318302601 7912.24327525205 7428.13846245831 5505.25874509393 4853.1713981546 930.391144150166 4622.82190614375 8783.09467485647 7208.84136585527 5244.16302032888 2008.06010365952 6977.03550071032 4065.90367935454 4152.1928083464
6745.43343481021 9930.35725436779 4500.71819886148 4095.99595858658 0.0 4617.85580417296 8675.89326296264 2840.25121595596 2769.44160188753 9542.32130126525 5637.36698849757 10392.9990503227 4092.13149225047 8610.61743094308 5813.90952860332 2357.70008675305 12129.7409209393 13607.5445029347 4302.05891403756 10801.7292955268 3936.45719329933 5286.52930906346 9397.92853061632 9009.02313127307 8473.4097772772 13692.4496457667 6966.10254535509 7388.18805986456 11181.2918803715 8326.91427314951 7573.11617305665 5766.95933002629 4869.47543027077 5684.95013263243 3167.73752661766 8478.77950366946 8272.06618085989 9523.82919987734 9275.69905202877 5592.53818328959 8698.61416663183 4067.8165539879 4315.78196401065 11574.4114475021 8740.2029872971 9118.912387342 6058.2786300256 10035.7968753921 7817.1981152567 6745.43343481021
4283.65040275468 8193.03755995963 2116.76717618405 585.637228504625 4617.85580417296 0.0 4546.01664100084 1994.5381475442 3487.33390957584 6110.08581434565 1275.38591769046 11090.0219539366 1776.52867543871 6438.19783357046 2050.75237031044 4167.2208308482 9839.38826674692 10419.7709612876 4120.03060220522 6275.73925534786 1228.62733567078 3441.24771127306 9704.75700256992 4900.1614977453 3982.55487982192 11593.0638608387 2369.45553649274 5060.30406028715 9316.55724682175 8360.17859374974 2979.21498278141 6379.00614990013 1621.99368930374 7150.70085101752 2164.11808922046 4108.64226414431 7205.26651403036 8119.27684477374 7604.73646461031 5961.56679114441 4267.76621035852 1365.75665288663 5137.52889981059 8751.23224338055 7442.08673842958 4922.58778916817 1635.85909616197 6906.61525609692 3828.12291169454 4283.65040275468
3314.12262086592 5904.16776772212 4269.18252890203 4841.33488381511 8675.89326296264 4546.01664100084 0.0 6480.40669815817 8033.13659270855 2233.24627967015 3274.70274282111 10700.2930152198 6208.27997007873 4268.09812783409 2862.02850504222 8697.12216113172 6570.0541927083 6231.17067878174 5794.75820442288 5042.02217957967 4765.25110486341 4214.85568320084 9208.79586367752 354.23416395667 1431.65244052703 8301.38798359954 3404.09507393305 3553.75173750522 6606.14224540477 7949.22452143425 2383.20749563667 7275.87206932515 5698.85789860398 8464.25152309675 6710.04950543634 880.787881835827 6041.77931621109 6239.69226174416 5583.63475790917 6849.35482898987 4488.70883756869 4612.95767219035 6874.99549538811 5069.4250108282 5920.06803021483 467.532542976752 2919.04433661941 3226.93720177814 886.036921131272 3314.12262086592
5535.99002513219 9308.06434860304 3012.27791837216 1642.2591061435 2840.25121595596 1994.5381475442 6480.40669815817 0.0 1664.67116335747 7838.8194519814 3218.89294408863 11264.8268086434 1342.63823903413 7675.86729180674 3758.13834026949 2229.17930482585 11208.7535547468 12119.9761436413 4231.81796720447 7980.25118843389 1959.91959035079 4299.974714249 10009.6154306419 6832.50192291597 5976.93149097986 12915.0334882797 4215.44529518246 6301.24148034958 10510.2679509895 8735.86702728877 4950.3626210928 6394.16747385357 2056.08386287159 6847.15757185091 612.382291779692 6093.8621230844 8004.10030881861 9094.8048008795 8674.42309861491 6050.50336391038 5864.27440095395 2189.38441070881 4932.40286168381 10303.4065909026 8349.30700515767 6877.54100286695 3610.31910694401 8539.60876616269 5707.81018827191 5535.99002513219
7190.80516037877 10922.3053985823 4663.47952474446 3253.85923345237 2769.44160188753 3487.33390957584 8033.13659270855 1664.67116335747 0.0 9485.20604613096 4759.53952649867 12507.0153876688 2025.23340777935 9319.19315495236 5391.43957749575 792.855239192686 12861.3417537061 13775.3914261787 5641.89467348399 8866.81789001369 3624.5076168197 5916.13931240276 11333.7335273981 8387.22106853479 7388.68079849901 14558.7279844701 5405.88791794386 7951.07943246536 12136.1210402258 10111.6669919265 6283.72868360577 7659.19093896678 2807.39415104636 7916.98802152631 1323.26015997181 7571.11442087982 9546.39207623597 10677.102374862 10282.0808319151 7363.86769582615 6717.66070713625 3853.27207333947 6153.92217670272 11968.0738034188 9919.14630905212 8407.95856812504 5120.56097159802 10200.1409594207 7297.76024490832 7190.80516037877
2977.22336361906 3937.86148261596 5071.55052833401 6236.01077170495 9542.32130126525 6110.08581434565 2233.24627967015 7838.8194519814 9485.20604613096 0.0 4879.10364754567 9172.57915728312 7876.60964198388 2630.34673479175 4098.37096583106 10054.0716816665 4338.12833512858 4309.68558554251 5842.44023497117 7108.2468879675 5919.53842844929 4379.06152120256 7722.69682940816 2042.75772601057 3663.42078298286 6068.94575127175 5516.72336275343 2679.19793067395 4460.14301403411 6605.08731029812 4555.72200415674 6645.78534070309 7508.38599184134 7882.93821978286 8195.49015502294 3114.0191603772 4582.77409830509 4413.51489309124 3770.15603217149 6284.57139331298 6721.45288459537 5712.08451295232 6724.58265668962 2856.91150494012 4300.9591659599 2305.04556515212 4636.58705454172 994.095221286329 2440.34598483385 2977.22336361906
3408.19736785059 7275.97898197192 1956.70068351591 1599.83584994119 5637.36698849757 1275.38591769046 3274.70274282111 3218.89294408863 4759.53952649867 4879.10364754567 0.0 10706.0077793599 3004.89311138202 5482.06656684942 1002.40153922463 5425.08134686005 8757.42022506308 9184.43402389595 4093.46353920639 5672.8069785024 1752.96154869162 2969.41084507295 9263.99126017128 3628.54205204647 2836.77720673274 10524.1037450561 1851.45228286132 4149.65122477638 8336.76046634841 7906.35577968355 2016.63596032414 6234.6387512507 2654.50122338337 7174.93721203154 3437.02584204114 2887.93449155324 6511.85506518524 7289.61937799902 6727.16695574464 5792.28726931468 3904.277532685 1704.86008800509 5214.42547578452 7584.2909101942 6671.64677348634 3660.90841252351 421.437964228536 5713.71691655003 2555.81452736005 3408.19736785059
7643.37787663319 5511.33124866619 8980.50503268801 10676.1603868437 10392.9990503227 11090.0219539366 10700.2930152198 11264.8268086434 12507.0153876688 9172.57915728312 10706.0077793599 0.0 12331.0901399941 6560.93328391805 9796.46199642143 12495.4947579543 7146.25037328111 10083.876738274 7080.64830755062 15615.6099529042 9940.63372423678 7744.96658329399 1494.62960919725 10742.1960967722 11847.6648719326 7402.29876673243 12451.1380979385 7181.48221301047 5890.87795132934 2823.61075685297 12040.0979055551 4871.74334078215 12611.4436152863 4710.16590764782 11876.725411888 11371.0211897298 4664.62162174771 4861.49469569605 5450.79164184707 5221.97753579671 14399.4846390249 9752.95171243592 6359.76282204006 8235.38244658149 4873.58891776698 11037.2202603905 10867.6119270306 8564.2271640416 10157.7913353379 7643.37787663319
5986.5399557874 9877.48608474214 3604.21670808598 1842.82856134586 4092.13149225047 1776.52867543871 6208.27997007873 1342.63823903413 2025.23340777935 7876.60964198388 3004.89311138202 12331.0901399941 0.0 8152.89991234764 3826.55786153965 2805.03135110594 11595.1622355521 12185.2243091703 5250.46500283629 6897.76644604096 2504.20282592957 4968.71909799833 11017.4648091023 6561.01088608652 5432.84912689534 13341.9103222715 3386.55467697893 6767.05145273011 11029.2095358864 9705.8111310603 4297.4830674435 7488.45954863004 813.005025910922 8049.96312320435 930.796209112825 5663.40674970645 8758.82828500237 9752.93598914519 9270.95192693353 7113.07213273488 4751.29401706748 2730.30682922928 6082.01470258009 10527.1621488112 9044.45152635037 6548.19394035662 3303.20965019619 8682.54901417578 5550.31172008915 5986.5399557874
2167.21014974527 1804.11218030096 4664.41220739078 6319.39764149174 8610.61743094308 6438.19783357046 4268.09812783409 7675.86729180674 9319.19315495236 2630.34673479175 5482.06656684942 6560.93328391805 8152.89991234764 0.0 4487.12784788992 9718.46515403336 3560.36365318021 5242.27175561997 4384.70190125519 9302.62411159232 5750.81029419111 3432.30144830142 5098.98178865955 4251.09399164814 5572.98168670688 5239.7672297858 6798.46221655369 1387.03111518513 2878.65349306265 3980.26230975951 6081.90706856544 4409.29334766944 8040.13023481993 5613.56940572518 8175.10274483424 5044.01945787827 1954.77868427067 1985.50632375203 1339.82880560882 4134.58306571302 8461.89582608825 5514.72519004434 4929.90672549051 3071.63682786769 1691.47799970181 4547.77271116237 5435.63911842668 2224.48778848024 3920.81221754735 2167.21014974527
2406.67937560857 6277.30140112088 1507.76137326464 2138.66345307253 5813.90952860332 2050.75237031044 2862.02850504222 3758.13834026949 5391.43957749575 4098.37096583106 1002.40153922463 9796.46199642143 3826.55786153965 4487.12784788992 0.0 5985.07433155663 7809.54523299665 8401.50015758745 3469.13944872423 6225.44359694241 1918.49677501326 2129.59037969881 8339.02208073169 3197.17917727451 2895.2775689358 9570.53919777939 2658.21781200201 3147.82793711833 7349.86214630227 6982.77605175842 2456.59591708834 5471.07115119426 3587.1463903063 6493.89337861694 4097.13816771204 2751.98155720102 5526.22469011943 6287.44217339767 5725.25726582827 5023.11936045675 4659.35242084408 1753.65748845112 4611.64555043311 6700.62760736443 5673.88685117901 3306.69874051856 1072.42135585424 4862.59911410559 2012.65914355372 2406.67937560857
7629.6200303161 11261.3669970158 5113.13427463806 3869.20205118221 2357.70008675305 4167.2208308482 8697.12216113172 2229.17930482585 792.855239192686 10054.0716816665 5425.08134686005 12495.4947579543 2805.03135110594 9718.46515403336 5985.07433155663 0.0 13275.9567373425 14319.5348453813 5821.46920461605 9659.65754934698 4141.12202729953 6288.86979402914 11386.3560288234 9050.22506865499 8113.51476579576 14946.2914810593 6172.77451973242 8371.97454474259 12491.3773613681 10210.9982611414 7027.14461853219 7702.50915779616 3595.71220580154 7835.82036485723 2030.61672937086 8272.69344469244 9799.01643096291 10971.3914670092 10613.2622521447 7444.14551667052 7510.4669412726 4358.2918833215 6194.52099921932 12457.0466863984 10201.2603410275 9085.30342917808 5802.21894856546 10728.792455922 7934.88115990456 7629.6200303161
5672.90249240089 2369.07794180672 8198.25322533565 9788.50936290147 12129.7409209393 9839.38826674692 6570.0541927083 11208.7535547468 12861.3417537061 4338.12833512858 8757.42022506308 7146.25037328111 11595.1622355521 3560.36365318021 7809.54523299665 13275.9567373425 0.0 2954.15493692572 7849.45411541817 11339.3780546843 9264.67116344703 6992.46819450279 6083.2187201823 6374.27073327976 8001.16813887479 1771.64014981689 9746.57735534581 4910.6799501265 1323.2041330366 5661.29837885274 8844.84124605222 7295.28523279645 11395.4754991475 8326.25767569731 11688.2993790589 7450.67001159188 4239.40271295156 3019.95375652789 2969.60442541643 7162.38739505879 11058.7577583785 9030.00518070736 8203.1730773488 1677.72942068292 3690.28275146739 6623.52122913981 8621.81358195667 3344.07477999566 6645.55768115297 5672.90249240089
6862.12872125404 4901.30386297081 9252.90921300709 10534.8899807747 13607.5445029347 10419.7709612876 6231.17067878174 12119.9761436413 13775.3914261787 4309.68558554251 9184.43402389595 10083.876738274 12185.2243091703 5242.27175561997 8401.50015758745 14319.5348453813 2954.15493692572 0.0 9547.90279352582 10161.8022692521 10178.6016915737 8322.69870457413 8956.62529724855 5922.69848277097 7522.88747918634 3596.96186179635 9635.13289593088 6252.73858535531 4198.43246805213 8369.00783718636 8603.97365970487 9568.30376110096 11797.6965604497 10716.6118795206 12495.8742543456 7037.49693866257 6642.73778075655 5625.71473966999 5326.67964723509 9339.09432392392 10444.2070863648 9961.84260075733 10170.0272058628 2194.00375471701 6116.25528831254 6071.75834918862 8926.17330887628 3598.43944243014 6687.43934641253 6862.12872125404
2865.25103200532 5628.29995064187 2143.77586148279 3645.19982991352 4302.05891403756 4120.03060220522 5794.75820442288 4231.81796720447 5641.89467348399 5842.44023497117 4093.46353920639 7080.64830755062 5250.46500283629 4384.70190125519 3469.13944872423 5821.46920461605 7849.45411541817 9547.90279352582 0.0 9685.77650232089 2912.65789812264 1582.69683639588 5784.38310160682 6044.8726178803 6278.26340750588 9391.20587118766 5944.74280962835 3316.76395473712 6879.24248858086 4504.30186791268 5920.63254731457 2266.94300668437 5559.32711047872 3085.0071845211 4837.39264579182 6014.35363554862 4010.08894719472 5236.44904163594 4973.69035991628 1868.35379328439 7997.74106903921 2754.33343381959 1142.56452820883 7427.76633983604 4453.84216372479 6259.14145456146 4394.49929524209 6099.08541955415 4933.48773729869 2865.25103200532
7994.63030176557 10939.3234443186 7600.69072543532 6852.87049227153 10801.7292955268 6275.73925534786 5042.02217957967 7980.25118843389 8866.81789001369 7108.2468879675 5672.8069785024 15615.6099529042 6897.76644604096 9302.62411159232 6225.44359694241 9659.65754934698 11339.3780546843 10161.8022692521 9685.77650232089 0.0 7320.00436076009 8315.84222035513 14121.5763689986 5113.90674121243 3770.83701223186 12970.4978191494 3924.63971123484 8440.19064070176 11567.9183584104 12812.184443492 3768.89212875984 11661.1791859752 6086.33093791221 12716.920779843 7796.4888878066 4270.36703435986 11003.0677168129 11279.9993894944 10624.5801359968 11212.9118739555 2149.53371428778 7331.84567893312 10825.9248504913 9706.04160217793 10930.292991498 4827.86001388626 5318.12091511042 8065.80470288963 5463.46335129577 7994.63030176557
3594.54449066281 7427.46924569289 1109.64920546691 736.294726866228 3936.45719329933 1228.62733567078 4765.25110486341 1959.91959035079 3624.5076168197 5919.53842844929 1752.96154869162 9940.63372423678 2504.20282592957 5750.81029419111 1918.49677501326 4141.12202729953 9264.67116344703 10178.6016915737 2912.65789812264 7320.00436076009 0.0 2468.10036405322 8583.82352254834 5106.27990796083 4560.81584667177 10982.8578690124 3400.91000741414 4367.7323013308 8607.79213630075 7253.3279139382 3761.99666627383 5178.64604462917 2671.71243988993 5923.92832111004 2425.38682286971 4543.18736467822 6255.25662261225 7268.12506128385 6807.44172039889 4770.06872540925 5397.9704491526 236.239502900737 3910.4103628752 8343.79444365647 6549.15456908326 5198.43339482444 2170.50448984167 6590.13378412948 3929.50489584465 3594.54449066281
1462.90754141659 5009.2386879766 1365.27857075741 3144.54364104372 5286.52930906346 3441.24771127306 4214.85568320084 4299.974714249 5916.13931240276 4379.06152120256 2969.41084507295 7744.96658329399 4968.71909799833 3432.30144830142 2129.59037969881 6288.86979402914 6992.46819450279 8322.69870457413 1582.69683639588 8315.84222035513 2468.10036405322 0.0 6317.84520722393 4462.24943832919 4774.1666628831 8658.19100289837 4768.1187643047 2120.08151126945 6220.09679431314 4962.45081138827 4556.79365170441 3349.20842478607 5045.15367065511 4417.16002311583 4837.57297894476 4472.29842250594 3792.12113887417 4808.75909981305 4374.45946038087 2900.68277973093 6786.9831974966 2238.81408157539 2668.82026761632 6298.16043436756 4082.12277301147 4678.28405630359 3171.66268889123 4767.48630456441 3360.12235376141 1462.90754141659
6154.92766853465 4198.38146767626 7588.5519609619 9315.621005917 9397.92853061632 9704.75700256992 9208.79586367752 10009.6154306419 11333.7335273981 7722.69682940816 9263.99126017128 1494.62960919725 11017.4648091023 5098.98178865955 8339.02208073169 11386.3560288234 6083.2187201823 8956.62529724855 5784.38310160682 14121.5763689986 8583.82352254834 6317.84520722393 0.0 9255.04612145401 10353.2542168251 6637.77209269836 10988.1720722695 5686.86318664809 4774.56605721987 1357.64038232384 10556.4999703762 3684.1376417934 11254.0182647628 3834.78735365913 10618.0351996183 9876.45091669516 3180.63726969628 3507.15990573228 4053.03144949542 3972.70411815235 12922.374836242 8386.89405113908 5193.18213971262 6992.55845057796 3423.8930814924 9549.56810952572 9411.34170170946 7157.25308087871 8663.20642238501 6154.92766853465
3477.90979876784 5829.73343742972 4582.51667259064 5192.73290345491 9009.02313127307 4900.1614977453 354.23416395667 6832.50192291597 8387.22106853479 2042.75772601057 3628.54205204647 10742.1960967722 6561.01088608652 4251.09399164814 3197.17917727451 9050.22506865499 6374.27073327976 5922.69848277097 6044.8726178803 5113.90674121243 5106.27990796083 4462.24943832919 9255.04612145401 0.0 1652.03865819788 8089.29638400161 3717.15276993654 3646.44826102417 6474.05407888867 8017.14615105695 2681.30312062 7451.40882131614 6046.35253816203 8652.09092538655 7064.16292053003 1126.29472524882 6077.70543716127 6201.95879882045 5544.75928154464 7031.2198760566 4700.67510449358 4950.22290134183 7109.2901285422 4838.10623421279 5924.57002844194 296.80579901587 3273.19175580916 3033.1217366162 1196.73044775885 3477.90979876784
4250.36444878675 7270.78265208952 4401.80792519415 4415.71769875722 8473.4097772772 3982.55487982192 1431.65244052703 5976.93149097986 7388.68079849901 3663.42078298286 2836.77720673274 11847.6648719326 5432.84912689534 5572.98168670688 2895.2775689358 8113.51476579576 8001.16813887479 7522.88747918634 6278.26340750588 3770.83701223186 4560.81584667177 4774.1666628831 10353.2542168251 1652.03865819788 0.0 9729.020777988 2236.35129279514 4669.59486422115 8020.64639743688 9050.30986161663 1183.32301801817 8055.53082898969 4801.98770996866 9179.80984107319 6083.81865533509 553.870034736114 7233.25752088654 7558.11758390183 6907.66440891915 7612.18157155708 3058.14979515189 4470.896035807 7411.53955211901 6486.73796987351 7172.99000623627 1456.63732381653 2416.91056649606 4657.46386730247 1692.6657996301 4250.36444878675
7388.70263202966 3766.41475151504 9902.96190418719 11525.7994975227 13692.4496457667 11593.0638608387 8301.38798359954 12915.0334882797 14558.7279844701 6068.94575127175 10524.1037450561 7402.29876673243 13341.9103222715 5239.7672297858 9570.53919777939 14946.2914810593 1771.64014981689 3596.96186179635 9391.20587118766 12970.4978191494 10982.8578690124 8658.19100289837 6637.77209269836 8089.29638400161 9729.020777988 0.0 11512.4715376481 6615.93018715366 2517.53340275011 6561.72810614465 10600.4663433969 8557.44490116912 13157.579344805 9470.25268610967 13408.2446900861 9181.82146756247 5547.4060127924 4261.11047335917 4419.02657986161 8491.82786562538 12786.6142218255 10747.229773689 9622.46250644161 3272.5327010253 5023.45031161977 8327.8076898651 10392.4956515515 5077.41252751968 8409.20302055819 7388.70263202966
4930.07109904954 8596.66795216694 3805.2813140278 2937.17009981615 6966.10254535509 2369.45553649274 3404.09507393305 4215.44529518246 5405.88791794386 5516.72336275343 1851.45228286132 12451.1380979385 3386.55467697893 6798.46221655369 2658.21781200201 6172.77451973242 9746.57735534581 9635.13289593088 5944.74280962835 3924.63971123484 3400.91000741414 4768.1187643047 10988.1720722695 3717.15276993654 2236.35129279514 11512.4715376481 0.0 5587.85062037716 9537.00295523748 9633.74145130127 1059.01124834843 8073.84175168819 2666.24559987464 9026.30424837484 4168.04710865149 2629.60473711724 8096.19074973616 8722.79978427776 8114.25528083802 7629.32556353812 2053.30617312049 3426.91425653902 7063.04992989685 8368.39387961105 8181.70290740669 3600.66506240818 1596.52723681652 6475.34127359852 3104.93639010514 4930.07109904954
780.536351548103 3138.61081951847 3289.16691930629 4932.49077208092 7388.18805986456 5060.30406028715 3553.75173750522 6301.24148034958 7951.07943246536 2679.19793067395 4149.65122477638 7181.48221301047 6767.05145273011 1387.03111518513 3147.82793711833 8371.97454474259 4910.6799501265 6252.73858535531 3316.76395473712 8440.19064070176 4367.7323013308 2120.08151126945 5686.86318664809 3646.44826102417 4669.59486422115 6615.93018715366 5587.85062037716 0.0 4262.33840072301 4402.21856074693 4979.0953094459 3984.34850657224 6668.81140533858 5220.08442439775 6792.94509071017 4189.77831603516 2576.37788881674 3151.61912419246 2577.51826030564 3610.73445337652 7373.94087786861 4131.88829296169 4086.8163288193 4186.24218092937 2597.63883070014 3931.92347221897 4142.46914148338 2788.83439341157 2977.65752167383 780.536351548103
5042.75252951281 1250.97891206789 7509.60163821687 9192.81971646532 11181.2918803715 9316.55724682175 6606.14224540477 10510.2679509895 12136.1210402258 4460.14301403411 8336.76046634841 5890.87795132934 11029.2095358864 2878.65349306265 7349.86214630227 12491.3773613681 1323.2041330366 4198.43246805213 6879.24248858086 11567.9183584104 8607.79213630075 6220.09679431314 4774.56605721987 6474.05407888867 8020.64639743688 2517.53340275011 9537.00295523748 4262.33840072301 0.0 4344.91615222674 8723.46016300861 6096.48982866125 10915.8578158541 7077.27203881502 11026.1940868498 7467.8054544889 3053.53523781746 1779.878339222 1905.68982011618 6002.91430608573 11039.7795059255 8371.57891128595 7111.23537977481 2449.84068475201 2518.25727734664 6750.51208232662 8261.89881620507 3526.00015816389 6503.6672946798 5042.75252951281
4826.18709798854 3470.75264548237 6243.41174257704 7982.16774919647 8326.91427314951 8360.17859374974 7949.22452143425 8735.86702728877 10111.6669919265 6605.08731029812 7906.35577968355 2823.61075685297 9705.8111310603 3980.26230975951 6982.77605175842 10210.9982611414 5661.29837885274 8369.00783718636 4504.30186791268 12812.184443492 7253.3279139382 4962.45081138827 1357.64038232384 8017.14615105695 9050.30986161663 6561.72810614465 9633.74145130127 4402.21856074693 4344.91615222674 0.0 9217.32990717941 2560.82143576868 9919.86242969792 3062.61266054588 9340.23733255457 8585.92257049193 2026.15878844496 2744.81790013509 3146.43108780498 2768.13437262543 11576.0477647287 7052.16526392538 4035.29250430444 6275.99866534091 2404.47230132356 8308.75459471339 8054.95800836591 6143.26707435126 7366.12016228973 4826.18709798854
4407.55391735549 7854.69497031102 3863.92588810644 3477.15152451636 7573.11617305665 2979.21498278141 2383.20749563667 4950.3626210928 6283.72868360577 4555.72200415674 2016.63596032414 12040.0979055551 4297.4830674435 6081.90706856544 2456.59591708834 7027.14461853219 8844.84124605222 8603.97365970487 5920.63254731457 3768.89212875984 3761.99666627383 4556.79365170441 10556.4999703762 2681.30312062 1183.32301801817 10600.4663433969 1059.01124834843 4979.0953094459 8723.46016300861 9217.32990717941 0.0 7905.84578387956 3636.89863641792 8948.78962693625 4998.3841979076 1576.79822367432 7544.51450618691 8047.9699655375 7417.66573385839 7457.3089858719 2395.17069664943 3721.47622903192 7062.15813136477 7412.45766694638 7568.35120753536 2549.5682660299 1615.64518596532 5533.1867610016 2221.03371322572 4407.55391735549
3974.03686326636 4926.28972676415 4339.40485929206 5911.96572188255 5766.95933002629 6379.00614990013 7275.87206932515 6394.16747385357 7659.19093896678 6645.78534070309 6234.6387512507 4871.74334078215 7488.45954863004 4409.29334766944 5471.07115119426 7702.50915779616 7295.28523279645 9568.30376110096 2266.94300668437 11661.1791859752 5178.64604462917 3349.20842478607 3684.1376417934 7451.40882131614 8055.53082898969 8557.44490116912 8073.84175168819 3984.34850657224 6096.48982866125 2560.82143576868 7905.84578387956 0.0 7824.09153964714 1237.16506061516 7006.31953211242 7695.49302513584 3056.65016350256 4316.78708633043 4346.81520341942 448.536926108676 10112.7871503565 5014.98310147705 1509.30950750352 7374.41329269037 3605.11880392482 7711.04717783438 6486.17445072845 6559.10401495156 6504.40933602471 3974.03686326636
5895.47039913907 9805.54260038354 3696.3985205598 1938.39740867541 4869.47543027077 1621.99368930374 5698.85789860398 2056.08386287159 2807.39415104636 7508.38599184134 2654.50122338337 12611.4436152863 813.005025910922 8040.13023481993 3587.1463903063 3595.71220580154 11395.4754991475 11797.6965604497 5559.32711047872 6086.33093791221 2671.71243988993 5045.15367065511 11254.0182647628 6046.35253816203 4801.98770996866 13157.579344805 2666.24559987464 6668.81140533858 10915.8578158541 9919.86242969792 3636.89863641792 7824.09153964714 0.0 8482.47837613888 1733.12543169898 5083.36499553004 8822.05838141623 9740.66871364823 9222.25062108767 7426.07197505882 3939.00973997013 2867.76063613374 6482.50390396204 10238.3912964054 9063.78973250153 6004.51519265024 2872.69529880116 8363.90117116267 5115.00128603255 5895.47039913907
5181.44042764917 5968.00461639397 5228.74743999586 6635.6372544871 5684.95013263243 7150.70085101752 8464.25152309675 6847.15757185091 7916.98802152631 7882.93821978286 7174.93721203154 4710.16590764782 8049.96312320435 5613.56940572518 6493.89337861694 7835.82036485723 8326.25767569731 10716.6118795206 3085.0071845211 12716.920779843 5923.92832111004 4417.16002311583 3834.78735365913 8652.09092538655 9179.80984107319 9470.25268610967 9026.30424837484 5220.08442439775 7077.27203881502 3062.61266054588 8948.78962693625 1237.16506061516 8482.47837613888 0.0 7453.59762461822 8844.71778753484 4111.35803962315 5309.99205434356 5430.54325121012 1625.35213817338 11078.2731253992 5793.14201376878 2013.59113084894 8526.6869967261 4658.29579569462 8906.09330392342 7463.49690314777 7783.78601767805 7671.71553448164 5181.44042764917
6019.82655185602 9835.51490657912 3516.60204398783 1961.03829980949 3167.73752661766 2164.11808922046 6710.04950543634 612.382291779692 1323.26015997181 8195.49015502294 3437.02584204114 11876.725411888 930.796209112825 8175.10274483424 4097.13816771204 2030.61672937086 11688.2993790589 12495.8742543456 4837.39264579182 7796.4888878066 2425.38682286971 4837.57297894476 10618.0351996183 7064.16292053003 6083.81865533509 13408.2446900861 4168.04710865149 6792.94509071017 11026.1940868498 9340.23733255457 4998.3841979076 7006.31953211242 1733.12543169898 7453.59762461822 0.0 6253.16279621496 8572.80179489089 9643.72693636771 9207.74290805771 6661.32009960654 5655.81604413126 2661.08044652265 5544.38705684012 10730.732904275 8905.63624676819 7084.98855714019 3797.5152212563 8935.77673033351 5979.58319763598 6019.82655185602
3820.65254429178 6727.69821839923 4250.2033855004 4487.72631876184 8478.77950366946 4108.64226414431 880.787881835827 6093.8621230844 7571.11442087982 3114.0191603772 2887.93449155324 11371.0211897298 5663.40674970645 5044.01945787827 2751.98155720102 8272.69344469244 7450.67001159188 7037.49693866257 6014.35363554862 4270.36703435986 4543.18736467822 4472.29842250594 9876.45091669516 1126.29472524882 553.870034736114 9181.82146756247 2629.60473711724 4189.77831603516 7467.8054544889 8585.92257049193 1576.79822367432 7695.49302513584 5083.36499553004 8844.71778753484 6253.16279621496 0.0 6738.48041740843 7027.48913335227 6375.09902437147 7256.57865014619 3608.12001703746 4427.15150128025 7134.16481420622 5945.75431153398 6660.20886044291 972.832732884306 2484.66345264345 4107.72042786397 1224.53450885398 3820.65254429178
3166.46446487273 1870.40487668968 5157.29363805531 6936.21318302601 8272.06618085989 7205.26651403036 6041.77931621109 8004.10030881861 9546.39207623597 4582.77409830509 6511.85506518524 4664.62162174771 8758.82828500237 1954.77868427067 5526.22469011943 9799.01643096291 4239.40271295156 6642.73778075655 4010.08894719472 11003.0677168129 6255.25662261225 3792.12113887417 3180.63726969628 6077.70543716127 7233.25752088654 5547.4060127924 8096.19074973616 2576.37788881674 3053.53523781746 2026.15878844496 7544.51450618691 3056.65016350256 8822.05838141623 4111.35803962315 8572.80179489089 6738.48041740843 0.0 1286.83726444658 1322.60983041384 2949.47401645122 9936.54445264025 6028.62447499214 4085.9031936982 4472.2518913166 549.765913850506 6372.8986832625 6579.89953680629 4128.52485706316 5541.05897544532 3166.46446487273
3882.20399819909 726.082439905198 6158.60439900445 7912.24327525205 9523.82919987734 8119.27684477374 6239.69226174416 9094.8048008795 10677.102374862 4413.51489309124 7289.61937799902 4861.49469569605 9752.93598914519 1985.50632375203 6287.44217339767 10971.3914670092 3019.95375652789 5625.71473966999 5236.44904163594 11279.9993894944 7268.12506128385 4808.75909981305 3507.15990573228 6201.95879882045 7558.11758390183 4261.11047335917 8722.79978427776 3151.61912419246 1779.878339222 2744.81790013509 8047.9699655375 4316.78708633043 9740.66871364823 5309.99205434356 9643.72693636771 7027.48913335227 1286.83726444658 0.0 657.199782255349 4232.02130257592 10435.1020402429 7035.12144512967 5370.30205058076 3540.99794057658 783.63044118349 6497.28644614813 7293.95073607269 3718.45772654136 5904.2329096226 3882.20399819909
3333.16201644405 655.244239711305 5699.62824791538 7428.13846245831 9275.69905202877 7604.73646461031 5583.63475790917 8674.42309861491 10282.0808319151 3770.15603217149 6727.16695574464 5450.79164184707 9270.95192693353 1339.82880560882 5725.25726582827 10613.2622521447 2969.60442541643 5326.67964723509 4973.69035991628 10624.5801359968 6807.44172039889 4374.45946038087 4053.03144949542 5544.75928154464 6907.66440891915 4419.02657986161 8114.25528083802 2577.51826030564 1905.68982011618 3146.43108780498 7417.66573385839 4346.81520341942 9222.25062108767 5430.54325121012 9207.74290805771 6375.09902437147 1322.60983041384 657.199782255349 0.0 4195.50063333718 9800.35961071852 6572.33732685742 5243.09075392172 3170.08449355587 789.729534271874 5840.09776144231 6712.06185576607 3113.53133526496 5260.46304804543 3333.16201644405
3557.40864317134 4801.04055775995 3906.85843825102 5505.25874509393 5592.53818328959 5961.56679114441 6849.35482898987 6050.50336391038 7363.86769582615 6284.57139331298 5792.28726931468 5221.97753579671 7113.07213273488 4134.58306571302 5023.11936045675 7444.14551667052 7162.38739505879 9339.09432392392 1868.35379328439 11212.9118739555 4770.06872540925 2900.68277973093 3972.70411815235 7031.2198760566 7612.18157155708 8491.82786562538 7629.32556353812 3610.73445337652 6002.91430608573 2768.13437262543 7457.3089858719 448.536926108676 7426.07197505882 1625.35213817338 6661.32009960654 7256.57865014619 2949.47401645122 4232.02130257592 4195.50063333718 0.0 9666.75692016703 4600.30748735915 1277.77779905748 7146.54641931981 3488.07189705765 7287.82057453705 6040.39381346406 6243.08585143777 6069.84824971871 3557.40864317134
6788.88437243743 10219.7051385903 5858.53936853193 4853.1713981546 8698.61416663183 4267.76621035852 4488.70883756869 5864.27440095395 6717.66070713625 6721.45288459537 3904.277532685 14399.4846390249 4751.29401706748 8461.89582608825 4659.35242084408 7510.4669412726 11058.7577583785 10444.2070863648 7997.74106903921 2149.53371428778 5397.9704491526 6786.9831974966 12922.374836242 4700.67510449358 3058.14979515189 12786.6142218255 2053.30617312049 7373.94087786861 11039.7795059255 11576.0477647287 2395.17069664943 10112.7871503565 3939.00973997013 11078.2731253992 5655.81604413126 3608.12001703746 9936.54445264025 10435.1020402429 9800.35961071852 9666.75692016703 0.0 5446.90600832969 9116.15107602852 9538.60594706294 9963.34568924496 4476.91912500677 3626.73109876513 7715.42363240997 4557.67408979568 6788.88437243743
3359.18068251518 7191.76986237256 876.728467146113 930.391144150166 4067.8165539879 1365.75665288663 4612.95767219035 2189.38441070881 3853.27207333947 5712.08451295232 1704.86008800509 9752.95171243592 2730.30682922928 5514.72519004434 1753.65748845112 4358.2918833215 9030.00518070736 9961.84260075733 2754.33343381959 7331.84567893312 236.239502900737 2238.81408157539 8386.89405113908 4950.22290134183 4470.896035807 10747.229773689 3426.91425653902 4131.88829296169 8371.57891128595 7052.16526392538 3721.47622903192 5014.98310147705 2867.76063613374 5793.14201376878 2661.08044652265 4427.15150128025 6028.62447499214 7035.12144512967 6572.33732685742 4600.30748735915 5446.90600832969 0.0 3782.08222553466 8116.59828528269 6318.20465041457 5052.40950095564 2112.58618014511 6370.597644657 3765.76508664128 3359.18068251518
3785.1227714027 5878.01530970096 3258.00438605492 4622.82190614375 4315.78196401065 5137.52889981059 6874.99549538811 4932.40286168381 6153.92217670272 6724.58265668962 5214.42547578452 6359.76282204006 6082.01470258009 4929.90672549051 4611.64555043311 6194.52099921932 8203.1730773488 10170.0272058628 1142.56452820883 10825.9248504913 3910.4103628752 2668.82026761632 5193.18213971262 7109.2901285422 7411.53955211901 9622.46250644161 7063.04992989685 4086.8163288193 7111.23537977481 4035.29250430444 7062.15813136477 1509.30950750352 6482.50390396204 2013.59113084894 5544.38705684012 7134.16481420622 4085.9031936982 5370.30205058076 5243.09075392172 1277.77779905748 9116.15107602852 3782.08222553466 0.0 8000.14420499258 4599.45586566458 7335.47570448468 5526.79132592101 6860.09337674143 6027.68964087348 3785.1227714027
4862.06436145712 2818.61135822005 7345.91348315577 8783.09467485647 11574.4114475021 8751.23224338055 5069.4250108282 10303.4065909026 11968.0738034188 2856.91150494012 7584.2909101942 8235.38244658149 10527.1621488112 3071.63682786769 6700.62760736443 12457.0466863984 1677.72942068292 2194.00375471701 7427.76633983604 9706.04160217793 8343.79444365647 6298.16043436756 6992.55845057796 4838.10623421279 6486.73796987351 3272.5327010253 8368.39387961105 4186.24218092937 2449.84068475201 6275.99866534091 7412.45766694638 7374.41329269037 10238.3912964054 8526.6869967261 10730.732904275 5945.75431153398 4472.2518913166 3540.99794057658 3170.08449355587 7146.54641931981 9538.60594706294 8116.59828528269 8000.14420499258 0.0 3957.93741523814 5067.25980759209 7392.34648961409 1897.98863347492 5273.717759569 4862.06436145712
3273.39474384322 1321.21017706676 5441.8448325389 7208.84136585527 8740.2029872971 7442.08673842958 5920.06803021483 8349.30700515767 9919.14630905212 4300.9591659599 6671.64677348634 4873.58891776698 9044.45152635037 1691.47799970181 5673.88685117901 10201.2603410275 3690.28275146739 6116.25528831254 4453.84216372479 10930.292991498 6549.15456908326 4082.12277301147 3423.8930814924 5924.57002844194 7172.99000623627 5023.45031161977 8181.70290740669 2597.63883070014 2518.25727734664 2404.47230132356 7568.35120753536 3605.11880392482 9063.78973250153 4658.29579569462 8905.63624676819 6660.20886044291 549.765913850506 783.63044118349 789.729534271874 3488.07189705765 9963.34568924496 6318.20465041457 4599.45586566458 3957.93741523814 0.0 6221.32599048347 6706.13446035381 3756.1885720522 5490.61081417047 3273.39474384322
3740.75056467876 6120.56927375024 4729.65365064074 5244.16302032888 9118.912387342 4922.58778916817 467.532542976752 6877.54100286695 8407.95856812504 2305.04556515212 3660.90841252351 11037.2202603905 6548.19394035662 4547.77271116237 3306.69874051856 9085.30342917808 6623.52122913981 6071.75834918862 6259.14145456146 4827.86001388626 5198.43339482444 4678.28405630359 9549.56810952572 296.80579901587 1456.63732381653 8327.8076898651 3600.66506240818 3931.92347221897 6750.51208232662 8308.75459471339 2549.5682660299 7711.04717783438 6004.51519265024 8906.09330392342 7084.98855714019 972.832732884306 6372.8986832625 6497.28644614813 5840.09776144231 7287.82057453705 4476.91912500677 5052.40950095564 7335.47570448468 5067.25980759209 6221.32599048347 0.0 3287.48825134536 3289.15011551952 1352.11208219105 3740.75056467876
3432.90195966844 7238.32628059296 2283.37141299494 2008.06010365952 6058.2786300256 1635.85909616197 2919.04433661941 3610.31910694401 5120.56097159802 4636.58705454172 421.437964228536 10867.6119270306 3303.20965019619 5435.63911842668 1072.42135585424 5802.21894856546 8621.81358195667 8926.17330887628 4394.49929524209 5318.12091511042 2170.50448984167 3171.66268889123 9411.34170170946 3273.19175580916 2416.91056649606 10392.4956515515 1596.52723681652 4142.46914148338 8261.89881620507 8054.95800836591 1615.64518596532 6486.17445072845 2872.69529880116 7463.49690314777 3797.5152212563 2484.66345264345 6579.89953680629 7293.95073607269 6712.06185576607 6040.39381346406 3626.73109876513 2112.58618014511 5526.79132592101 7392.34648961409 6706.13446035381 3287.48825134536 0.0 5506.43977225406 2253.02353999676 3432.90195966844
3306.02108852068 3154.28193300115 5654.49941792789 6977.03550071032 10035.7968753921 6906.61525609692 3226.93720177814 8539.60876616269 10200.1409594207 994.095221286329 5713.71691655003 8564.2271640416 8682.54901417578 2224.48778848024 4862.59911410559 10728.792455922 3344.07477999566 3598.43944243014 6099.08541955415 8065.80470288963 6590.13378412948 4767.48630456441 7157.25308087871 3033.1217366162 4657.46386730247 5077.41252751968 6475.34127359852 2788.83439341157 3526.00015816389 6143.26707435126 5533.1867610016 6559.10401495156 8363.90117116267 7783.78601767805 8935.77673033351 4107.72042786397 4128.52485706316 3718.45772654136 3113.53133526496 6243.08585143777 7715.42363240997 6370.597644657 6860.09337674143 1897.98863347492 3756.1885720522 3289.15011551952 5506.43977225406 0.0 3376.69085460182 3306.02108852068
