CustNum 40 StaNum 8
0.0 3314.12262086592 4764.47790148843 8592.69171476735 2438.5660304295 4216.07107929645 4935.48637223904 4134.76979000783 6463.81912008388 2121.56844490852 3557.40864317134 2977.22336361906 4281.83180774668 7643.37787663319 1906.92030942523 3166.46446487273 1998.36277420735 1462.90754141659 5986.5399557874 6473.71687149904 6858.47520352823 6254.81747343177 6788.88437243743 3520.19752647815 4964.38875132005 6284.90704145618 3935.23467736254 1037.76983189623 3594.54449066281 9008.58397090136 5549.31717134603 6439.14495817001 5196.39740276289 3421.94852966743 4703.23482532401 780.536351548103 7207.71595003041 4411.26533248329 6186.75257218634 4407.55391735549 3028.43340525789 4228.33242553 4569.58483756973 5300.6374763188 3740.75056467876 1698.63395745331 4862.06436145712 2170.53182154152 4516.85083721234 0.0
3314.12262086592 0.0 7896.92120746972 11822.1944821532 1682.82227586256 5713.45984689981 7627.08758498161 7184.63237004495 9766.75273717394 1269.69445133361 6849.35482898987 2233.24627967015 968.39497898067 10700.2930152198 1726.71848189869 6041.77931621109 2020.11301018179 4214.85568320084 6208.27997007873 3337.98238005315 10163.8921449609 9564.52515292647 4488.70883756869 965.437099731876 6927.30372178411 3025.45644793158 2391.48427723799 4088.38658299012 4765.25110486341 12264.5575887343 5402.52944876678 8028.29064806607 5287.03840493124 6724.17904689467 7497.36155661661 3553.75173750522 10469.1762091442 4002.09836350912 4369.05632424537 2383.20749563667 6031.78807437354 4193.58278099528 5960.63091973508 2767.93785969634 467.532542976752 3481.03974615644 5069.4250108282 3109.84689927504 7811.27237763972 3314.12262086592
4764.47790148843 7896.92120746972 0.0 5816.02323258531 6503.27045217604 4329.33754104853 5600.02899355431 784.844061237502 2496.26480725682 6833.62304926806 1642.12278324829 7666.87549980255 8827.16237512876 6013.19433760073 6209.82525044241 4585.21597855911 6741.86021931333 3695.3338028124 6781.1919325023 10637.2270077284 3610.46555649949 2493.33026938328 10075.1899157918 7781.37275260324 3584.85113249967 10630.9278318128 8648.1627127202 4555.19347361414 4780.94605756594 5965.55237257098 9525.70353102723 8552.43433283111 6554.73716047929 2574.418058241 5220.47398018866 5000.78440310538 4458.28109410369 6758.79741928815 9145.7002488129 8065.28506912158 1890.33491793485 6312.92621446172 7543.06292752704 9074.55219265614 8356.17136095478 4601.73139088711 8754.03886606668 5235.40403883525 1356.43992701009 4764.47790148843
8592.69171476735 11822.1944821532 5816.02323258531 0.0 10974.5073951012 10038.7247904007 5009.93379138625 6452.04703745605 3456.22503696916 10557.6058090173 5554.01447095184 10535.9989706602 12780.5754763794 1925.12286657683 10485.5283365933 5953.62502350062 9997.15355997475 8376.98416363507 12524.5134320479 15064.3535391068 2206.95548158552 3357.32362081027 15160.2380405274 12112.7462675513 9400.81455097165 14841.6405221161 11421.0002837299 7733.87056148696 10294.9294032981 586.778077941561 10608.5144438492 7570.62752212039 12182.6596372353 5232.08422437516 4886.46005210979 8269.95538143408 1441.48007929422 12113.3084566231 14371.1170296966 12873.7208627284 7104.73323840497 11722.9215892805 8064.28669752514 13829.3179200721 12199.8863157324 9417.49773282045 9933.02301613321 10125.5964618557 4800.38076065 8592.69171476735
2438.5660304295 1682.82227586256 6503.27045217604 10974.5073951012 0.0 4031.83476574794 7306.84641854657 5753.15511063152 8574.85210326428 1540.61375192756 5672.79859814477 3153.82537398761 2442.954983066 10080.6292875429 582.41011489008 5568.83981457007 2378.57315502406 2828.72426212162 4743.99305497477 4182.77036395144 9137.27443213453 8406.59560099486 4368.29666433432 1279.83592739128 5248.66211569859 4128.46317537272 3715.26858099184 3439.98734140694 3087.9916095304 11365.7406098978 6410.81349386985 8357.94448649444 3827.77241787801 5751.38990809173 7101.25675757767 3007.52904525036 9566.96607356553 2644.72746456024 3855.39598144439 1975.88944898462 4613.09590401738 2711.91566613198 6324.55483456459 2867.06121020356 2129.51122435001 1924.94936630603 5916.37714912673 1445.67929324631 6619.91456285352 2438.5660304295
4216.07107929645 5713.45984689981 4329.33754104853 10038.7247904007 4031.83476574794 0.0 8222.7673499249 3609.15384696802 6824.31188823532 5256.57602410827 4642.98205874461 6754.66086219183 6386.1259920202 9864.95947457772 4154.32190673715 6549.69391206561 5760.55164374511 2892.96382220273 2487.81900607775 7388.40347498617 7864.78874562284 6800.61231998818 6163.86136798998 5108.51785832645 1347.5091583161 7616.67753227124 7539.34733678574 4940.59199555088 964.422019481803 10246.2246640147 9712.65945841394 10426.4595422702 2245.60198818819 5375.00657173434 7884.93713208786 4958.49962097921 8622.35292450505 2783.16524342463 5137.97583957995 4688.49169162412 3031.83813571708 2307.46632916793 8711.20909284877 5623.06940814235 6151.67327149986 2637.96888992421 9055.66523321781 2663.13132412201 5247.77629554408 4216.07107929645
4935.48637223904 7627.08758498161 5600.02899355431 5009.93379138625 7306.84641854657 8222.7673499249 0.0 5653.50414207893 5143.06877081187 6389.10476650765 4105.09585939935 5900.58550900837 8513.56810181801 3358.97645989694 6734.23256881109 1783.79239488871 5625.24831626155 5545.79021567017 10497.3489595226 10964.7071329332 4478.89529072303 4827.35347190132 11672.8489011138 8178.16425446571 8287.76306834315 10600.7845938042 6674.83237540964 3898.27660120666 7993.99149913131 5575.70180208263 5601.55844901259 3107.68175576435 9845.46492742807 3129.40864849034 380.028102700804 4299.38220968441 4112.03833482477 9270.25711015064 11118.1874549501 9277.74497361078 5409.92160985604 9017.98915292396 3059.88469171616 10093.6139039326 7915.0009727224 6397.43315792355 4923.80216544474 7018.96582673434 4305.33815607422 4935.48637223904
4134.76979000783 7184.63237004495 784.844061237502 6452.04703745605 5753.15511063152 3609.15384696802 5653.50414207893 0.0 3230.88825146262 6159.10030702266 1548.45773188995 7083.82374694614 8103.46394281715 6477.29750656192 5482.10695172467 4423.4985728539 6130.09750097244 2970.33631707561 6083.64683165693 9869.88224345337 4262.87448496456 3192.69653599961 9290.77138108265 7032.79812684381 3002.00028043035 9876.84708689661 8057.08050429788 4052.36857412406 4011.83685292318 6640.54060107238 9135.98041620196 8477.11943255666 5813.50481007494 2528.09675509203 5275.16497096676 4453.4893804371 5056.33796243046 5980.2725796965 8364.01144342458 7285.98605522436 1152.85693603966 5537.49343152536 7298.04465729351 8295.38241916396 7647.21987726426 3840.78572367157 8371.70159245905 4462.51110037625 1734.64276100346 4134.76979000783
6463.81912008388 9766.75273717394 2496.26480725682 3456.22503696916 8574.85210326428 6824.31188823532 5143.06877081187 3230.88825146262 0.0 8582.17129105382 2920.49226562029 9057.31333952253 10729.8586622238 4153.3584043045 8187.18761748358 4952.82804315682 8270.40739796445 5765.32844345699 9276.17834376158 12757.5049602802 1319.35572079565 315.79010731863 12428.0435185167 9821.71927918285 6036.75840797508 12666.989983363 10032.0496692436 5901.09289339324 7234.66128515985 3521.47407744357 10188.7000688723 8246.48445992552 9042.53488023367 3212.28673328595 4814.88605081294 6432.45642602644 2277.04979957608 9177.54179587182 11538.4128862131 10302.1303618901 4139.8552533397 8745.88099340738 7840.17777244757 11302.600246417 10201.9797017732 6773.13421211325 9425.05171193117 7457.14006929879 1960.47731401977 6463.81912008388
2121.56844490852 1269.69445133361 6833.62304926806 10557.6058090173 1540.61375192756 5256.57602410827 6389.10476650765 6159.10030702266 8582.17129105382 0.0 5678.96789485456 1618.36634441953 2223.00764183575 9432.73287683017 1142.25171432536 4777.76611244324 907.620837795815 3234.97183340008 6259.43345825441 4591.61625975379 8928.38234156507 8368.35687414747 5474.39813757983 1840.8864901574 6336.3146408862 4295.06179920248 2285.99466616538 2826.01116511314 4377.37004006635 11004.5056379464 4870.3807971062 7017.96378811093 5350.00764270006 5491.02083787142 6246.53895267222 2287.65218429019 9211.56510730351 4185.33554191005 5161.01267153289 3152.93097490512 5015.91195701211 4236.66856284875 4954.15967980776 3795.43976207827 1648.65682533114 2728.88243428763 4388.38401761143 2603.53130823525 6638.1027731835 2121.56844490852
3557.40864317134 6849.35482898987 1642.12278324829 5554.01447095184 5672.79859814477 4642.98205874461 4105.09585939935 1548.45773188995 2920.49226562029 5678.96789485456 0.0 6284.57139331298 7811.01576673376 5221.97753579671 5270.231007416 2949.47401645122 5430.29735765007 2900.68277973093 7113.07213273488 9853.84525688949 3521.82888989195 2735.89373345293 9666.75692016703 6908.67846509157 4354.69576071021 9749.37114957368 7269.3848014188 3109.81181567597 4770.06872540925 5855.75189809794 7920.3170064115 6959.52983868367 6680.18263194191 982.088679927244 3726.90294295816 3610.73445337652 4112.67283375285 6559.56740127561 8838.82245424238 7457.3089858719 1612.93835872317 6170.19386823494 5900.96166738194 8446.23926483434 7287.82057453705 3934.99741367287 7146.54641931981 4637.1145006464 961.922397387072 3557.40864317134
2977.22336361906 2233.24627967015 7666.87549980255 10535.9989706602 3153.82537398761 6754.66086219183 5900.58550900837 7083.82374694614 9057.31333952253 1618.36634441953 6284.57139331298 0.0 2856.95966098146 9172.57915728312 2746.23657274815 4582.77409830509 1017.11801406252 4379.06152120256 7876.60964198388 5327.81374838239 9174.1799170253 8805.5917053199 6721.45288459537 3137.78179793578 7739.2507582439 4846.49986780349 985.259690483152 3177.37627301977 5919.53842844929 11034.7843152426 3272.99818197444 5851.4426876852 6968.20925360388 5849.66800839726 5851.95288817571 2679.19793067395 9292.2242725421 5796.36571017184 6568.64229762606 4555.72200415674 5999.73416910389 5855.03481637223 3801.54334866333 5000.17377314134 2305.04556515212 4139.91973221029 2856.91150494012 4150.09984762898 7200.18465284829 2977.22336361906
4281.83180774668 968.39497898067 8827.16237512876 12780.5754763794 2442.954983066 6386.1259920202 8513.56810181801 8103.46394281715 10729.8586622238 2223.00764183575 7811.01576673376 2856.95966098146 0.0 11631.8274805781 2621.64341689211 6968.05008120169 2888.72436315019 5134.61830838578 6556.78304187444 2486.08633398275 11132.1631199119 10529.7806390347 4049.49230431457 1284.93367013257 7652.78448674258 2091.21356784705 2685.07913935074 5048.53393144058 5423.24629572321 13226.7437418631 5770.10835529345 8707.54659062264 5653.55048596224 7692.44281121768 8400.49160258964 4510.62788067782 11432.6883017218 4340.30027812765 4157.44681603103 2369.88402735417 6951.46790720524 4617.82139573886 6657.72974116383 2375.5887651437 598.619312770037 4337.98361305532 5552.61326239357 3885.88219182608 8772.87447193826 4281.83180774668
7643.37787663319 10700.2930152198 6013.19433760073 1925.12286657683 10080.6292875429 9864.95947457772 3358.97645989694 6477.29750656192 4153.3584043045 9432.73287683017 5221.97753579671 9172.57915728312 11631.8274805781 0.0 9546.27444163594 4664.62162174771 8767.13055706067 7744.96658329399 12331.0901399941 14015.9433362967 2879.83857553071 3923.77702637707 14399.4846390249 11117.1789935111 9474.16548443325 13720.2074700981 9994.25300997823 6679.73957867579 9940.63372423678 2506.99320059266 8872.7728254134 5672.31889963346 11860.0696526825 4590.50119489512 3332.97459005999 7181.48221301047 1957.38497625831 11585.8491774742 13705.0628953159 12040.0979055551 6834.03547557124 11243.7914211053 6337.92690716765 12943.8794376718 11037.2202603905 8751.83115703113 8235.38244658149 9446.34061613757 4743.90189784183 7643.37787663319
1906.92030942523 1726.71848189869 6209.82525044241 10485.5283365933 582.41011489008 4154.32190673715 6734.23256881109 5482.10695172467 8187.18761748358 1142.25171432536 5270.231007416 2746.23657274815 2621.64341689211 9546.27444163594 0.0 5004.91550050905 1883.47813128317 2514.88989315276 5135.96995632692 4604.59324336736 8692.85718486787 8005.35030129886 4938.61654509518 1644.76526814806 5290.03130562317 4479.80597866107 3417.03873219912 2883.76375301167 3253.02516481641 10889.6353408086 5959.66440383827 7788.02916708487 4234.10361200617 5280.32975708531 6534.2059782856 2435.65589736806 9088.81557562764 3121.57686748282 4437.77717667408 2543.55590853205 4330.51336091608 3127.61216738563 5762.58474682928 3399.6779125891 2194.2480455472 1759.99266335112 5431.26241404321 1491.22234298858 6226.96910954343 1906.92030942523
3166.46446487273 6041.77931621109 4585.21597855911 5953.62502350062 5568.83981457007 6549.69391206561 1783.79239488871 4423.4985728539 4952.82804315682 4777.76611244324 2949.47401645122 4582.77409830509 6968.05008120169 4664.62162174771 5004.91550050905 0.0 4104.94141613651 3792.12113887417 8758.82828500237 9368.39101086447 4748.04760470554 4655.43821975916 9936.54445264025 6508.4927138921 6753.56952469457 9057.51049943254 5473.6717009069 2134.54559699707 6255.25662261225 6457.84538511096 5237.03832085283 4077.04684224453 8083.47056636401 2029.31138470997 1536.86795468084 2576.37788881674 4740.91621665448 7486.82231470496 9353.20327077559 7544.51450618691 3920.18210501094 7238.49569656274 2990.71903216297 8391.53497028755 6372.8986832625 4616.86486036013 4472.2518913166 5235.1736591006 3505.92696867627 3166.46446487273
1998.36277420735 2020.11301018179 6741.86021931333 9997.15355997475 2378.57315502406 5760.55164374511 5625.24831626155 6130.09750097244 8270.40739796445 907.620837795815 5430.29735765007 1017.11801406252 2888.72436315019 8767.13055706067 1883.47813128317 4104.94141613651 0.0 3369.68123006641 7002.1931691732 5346.94232889633 8492.29270393637 8034.02162354753 6370.67608430291 2727.80167169108 6724.93663789427 4978.07597714987 1941.18275776501 2375.43916621045 4947.64539943391 10469.1766625077 4085.79431082978 6113.07732663323 6108.70757957582 5094.31375633614 5513.65676226667 1838.19735518044 8694.26438313151 5001.69348118363 6068.46437437722 4060.2596304111 5026.43431162817 5007.60996048167 4047.7065310438 4679.44039480021 2290.10533794618 3134.2433930041 3548.15243370992 3193.18150927614 6368.81577622101 1998.36277420735
1462.90754141659 4214.85568320084 3695.3338028124 8376.98416363507 2828.72426212162 2892.96382220273 5545.79021567017 2970.33631707561 5765.32844345699 3234.97183340008 2900.68277973093 4379.06152120256 5134.61830838578 7744.96658329399 2514.88989315276 3792.12113887417 3369.68123006641 0.0 4968.71909799833 7002.25872095737 6415.92863392055 5612.08562197974 6786.9831974966 4098.8853075335 3514.94441692659 6953.52878323369 5304.32291740388 2048.51718423881 2468.10036405322 8718.58979236563 6999.25238749214 7545.76560114346 4300.32674053745 3183.33819601669 5242.93943335466 2120.08151126945 6941.91917644278 3845.89405426264 6002.27616806486 4556.79365170441 1817.58476717265 3529.51821851865 5822.30002146353 5548.09285147656 4678.28405630359 1041.65530092428 6298.16043436756 1749.4334971793 3823.7003739289 1462.90754141659
5986.5399557874 6208.27997007873 6781.1919325023 12524.5134320479 4743.99305497477 2487.81900607775 10497.3489595226 6083.64683165693 9276.17834376158 6259.43345825441 7113.07213273488 7876.60964198388 6556.78304187444 12331.0901399941 5135.96995632692 8758.82828500237 7002.1931691732 4968.71909799833 0.0 6671.72262193524 10345.3019479342 9267.26767271467 4751.29401706748 5338.36310508318 3356.66859464928 7109.63032469503 8451.30410844672 6900.51882933159 2504.20282592957 12724.1871704909 11087.9375595489 12416.9630588055 922.498013126107 7796.71763765124 10180.2216477381 6767.05145273011 11109.9142115084 2220.68220223849 3698.55179807212 4297.4830674435 5500.32332294483 2034.64218083465 10545.8843304572 4930.98282772521 6548.19394035662 4291.36524736052 10527.1621488112 3898.52770302292 7735.58381572318 5986.5399557874
6473.71687149904 3337.98238005315 10637.2270077284 15064.3535391068 4182.77036395144 7388.40347498617 10964.7071329332 9869.88224345337 12757.5049602802 4591.61625975379 9853.84525688949 5327.81374838239 2486.08633398275 14015.9433362967 4604.59324336736 9368.39101086447 5346.94232889633 7002.25872095737 6671.72262193524 0.0 13297.3544498078 12588.6694154519 2494.40267450229 2961.00002358509 8734.49986633568 710.421900993368 5008.39759605679 7356.37875889905 6467.22552210859 15481.9480232205 8022.36206142074 11165.2308650957 5914.71799515919 9881.10234447197 10834.3347264851 6839.14996828491 13680.9153010839 4741.46940833123 3212.18454932055 2705.44413742867 8751.84360513434 5175.51284040647 9127.61297204657 1788.91383395822 3074.73839434607 6037.44143508542 7908.99092555149 5411.11965394821 10802.5461740553 6473.71687149904
6858.47520352823 10163.8921449609 3610.46555649949 2206.95548158552 9137.27443213453 7864.78874562284 4478.89529072303 4262.87448496456 1319.35572079565 8928.38234156507 3521.82888989195 9174.1799170253 11132.1631199119 2879.83857553071 8692.85718486787 4748.04760470554 8492.29270393637 6415.92863392055 10345.3019479342 13297.3544498078 0.0 1164.18542987841 13188.4672526305 10337.2790045822 7195.2304103827 13141.1065660432 10120.0701762124 6131.61022258094 8171.15646166834 2383.60211844445 9873.33989811755 7501.72703195077 10036.7207997785 3439.72043219624 4208.15860451246 6677.30501584417 959.899111133841 10043.7090455117 12352.1748167437 10967.3267716642 4991.40090530711 9635.54440059459 7408.07622013311 11948.697537216 10574.6259276119 7454.07174355783 9133.67759420644 8157.85797985932 2672.3656595286 6858.47520352823
6254.81747343177 9564.52515292647 2493.33026938328 3357.32362081027 8406.59560099486 6800.61231998818 4827.35347190132 3192.69653599961 315.79010731863 8368.35687414747 2735.89373345293 8805.5917053199 10529.7806390347 3923.77702637707 8005.35030129886 4655.43821975916 8034.02162354753 5612.08562197974 9267.26767271467 12588.6694154519 1164.18542987841 0.0 12315.0244054184 9644.54301076681 6067.76499196211 12483.5472185933 9777.25169466937 5660.64320286507 7171.5921749495 3474.15191752813 9889.09408396831 7931.04296082883 9003.04617579046 2955.97237297225 4499.14722195074 6195.97508207903 2098.61655138537 9093.41914250928 11440.2808248413 10161.4611950234 4038.19178794477 8668.91304795632 7531.40819611292 11158.0620968953 9995.46187146812 6630.76324013244 9126.85734461649 7321.59335802649 1788.89555119914 6254.81747343177
6788.88437243743 4488.70883756869 10075.1899157918 15160.2380405274 4368.29666433432 6163.86136798998 11672.8489011138 9290.77138108265 12428.0435185167 5474.39813757983 9666.75692016703 6721.45288459537 4049.49230431457 14399.4846390249 4938.61654509518 9936.54445264025 6370.67608430291 6786.9831974966 4751.29401706748 2494.40267450229 13188.4672526305 12315.0244054184 0.0 3644.8239876758 7470.11701776377 3163.96534468443 6723.12953924841 7805.09286948272 5397.9704491526 15505.3323584152 9807.32459732421 12477.4826446686 4201.0593127145 9940.03166357302 11469.5377343395 7373.94087786861 13727.670979086 3394.53357668342 1064.91267175259 2395.17069664943 8288.77827887129 3869.47923125694 10408.2530048415 1721.52787765923 4476.91912500677 5745.34356716205 9538.60594706294 5037.69007446112 10548.9477305551 6788.88437243743
3520.19752647815 965.437099731876 7781.37275260324 12112.7462675513 1279.83592739128 5108.51785832645 8178.16425446571 7032.79812684381 9821.71927918285 1840.8864901574 6908.67846509157 3137.78179793578 1284.93367013257 11117.1789935111 1644.76526814806 6508.4927138921 2727.80167169108 4098.8853075335 5338.36310508318 2961.00002358509 10337.2790045822 9644.54301076681 3644.8239876758 0.0 6387.85958745469 2854.88449803476 3356.91952722008 4437.96063560556 4144.5661859075 12524.5607751833 6353.14585190987 8832.8984225332 4423.9998317885 6920.45747561679 8012.42822582645 3941.12589067838 10723.4431405055 3118.36395738546 3431.43870615127 1426.07259947897 5891.55388912904 3361.00140551792 6763.95904945979 1954.63901818318 1217.05471537464 3202.67097454127 5992.48243392176 2674.59675648111 7862.70783034212 3520.19752647815
4964.38875132005 6927.30372178411 3584.85113249967 9400.81455097165 5248.66211569859 1347.5091583161 8287.76306834315 3002.00028043035 6036.75840797508 6336.3146408862 4354.69576071021 7739.2507582439 7652.78448674258 9474.16548443325 5290.03130562317 6753.56952469457 6724.93663789427 3514.94441692659 3356.66859464928 8734.49986633568 7195.2304103827 6067.76499196211 7470.11701776377 6387.85958745469 0.0 8953.05646757548 8587.60155731841 5489.48854910164 2281.32147401959 9541.53243439322 10512.0398867488 10780.1136476055 3398.5070043934 5236.24096681742 7925.71696999859 5630.98405414742 8032.70463405303 4112.59220349756 6429.56375208185 6032.72074332247 2878.1814437365 3639.7460229012 9230.60933704989 6970.56563490827 7378.12392700829 3615.99088584865 9813.05474043858 3821.94165864907 4735.83704326994 4964.38875132005
6284.90704145618 3025.45644793158 10630.9278318128 14841.6405221161 4128.46317537272 7616.67753227124 10600.7845938042 9876.84708689661 12666.989983363 4295.06179920248 9749.37114957368 4846.49986780349 2091.21356784705 13720.2074700981 4479.80597866107 9057.51049943254 4978.07597714987 6953.52878323369 7109.63032469503 710.421900993368 13141.1065660432 12483.5472185933 3163.96534468443 2854.88449803476 8953.05646757548 0.0 4438.20325171705 7108.93698801474 6672.28841581929 15277.2304970598 7403.47134247813 10643.2734895672 6308.86356710695 9706.8063963895 10491.1345702921 6577.46079898175 13479.0276712754 5077.25716990031 3796.84267608159 2950.28770964225 8740.59446380036 5483.68780667562 8626.41333528827 2179.34894945775 2689.09589086159 6037.37155505859 7328.18453540385 5456.73780085955 10706.7275472063 6284.90704145618
3935.23467736254 2391.48427723799 8648.1627127202 11421.0002837299 3715.26858099184 7539.34733678574 6674.83237540964 8057.08050429788 10032.0496692436 2285.99466616538 7269.3848014188 985.259690483152 2685.07913935074 9994.25300997823 3417.03873219912 5473.6717009069 1941.18275776501 5304.32291740388 8451.30410844672 5008.39759605679 10120.0701762124 9777.25169466937 6723.12953924841 3356.91952722008 8587.60155731841 4438.20325171705 0.0 4161.24078470089 6663.09256493834 11931.0345598405 3085.7966041657 6230.89283149252 7531.08845873911 6821.63209277506 6661.63495062695 3664.37036614203 10206.3884321454 6294.15664793619 6726.37132299108 4768.84061987792 6963.26912593904 6416.66217337624 4265.81834851616 5021.70275709624 2263.57353977058 4971.84610761419 2901.05725240351 4889.52535255135 8182.92832014733 3935.23467736254
1037.76983189623 4088.38658299012 4555.19347361414 7733.87056148696 3439.98734140694 4940.59199555088 3898.27660120666 4052.36857412406 5901.09289339324 2826.01116511314 3109.81181567597 3177.37627301977 5048.53393144058 6679.73957867579 2883.76375301167 2134.54559699707 2375.43916621045 2048.51718423881 6900.51882933159 7356.37875889905 6131.61022258094 5660.64320286507 7805.09286948272 4437.96063560556 5489.48854910164 7108.93698801474 4161.24078470089 0.0 4442.6882567292 8178.49611973358 5154.77311449411 5527.43120347477 6148.34520085866 2719.27688165257 3671.04822222548 545.849823388985 6386.21136976275 5427.39053557885 7221.42338196514 5415.66351262428 3087.71391120547 5221.17611501061 3774.87365359202 6281.43303181485 4472.77881712563 2626.33228552124 4412.2457748782 3174.39071696917 4023.47346941639 1037.76983189623
3594.54449066281 4765.25110486341 4780.94605756594 10294.9294032981 3087.9916095304 964.422019481803 7993.99149913131 4011.83685292318 7234.66128515985 4377.37004006635 4770.06872540925 5919.53842844929 5423.24629572321 9940.63372423678 3253.02516481641 6255.25662261225 4947.64539943391 2468.10036405322 2504.20282592957 6467.22552210859 8171.15646166834 7171.5921749495 5397.9704491526 4144.5661859075 2281.32147401959 6672.28841581929 6663.09256493834 4442.6882567292 0.0 10550.8049483645 8970.33408733395 9970.11433417523 1919.53612796072 5363.86749096615 7679.07846628009 4367.7323013308 8859.02194034502 2011.12576666767 4412.30531670204 3761.99666627383 3190.20743333292 1546.43620261847 8159.05228372644 4719.39191392367 5198.43339482444 1913.87542206684 8343.79444365647 1775.1294410035 5504.13011977968 3594.54449066281
9008.58397090136 12264.5575887343 5965.55237257098 586.778077941561 11365.7406098978 10246.2246640147 5575.70180208263 6640.54060107238 3521.47407744357 11004.5056379464 5855.75189809794 11034.7843152426 13226.7437418631 2506.99320059266 10889.6353408086 6457.84538511096 10469.1766625077 8718.58979236563 12724.1871704909 15481.9480232205 2383.60211844445 3474.15191752813 15505.3323584152 12524.5607751833 9541.53243439322 15277.2304970598 11931.0345598405 8178.49611973358 10550.8049483645 0.0 11176.8069633564 8157.40250133036 12420.0900120842 5614.35291985151 5440.25835215798 8718.76380388686 1801.11935995635 12406.6675661317 14693.5088406726 13243.5004823969 7365.9647894192 12005.0539723765 8633.4159143056 14209.4127235876 12650.6409464758 9760.22730698752 10495.7752357889 10467.6660599282 5047.29682543581 9008.58397090136
5549.31717134603 5402.52944876678 9525.70353102723 10608.5144438492 6410.81349386985 9712.65945841394 5601.55844901259 9135.98041620196 10188.7000688723 4870.3807971062 7920.3170064115 3272.99818197444 5770.10835529345 8872.7728254134 5959.66440383827 5237.03832085283 4085.79431082978 6999.25238749214 11087.9375595489 8022.36206142074 9873.33989811755 9889.09408396831 9807.32459732421 6353.14585190987 10512.0398867488 7403.47134247813 3085.7966041657 5154.77311449411 8970.33408733395 11176.8069633564 0.0 3834.56830327279 10192.4121351273 7154.12763181282 5765.10159608992 4901.40403154604 9665.43473475826 9055.27745679779 9770.98467097471 7779.17890872321 8237.4922285331 9087.2311695401 2544.48131153592 8100.74707174932 5336.59134153686 7083.40102398655 774.579568963657 7253.19292440043 8655.71852149053 5549.31717134603
6439.14495817001 8028.29064806607 8552.43433283111 7570.62752212039 8357.94448649444 10426.4595422702 3107.68175576435 8477.11943255666 8246.48445992552 7017.96378811093 6959.52983868367 5851.4426876852 8707.54659062264 5672.31889963346 7788.02916708487 4077.04684224453 6113.07732663323 7545.76560114346 12416.9630588055 11165.2308650957 7501.72703195077 7931.04296082883 12477.4826446686 8832.8984225332 10780.1136476055 10643.2734895672 6230.89283149252 5527.43120347477 9970.11433417523 8157.40250133036 3834.56830327279 0.0 11635.3869009288 5987.18879105802 3454.84292747832 5661.70046620773 6989.49574869384 10780.7802824225 12166.0103937106 10168.8215656925 7987.02166756962 10646.287657493 2069.75635936234 10772.700411039 8153.46195109957 8126.60003015787 3499.12712675621 8592.1974779839 7325.04610944078 6439.14495817001
5196.39740276289 5287.03840493124 6554.73716047929 12182.6596372353 3827.77241787801 2245.60198818819 9845.46492742807 5813.50481007494 9042.53488023367 5350.00764270006 6680.18263194191 6968.20925360388 5653.55048596224 11860.0696526825 4234.10361200617 8083.47056636401 6108.70757957582 4300.32674053745 922.498013126107 5914.71799515919 10036.7207997785 9003.04617579046 4201.0593127145 4423.9998317885 3398.5070043934 6308.86356710695 7531.08845873911 6148.34520085866 1919.53612796072 12420.0900120842 10192.4121351273 11635.3869009288 0.0 7282.4129458281 9542.82277799712 5973.94524042989 10751.5375999216 1313.5043374359 3136.90181226381 3435.84810299929 5085.63253481664 1115.90624269728 9729.07365631912 4142.82836862886 5630.90016370901 3522.16405842295 9644.42938222419 3060.29491227573 7383.18294504913 5196.39740276289
3421.94852966743 6724.17904689467 2574.418058241 5232.08422437516 5751.38990809173 5375.00657173434 3129.40864849034 2528.09675509203 3212.28673328595 5491.02083787142 982.088679927244 5849.66800839726 7692.44281121768 4590.50119489512 5280.32975708531 2029.31138470997 5094.31375633614 3183.33819601669 7796.71763765124 9881.10234447197 3439.72043219624 2955.97237297225 9940.03166357302 6920.45747561679 5236.24096681742 9706.8063963895 6821.63209277506 2719.27688165257 5363.86749096615 5614.35291985151 7154.12763181282 5987.18879105802 7282.4129458281 0.0 2752.74791849995 3261.2286461579 3816.06019388084 7005.24096092961 9182.53496433545 7641.69043834193 2385.49219195329 6655.16395873451 5015.17981392009 8599.06769995958 7135.91121936288 4213.35434294446 6380.18251034089 4918.98051296731 1502.52563108173 3421.94852966743
4703.23482532401 7497.36155661661 5220.47398018866 4886.46005210979 7101.25675757767 7884.93713208786 380.028102700804 5275.16497096676 4814.88605081294 6246.53895267222 3726.90294295816 5851.95288817571 8400.49160258964 3332.97459005999 6534.2059782856 1536.86795468084 5513.65676226667 5242.93943335466 10180.2216477381 10834.3347264851 4208.15860451246 4499.14722195074 11469.5377343395 8012.42822582645 7925.71696999859 10491.1345702921 6661.63495062695 3671.04822222548 7679.07846628009 5440.25835215798 5765.10159608992 3454.84292747832 9542.82277799712 2752.74791849995 0.0 4100.09008921496 3904.77119590916 8998.99980081155 10889.8994479153 9076.15856168786 5047.54313404114 8735.16457639117 3241.13081252164 9911.90187153864 7802.16568058606 6119.06489726391 5064.2908893154 6753.81354724702 3928.85837469447 4703.23482532401
780.536351548103 3553.75173750522 5000.78440310538 8269.95538143408 3007.52904525036 4958.49962097921 4299.38220968441 4453.4893804371 6432.45642602644 2287.65218429019 3610.73445337652 2679.19793067395 4510.62788067782 7181.48221301047 2435.65589736806 2576.37788881674 1838.19735518044 2120.08151126945 6767.05145273011 6839.14996828491 6677.30501584417 6195.97508207903 7373.94087786861 3941.12589067838 5630.98405414742 6577.46079898175 3664.37036614203 545.849823388985 4367.7323013308 8718.76380388686 4901.40403154604 5661.70046620773 5973.94524042989 3261.2286461579 4100.09008921496 0.0 6928.25076102205 5159.22010271511 6834.99404203949 4979.0953094459 3426.54315493134 4994.04572721706 3792.08979073098 5815.22148164919 3931.92347221897 2478.61567243148 4186.24218092937 2935.87449416638 4538.90827937498 780.536351548103
7207.71595003041 10469.1762091442 4458.28109410369 1441.48007929422 9566.96607356553 8622.35292450505 4112.03833482477 5056.33796243046 2277.04979957608 9211.56510730351 4112.67283375285 9292.2242725421 11432.6883017218 1957.38497625831 9088.81557562764 4740.91621665448 8694.26438313151 6941.91917644278 11109.9142115084 13680.9153010839 959.899111133841 2098.61655138537 13727.670979086 10723.4431405055 8032.70463405303 13479.0276712754 10206.3884321454 6386.21136976275 8859.02194034502 1801.11935995635 9665.43473475826 6989.49574869384 10751.5375999216 3816.06019388084 3904.77119590916 6928.25076102205 0.0 10671.8458728065 12932.2755852776 11452.1652415324 5669.41084420815 10282.0648423025 7145.75565437937 12414.1795746455 10858.9720494174 7983.11550823047 8952.43937419157 8691.1766060455 3375.64924314114 7207.71595003041
4411.26533248329 4002.09836350912 6758.79741928815 12113.3084566231 2644.72746456024 2783.16524342463 9270.25711015064 5980.2725796965 9177.54179587182 4185.33554191005 6559.56740127561 5796.36571017184 4340.30027812765 11585.8491774742 3121.57686748282 7486.82231470496 5001.69348118363 3845.89405426264 2220.68220223849 4741.46940833123 10043.7090455117 9093.41914250928 3394.53357668342 3118.36395738546 4112.59220349756 5077.25716990031 6294.15664793619 5427.39053557885 2011.12576666767 12406.6675661317 9055.27745679779 10780.7802824225 1313.5043374359 7005.24096092961 8998.99980081155 5159.22010271511 10671.8458728065 0.0 2401.50669841321 2153.71847026934 5060.47663248817 476.426709261324 8806.59880621322 2952.57662637857 4330.38320922898 2884.09453751989 8549.30985120615 2255.74221379625 7372.8876146914 4411.26533248329
6186.75257218634 4369.05632424537 9145.7002488129 14371.1170296966 3855.39598144439 5137.97583957995 11118.1874549501 8364.01144342458 11538.4128862131 5161.01267153289 8838.82245424238 6568.64229762606 4157.44681603103 13705.0628953159 4437.77717667408 9353.20327077559 6068.46437437722 6002.27616806486 3698.55179807212 3212.18454932055 12352.1748167437 11440.2808248413 1064.91267175259 3431.43870615127 6429.56375208185 3796.84267608159 6726.37132299108 7221.42338196514 4412.30531670204 14693.5088406726 9770.98467097471 12166.0103937106 3136.90181226381 9182.53496433545 10889.8994479153 6834.99404203949 12932.2755852776 2401.50669841321 0.0 2018.07512743365 7402.53226430785 2868.41929210214 10109.5355758217 1827.45837458061 4468.43347379387 4969.36296770802 9423.9206834255 4265.64110440832 9693.16632546243 6186.75257218634
4407.55391735549 2383.20749563667 8065.28506912158 12873.7208627284 1975.88944898462 4688.49169162412 9277.74497361078 7285.98605522436 10302.1303618901 3152.93097490512 7457.3089858719 4555.72200415674 2369.88402735417 12040.0979055551 2543.55590853205 7544.51450618691 4060.2596304111 4556.79365170441 4297.4830674435 2705.44413742867 10967.3267716642 10161.4611950234 2395.17069664943 1426.07259947897 6032.72074332247 2950.28770964225 4768.84061987792 5415.66351262428 3761.99666627383 13243.5004823969 7779.17890872321 10168.8215656925 3435.84810299929 7641.69043834193 9076.15856168786 4979.0953094459 11452.1652415324 2153.71847026934 2018.07512743365 0.0 6204.9772375749 2538.59072195816 8106.81042756169 1009.41110922862 2549.5682660299 3530.71288995769 7412.45766694638 2847.13113724985 8375.74551001742 4407.55391735549
3028.43340525789 6031.78807437354 1890.33491793485 7104.73323840497 4613.09590401738 3031.83813571708 5409.92160985604 1152.85693603966 4139.8552533397 5015.91195701211 1612.93835872317 5999.73416910389 6951.46790720524 6834.03547557124 4330.51336091608 3920.18210501094 5026.43431162817 1817.58476717265 5500.32332294483 8751.84360513434 4991.40090530711 4038.19178794477 8288.77827887129 5891.55388912904 2878.1814437365 8740.59446380036 6963.26912593904 3087.71391120547 3190.20743333292 7365.9647894192 8237.4922285331 7987.02166756962 5085.63253481664 2385.49219195329 5047.54313404114 3426.54315493134 5669.41084420815 5060.47663248817 7402.53226430785 6204.9772375749 0.0 4645.40597238614 6596.71025314721 7212.53441606055 6494.48554932467 2714.46427252393 7487.28026301446 3362.30839152115 2319.41351198099 3028.43340525789
4228.33242553 4193.58278099528 6312.92621446172 11722.9215892805 2711.91566613198 2307.46632916793 9017.98915292396 5537.49343152536 8745.88099340738 4236.66856284875 6170.19386823494 5855.03481637223 4617.82139573886 11243.7914211053 3127.61216738563 7238.49569656274 5007.60996048167 3529.51821851865 2034.64218083465 5175.51284040647 9635.54440059459 8668.91304795632 3869.47923125694 3361.00140551792 3639.7460229012 5483.68780667562 6416.66217337624 5221.17611501061 1546.43620261847 12005.0539723765 9087.2311695401 10646.287657493 1115.90624269728 6655.16395873451 8735.16457639117 4994.04572721706 10282.0648423025 476.426709261324 2868.41929210214 2538.59072195816 4645.40597238614 0.0 8703.95789503654 3388.35314371569 4553.63759218691 2621.91882276765 8550.30547190129 2058.51680234582 6963.21053492819 4228.33242553
4569.58483756973 5960.63091973508 7543.06292752704 8064.28669752514 6324.55483456459 8711.20909284877 3059.88469171616 7298.04465729351 7840.17777244757 4954.15967980776 5900.96166738194 3801.54334866333 6657.72974116383 6337.92690716765 5762.58474682928 2990.71903216297 4047.7065310438 5822.30002146353 10545.8843304572 9127.61297204657 7408.07622013311 7531.40819611292 10408.2530048415 6763.95904945979 9230.60933704989 8626.41333528827 4265.81834851616 3774.87365359202 8159.05228372644 8633.4159143056 2544.48131153592 2069.75635936234 9729.07365631912 5015.17981392009 3241.13081252164 3792.08979073098 7145.75565437937 8806.59880621322 10109.5355758217 8106.81042756169 6596.71025314721 8703.95789503654 0.0 8702.94405565812 6096.06118338603 6267.46563537753 1904.0952655623 6669.28488559369 6496.473491696 4569.58483756973
5300.6374763188 2767.93785969634 9074.55219265614 13829.3179200721 2867.06121020356 5623.06940814235 10093.6139039326 8295.38241916396 11302.600246417 3795.43976207827 8446.23926483434 5000.17377314134 2375.5887651437 12943.8794376718 3399.6779125891 8391.53497028755 4679.44039480021 5548.09285147656 4930.98282772521 1788.91383395822 11948.697537216 11158.0620968953 1721.52787765923 1954.63901818318 6970.56563490827 2179.34894945775 5021.70275709624 6281.43303181485 4719.39191392367 14209.4127235876 8100.74707174932 10772.700411039 4142.82836862886 8599.06769995958 9911.90187153864 5815.22148164919 12414.1795746455 2952.57662637857 1827.45837458061 1009.41110922862 7212.53441606055 3388.35314371569 8702.94405565812 0.0 2764.55230234699 4529.47086457706 7819.17272952041 3852.3128490875 9370.79301614523 5300.6374763188
3740.75056467876 467.532542976752 8356.17136095478 12199.8863157324 2129.51122435001 6151.67327149986 7915.0009727224 7647.21987726426 10201.9797017732 1648.65682533114 7287.82057453705 2305.04556515212 598.619312770037 11037.2202603905 2194.2480455472 6372.8986832625 2290.10533794618 4678.28405630359 6548.19394035662 3074.73839434607 10574.6259276119 9995.46187146812 4476.91912500677 1217.05471537464 7378.12392700829 2689.09589086159 2263.57353977058 4472.77881712563 5198.43339482444 12650.6409464758 5336.59134153686 8153.46195109957 5630.90016370901 7135.91121936288 7802.16568058606 3931.92347221897 10858.9720494174 4330.38320922898 4468.43347379387 2549.5682660299 6494.48554932467 4553.63759218691 6096.06118338603 2764.55230234699 0.0 3947.98102772596 5067.25980759209 3565.9906199848 8249.44775366121 3740.75056467876
1698.63395745331 3481.03974615644 4601.73139088711 9417.49773282045 1924.94936630603 2637.96888992421 6397.43315792355 3840.78572367157 6773.13421211325 2728.88243428763 3934.99741367287 4139.91973221029 4337.98361305532 8751.83115703113 1759.99266335112 4616.86486036013 3134.2433930041 1041.65530092428 4291.36524736052 6037.44143508542 7454.07174355783 6630.76324013244 5745.34356716205 3202.67097454127 3615.99088584865 6037.37155505859 4971.84610761419 2626.33228552124 1913.87542206684 9760.22730698752 7083.40102398655 8126.60003015787 3522.16405842295 4213.35434294446 6119.06489726391 2478.61567243148 7983.11550823047 2884.09453751989 4969.36296770802 3530.71288995769 2714.46427252393 2621.91882276765 6267.46563537753 4529.47086457706 3947.98102772596 0.0 6441.45196817402 708.106062444851 4845.62274512062 1698.63395745331
4862.06436145712 5069.4250108282 8754.03886606668 9933.02301613321 5916.37714912673 9055.66523321781 4923.80216544474 8371.70159245905 9425.05171193117 4388.38401761143 7146.54641931981 2856.91150494012 5552.61326239357 8235.38244658149 5431.26241404321 4472.2518913166 3548.15243370992 6298.16043436756 10527.1621488112 7908.99092555149 9133.67759420644 9126.85734461649 9538.60594706294 5992.48243392176 9813.05474043858 7328.18453540385 2901.05725240351 4412.2457748782 8343.79444365647 10495.7752357889 774.579568963657 3499.12712675621 9644.42938222419 6380.18251034089 5064.2908893154 4186.24218092937 8952.43937419157 8549.30985120615 9423.9206834255 7412.45766694638 7487.28026301446 8550.30547190129 1904.0952655623 7819.17272952041 5067.25980759209 6441.45196817402 0.0 6657.46696835161 7881.56068899035 4862.06436145712
