CustNum 40 StaNum 8
0.0 6792.55748764602 1874.33434919652 4179.22879124342 3820.65254429178 5059.93357337835 5677.13877217242 6154.92766853465 6473.71687149904 3733.63615340927 2146.29023494261 4077.38564727302 6463.81912008388 6164.4526757075 4935.48637223904 4876.93912110308 6132.47203097707 4044.80935181771 5620.99747191087 2683.07667507907 4784.17253718498 2147.88814376527 5365.78178965579 5181.44042764917 1736.74396543381 9008.58397090136 1597.27400224053 796.328913486662 3477.90979876784 2121.56844490852 7381.75515337995 5408.01702716238 6816.38805872795 2406.67937560857 7188.62157491765 1462.90754141659 4308.89467423326 5042.75252951281 4134.76979000783 2733.72538261715 5573.66793557729 3740.75056467876 5344.76772660508 3480.7536302498 4877.0920438249 3273.39474384322 3207.57031378248 4862.06436145712 4569.58483756973 0.0
6792.55748764602 0.0 8653.47468660122 10672.8737168471 3216.80622244063 9846.7966094858 11662.8789759007 12943.7582935053 1439.86362998007 4356.05960461633 7092.27033425407 8884.42856613739 12765.4296337491 962.164656235962 11550.1737114889 5775.90532531573 3054.59212186149 4950.60468509353 12245.1171651048 4138.11117361323 4059.17870525364 8667.2486243282 11992.5202960067 11411.7067190535 6225.37591841608 15702.5047746433 5293.14774629882 6031.9804510088 4201.53036614773 5197.14730367148 14156.3597697355 10857.9451289382 2020.81613238948 4917.94637995591 10126.444443466 7025.1360876343 11049.6875056195 10664.761945789 9715.65697610914 4478.77038824683 8205.9238629823 3939.61398044241 12090.1580973798 10258.2881990949 3282.52958754924 9830.62978761654 5564.69112888439 8977.55635228566 10016.5074755431 6792.55748764602
1874.33434919652 8653.47468660122 0.0 2864.18170089785 5687.78447056464 4454.49049062198 4678.10068104841 4325.48375091737 8343.75069890409 5458.67757391405 3053.81596945621 4205.68627984959 4804.26960910239 7994.72586962428 3396.23597832798 6272.93184890794 7750.7369568639 5633.62855825572 3800.1920566732 4523.22505929028 6495.55881780866 930.915930177494 3547.1720061097 3631.22643698383 3187.57989714738 7143.95450416518 3386.95560022139 2664.57170234392 5254.03756261125 3884.4331027643 5508.91106876975 4348.33177532574 8553.80209151152 4030.86293306624 7089.9938996438 2149.77888845453 2610.9116259829 4406.90054813549 3217.38545793596 4423.60157517209 5872.34908265241 5532.56949518118 3473.03194923448 1607.30827074254 6508.58063773238 2021.9603677404 4409.99301068776 5159.31851166759 4151.49453626065 1874.33434919652
4179.22879124342 10672.8737168471 2864.18170089785 0.0 7482.05274579551 6896.48455984073 1911.47027055583 2945.0009828719 10048.0066556686 6733.26543393894 3741.56283694637 3188.21027257798 5599.17732180649 10174.3237444977 955.801948372375 6739.63189025219 10311.3928424115 6573.67811569848 4096.64806476191 6751.9198214413 7621.90405548669 3656.84277228177 3936.84311877988 4979.31376901834 4484.51961103891 6435.34652339742 5759.17771790588 4785.5902538457 6692.03806151276 5490.13185533434 4521.2561961985 6374.18485608817 10951.8017566557 6581.56492875675 9715.29058543136 4968.02157819837 1207.26202888937 2122.93506158782 5559.41304645509 6911.69520229258 8678.97836717115 6988.35814053021 3276.01184948192 2347.22225696749 9056.07871059431 908.568225851576 7191.77423704521 4077.02551643099 2290.35876772099 4179.22879124342
3820.65254429178 3216.80622244063 5687.78447056464 7482.05274579551 0.0 7911.95741328402 8449.67989097537 9876.45091669516 2657.28778045736 1443.14479373002 3876.46920094646 5736.11044886397 10173.8229000335 2903.40252605671 8377.21661682701 3310.84384752543 4077.24710573858 2203.63413671125 9432.62659856424 1606.43160193682 1905.2817479256 5889.23855103338 9177.24540290465 8844.71778753484 3012.83617563306 12828.8745433869 2598.10952248797 3025.15446109526 1126.29472524882 1992.16387653125 11177.2187570611 8668.43863458973 4049.00174820897 2751.98155720102 9056.39538657106 4472.29842250594 7933.86786723999 7467.8054544889 7417.17181936485 2428.42893162597 7099.64453709838 972.832732884306 9160.77102391702 7286.49632933402 3180.02371802297 6660.20886044291 3969.15186245467 5945.75431153398 6826.36821844583 3820.65254429178
5059.93357337835 9846.7966094858 4454.49049062198 6896.48455984073 7911.95741328402 0.0 8807.76738434522 6591.27843058098 10190.1597902661 8448.09961529966 7108.76630814284 8632.67928610128 3907.63573990941 8934.06800329746 6988.94049051652 9882.70690561806 7588.80950892473 8936.28824282184 4500.10016194415 6310.92814769702 9452.77577036433 3526.29147096754 4365.24820270614 2901.3631244994 6792.45323968746 7427.78575876202 5406.80162075774 5582.88944203406 8096.71499043515 6928.02740492778 6770.29378806559 1306.89187724666 8798.35350436477 5195.22974693785 2896.60882388563 3701.01535902931 6039.50450448731 8770.54712805003 1340.19727523955 5586.87500302471 2709.35968665912 8285.73683384215 5074.17096782221 4598.23215168374 6698.24913035416 6261.71207338823 4282.97308992077 9562.47981098243 8583.85672912843 5059.93357337835
5677.13877217242 11662.8789759007 4678.10068104841 1911.47027055583 8449.67989097537 8807.76738434522 0.0 3962.57759853896 10843.2052639902 7439.95523841338 4574.91743753809 3056.42076613514 7242.23495852959 11289.3517340253 2099.25393480431 6941.58359141884 11710.0107685944 7091.35858686148 5700.94930063225 8022.11161962513 8168.22660100462 5525.18227588162 5586.41317613577 6786.47610617744 5476.03883194569 7353.59082592272 7166.47300170489 6138.24307630255 7499.89055394474 6506.39082106449 5475.65376348313 8257.23324570151 12210.4446726104 8059.71370735034 11623.3183455239 6686.99175362623 2922.21107958354 1157.85302261077 7470.21735533491 8336.92473072936 10542.1503147855 7783.62676656387 4823.7060183082 4241.18553536082 10466.3292121256 2657.09293794943 8835.02552220744 3596.90698256284 1793.95016193537 5677.13877217242
6154.92766853465 12943.7582935053 4325.48375091737 2945.0009828719 9876.45091669516 6591.27843058098 3962.57759853896 0.0 12521.9973022312 9366.5358320278 6451.64852942222 6129.28554756182 3706.07051626234 12312.944451919 2072.46927400696 9610.15161224009 12019.675018419 9322.05513538819 2281.49484948309 8833.95470700124 10328.0847123842 4597.73045834673 2315.28402979529 3834.78735365913 7027.83296325335 3503.76404055247 7709.21076342406 6912.88797502297 9255.04612145401 7940.5723902855 1584.07652855464 5591.32602478364 12870.358043638 8339.02208073169 9461.6918384041 6317.84520722393 2001.27540201844 4774.56605721987 5367.69092750047 8741.69235053412 9008.15599085371 9549.56810952572 1524.78506519936 2777.49618670586 10793.6927046695 3423.8930814924 8529.67805908833 6992.55845057796 5131.83712725727 6154.92766853465
6473.71687149904 1439.86362998007 8343.75069890409 10048.0066556686 2657.28778045736 10190.1597902661 10843.2052639902 12521.9973022312 0.0 3404.31455301279 6344.32772778714 7935.2028274376 12757.5049602802 2066.33090134546 10964.7071329332 4532.24616013192 4207.1300437079 3860.95413070948 12073.3479269805 4024.79154342177 2856.92830887307 8511.61019688972 11818.0734565765 11415.2636291167 5566.50812273968 15481.9480232205 5150.05151758677 5679.65984827987 3367.41209795639 4591.61625975379 13834.0834428918 11080.8827760663 3370.04814644917 5032.14760397428 10842.7897223879 7002.25872095737 10565.6100533025 9787.38033852926 9869.88224345337 4616.9294924189 8879.54472032148 3074.73839434607 11816.7431580824 9943.63407141191 4071.3368421853 9257.86488758085 5964.1696257805 7908.99092555149 9127.61297204657 6473.71687149904
3733.63615340927 4356.05960461633 5458.67757391405 6733.26543393894 1443.14479373002 8448.09961529966 7439.95523841338 9366.5358320278 3404.31455301279 0.0 2993.16112928726 4550.27928208991 10189.915840651 4231.71949792359 7671.37722580638 1908.98829921775 5519.32854701436 769.642008594374 9257.42982241135 2518.35880238812 1050.61872525252 5880.22792627891 9005.09952794812 8915.05130736777 2345.91277082035 12531.9292541329 3067.07030026086 2995.72444632802 408.301100949392 1612.72540642786 10775.9668414806 9023.30171615281 5452.73143424973 3597.82987309423 9956.79503388863 4790.56392248283 7372.72157352833 6384.75221291361 7743.87184805856 3405.13029159054 8049.12485317221 472.810565654235 8858.47698929766 6979.81849430977 4581.77963085668 5998.42284354962 4927.05414902054 4627.44349675836 5726.07788554949 3733.63615340927
2146.29023494261 7092.27033425407 3053.81596945621 3741.56283694637 3876.46920094646 7108.76630814284 4574.91743753809 6451.64852942222 6344.32772778714 2993.16112928726 0.0 2138.07299014578 7820.48892628395 6721.69122732676 4684.04087349023 3280.01314889492 7327.25346999397 2870.69606978505 6663.23947659989 3597.14973878699 3893.38632850238 3795.81473830541 6423.30649713767 6683.79437697813 938.963068658259 9746.49705106743 3023.52672235926 2058.27775352984 2976.91756496197 1944.16793686937 7922.44095204283 7279.40933663911 7696.39776975104 3966.07081797967 9334.00177139318 3608.54359365621 4450.54538567455 3630.67104749286 6051.38429600971 4116.76143241847 7703.46480796147 3270.35983772119 6129.57805520062 4318.8426148551 6126.8808018425 3039.47103240967 5093.59304621502 2777.01873772957 3016.28870891471 2146.29023494261
4077.38564727302 8884.42856613739 4205.68627984959 3188.21027257798 5736.11044886397 8632.67928610128 3056.42076613514 6129.28554756182 7935.2028274376 4550.27928208991 2138.07299014578 0.0 8452.51367281342 8637.91227442721 4079.59822870865 3885.16345554271 9422.10691199202 4104.79552930407 7059.04333150313 5705.05387166105 5173.408699022 5116.93152279881 6857.56807171895 7547.37280526452 3050.35146567355 9623.55517373013 5156.06390798334 4164.81532607639 4684.00445756315 3973.90377065014 7708.7055685188 8533.79525049849 9706.27339299349 6099.96053099468 11111.9402827265 5474.53157655424 4303.04566001491 1915.28942163036 7422.58023934809 6254.40947897171 9618.81254275666 4945.91792201633 6327.38741038084 4858.48620941423 8241.01428724049 2994.19028348312 7188.71887066352 979.315584827191 1262.53149074176 4077.38564727302
6463.81912008388 12765.4296337491 4804.26960910239 5599.17732180649 10173.8229000335 3907.63573990941 7242.23495852959 3706.07051626234 12757.5049602802 10189.915840651 7820.48892628395 8452.51367281342 0.0 11949.5659755086 5143.06877081187 11072.7945977779 11017.5210347389 10423.8866397265 1543.03830927684 8739.56184328651 11238.5368244779 4318.04030384341 1666.06874562763 1353.81175941571 7982.60983991331 3521.47407744357 7608.06593739239 7235.67659027741 9941.64663394087 8582.17129105382 3186.48365558246 2615.75762937552 12115.3469000911 7847.55596804794 6434.00660598491 5765.32844345699 4402.16432480532 7720.5441209696 3230.88825146262 8286.66614377323 6615.33449155251 10201.9797017732 2427.24168562309 3609.81327458827 9945.3397129195 5473.5927871344 7436.02388036996 9425.05171193117 7840.17777244757 6463.81912008388
6164.4526757075 962.164656235962 7994.72586962428 10174.3237444977 2903.40252605671 8934.06800329746 11289.3517340253 12312.944451919 2066.33090134546 4231.71949792359 6721.69122732676 8637.91227442721 11949.5659755086 0.0 11020.7218425215 5869.67659574002 2163.10272668636 4914.63532591998 11496.8024124929 3481.37936936196 4171.7644423945 7934.17603988902 11246.4839271952 10596.4627056425 5813.77013514484 14963.8743584921 4608.31758949514 5438.29276943588 3996.27348961151 4783.02089497649 13469.7536918291 9973.23841426751 1365.55138711939 4124.04633567061 9164.42241521276 6251.66923060367 10464.066198893 10342.4789221682 8855.79103817456 3686.73346616345 7246.10981633244 3774.67399523206 11388.7703568153 9587.97712175929 2323.80194111799 9307.08668397218 4660.40069438173 8834.35010125824 9709.09051680947 6164.4526757075
4935.48637223904 11550.1737114889 3396.23597832798 955.801948372375 8377.21661682701 6988.94049051652 2099.25393480431 2072.46927400696 10964.7071329332 7671.37722580638 4684.04087349023 4079.59822870865 5143.06877081187 11020.7218425215 0.0 7692.85598433779 11050.4907924053 7525.9029925556 3601.7185734448 7568.83709750213 8570.79982234561 4048.93677621809 3489.42452431818 4741.48617195219 5398.27948894946 5575.70180208263 6531.56772076663 5596.07006024527 7618.28762070197 6389.10476650765 3656.00078878722 6299.89021702272 11747.5128045006 7308.47359875114 9865.66697282246 5545.79021567017 950.055933846682 2732.8509788705 5653.50414207893 7662.12740442108 9001.31329535706 7915.0009727224 2725.81254951847 2409.09656921235 9796.61006645989 1719.57058541861 7803.52010569366 4923.80216544474 3059.88469171616 4935.48637223904
4876.93912110308 5775.90532531573 6272.93184890794 6739.63189025219 3310.84384752543 9882.70690561806 6941.58359141884 9610.15161224009 4532.24616013192 1908.98829921775 3280.01314889492 3885.16345554271 11072.7945977779 5869.67659574002 7692.85598433779 0.0 7371.14268324065 1149.56809042376 9943.0551010161 4372.07016688354 1718.229861369 6903.85158646295 9702.54123558489 9891.46684923019 3162.22211831126 12984.843464661 4700.38189209649 4300.52539189436 2305.05059559169 3006.99447686418 11128.6494668787 10283.6070484725 7173.40557344066 5379.62937853597 11650.7377672664 6183.21744296908 7628.03756169439 5796.14933464139 9011.6957342082 5243.63366824978 9792.40423189563 2351.43778824143 9399.48725619428 7598.84188645808 6481.36961174861 6194.48892771229 6719.98377246321 3563.10367237795 5147.66146917657 4876.93912110308
6132.47203097707 3054.59212186149 7750.7369568639 10311.3928424115 4077.24710573858 7588.80950892473 11710.0107685944 12019.675018419 4207.1300437079 5519.32854701436 7327.25346999397 9422.10691199202 11017.5210347389 2163.10272668636 11050.4907924053 7371.14268324065 0.0 6280.54434053411 10832.8574706606 3731.06879371677 5800.08588120249 7440.29057088313 10596.3088439972 9694.6704388978 6390.07604015111 14276.7613603261 4561.85429117955 5575.81981996915 5176.68774494795 5454.46395464486 12979.343545197 8764.27263323869 1283.8266129533 3742.20651358464 7314.66672506755 5705.96457836145 10350.5943878822 10906.7680518138 7801.29674024726 3400.08419031724 5499.36984703044 5050.07446655231 10890.283675948 9242.22041550843 1255.39373282515 9405.85515003388 3606.79289590934 9819.34232399679 10325.4040524838 6132.47203097707
4044.80935181771 4950.60468509353 5633.62855825572 6573.67811569848 2203.63413671125 8936.28824282184 7091.35858686148 9322.05513538819 3860.95413070948 769.642008594374 2870.69606978505 4104.79552930407 10423.8866397265 4914.63532591998 7525.9029925556 1149.56809042376 6280.54434053411 0.0 9400.62150455359 3229.89630916301 1077.06020710511 6157.23535730978 9152.37191708958 9186.89506020383 2446.17027489323 12586.1178409783 3638.41620189826 3379.13890397243 1157.0607177865 2008.3191461429 10782.7354218127 9428.04718343881 6170.92238803969 4262.83365253069 10580.6353700157 5242.16690901712 7320.82027522215 5993.58057953082 8148.15329311781 4107.21646691027 8698.40753054789 1231.3631878298 8937.0145839654 7080.73944751399 5351.39978254521 5908.54711336647 5601.81400350247 4052.22119757437 5330.8900259027 4044.80935181771
5620.99747191087 12245.1171651048 3800.1920566732 4096.64806476191 9432.62659856424 4500.10016194415 5700.94930063225 2281.49484948309 12073.3479269805 9257.42982241135 6663.23947659989 7059.04333150313 1543.03830927684 11496.8024124929 3601.7185734448 9943.0551010161 10832.8574706606 9400.62150455359 0.0 8125.0943687247 10290.7964322834 3580.43518224942 255.381291514397 1619.54272248927 6960.676796085 3469.71434264449 6967.65512375759 6416.50834203506 9053.22837542683 7683.07168875595 2301.41870522359 3383.3791636528 11832.3588087813 7378.477912969 7301.51250976891 5249.13427746586 2890.90810258329 6209.76966907321 3424.64419954592 7812.72309577402 7083.29678469337 9330.04030440818 885.728231785283 2344.95629148776 9676.31412011491 4064.90775599184 7231.08132513815 8019.41460232283 6364.95864274847 5620.99747191087
2683.07667507907 4138.11117361323 4523.22505929028 6751.9198214413 1606.43160193682 6310.92814769702 8022.11161962513 8833.95470700124 4024.79154342177 2518.35880238812 3597.14973878699 5705.05387166105 8739.56184328651 3481.37936936196 7568.83709750213 4372.07016688354 3731.06879371677 3229.89630916301 8125.0943687247 0.0 3343.79553722074 4544.81135450543 7871.23523777456 7393.98911017514 2661.67360786452 11572.9071395352 1158.13566658492 1972.76967765403 2110.6475323183 1779.74053801092 10019.5717996178 7101.9939338056 4207.48073724696 1151.65462705527 7506.84490844028 2978.17357883527 6986.08766492604 7183.36501267546 5867.31045412024 888.81026088515 5569.7679804612 2185.6647129442 7952.10925923631 6124.43520194669 2536.12533489134 5866.84563899057 2430.5967316389 6165.14253680593 6595.75392309514 2683.07667507907
4784.17253718498 4059.17870525364 6495.55881780866 7621.90405548669 1905.2817479256 9452.77577036433 8168.22660100462 10328.0847123842 2856.92830887307 1050.61872525252 3893.38632850238 5173.408699022 11238.5368244779 4171.7644423945 8570.79982234561 1718.229861369 5800.08588120249 1077.06020710511 10290.7964322834 3343.79553722074 0.0 6930.44296612932 10039.2793341491 9965.53458418995 3347.36301413249 13539.7506791953 4049.71022297842 4044.13413327786 1358.47070671648 2663.32692602018 11763.4220502384 10058.7067521077 5496.62002473081 4477.62991530923 10848.2708660702 5819.31605330933 8328.20725153713 7067.95276513136 8780.60567631057 4225.1635130786 8913.4073309846 1178.70692081236 9872.76347813833 7999.4820940746 5036.04909862326 6930.34466315081 5773.47038117216 5067.85811041235 6405.33657536479 4784.17253718498
2147.88814376527 8667.2486243282 930.915930177494 3656.84277228177 5889.23855103338 3526.29147096754 5525.18227588162 4597.73045834673 8511.61019688972 5880.22792627891 3795.81473830541 5116.93152279881 4318.04030384341 7934.17603988902 4048.93677621809 6903.85158646295 7440.29057088313 6157.23535730978 3580.43518224942 4544.81135450543 6930.44296612932 0.0 3326.85107178612 3036.3095225271 3749.60685572647 7035.86229303332 3387.77091494785 2918.24146137032 5624.46839211147 4269.06048425197 5567.84341972344 3494.58898841012 8350.02372446678 3837.18634020672 6170.51433286172 1737.3771385814 3166.93981811018 5319.48596122077 2313.53576739255 4263.62163247622 5022.72879945664 5883.94226218566 3474.93790399386 1839.87925651176 6231.20265274069 2876.7891260722 3933.88034797316 6060.4652630401 5080.2399624608 2147.88814376527
5365.78178965579 11992.5202960067 3547.1720061097 3936.84311877988 9177.24540290465 4365.24820270614 5586.41317613577 2315.28402979529 11818.0734565765 9005.09952794812 6423.30649713767 6857.56807171895 1666.06874562763 11246.4839271952 3489.42452431818 9702.54123558489 10596.3088439972 9152.37191708958 255.381291514397 7871.23523777456 10039.2793341491 3326.85107178612 0.0 1525.3971799231 6711.2343606693 3718.17090813073 6713.6561847638 6161.24026570585 8799.55168633797 7429.3195272311 2488.19457196806 3290.80493800754 11589.4753833515 7129.51704388224 7193.6398736518 5000.57625440641 2736.90110481082 6056.50598306077 3249.22935182658 7563.24997736855 6916.50106806268 9076.03199492654 831.431937790473 2107.92296932424 9435.44071864074 3864.23566098811 6996.92345242462 7821.83349475492 6191.2666757398 5365.78178965579
5181.44042764917 11411.7067190535 3631.22643698383 4979.31376901834 8844.71778753484 2901.3631244994 6786.47610617744 3834.78735365913 11415.2636291167 8915.05130736777 6683.79437697813 7547.37280526452 1353.81175941571 10596.4627056425 4741.48617195219 9891.46684923019 9694.6704388978 9186.89506020383 1619.54272248927 7393.98911017514 9965.53458418995 3036.3095225271 1525.3971799231 0.0 6761.42380303926 4674.22717755124 6268.51718499324 5938.52209331905 8652.09092538655 7302.90869634336 3868.95609356843 1767.06894951292 10777.1194025795 6493.89337861694 5681.96978739326 4417.16002311583 3864.2770538431 7077.27203881502 1966.31758583689 6932.96318445004 5541.20139912085 8906.09330392342 2320.74717535601 2725.45728545613 8606.49984442977 4658.29579569462 6101.68753485514 8526.6869967261 7093.78858570368 5181.44042764917
1736.74396543381 6225.37591841608 3187.57989714738 4484.51961103891 3012.83617563306 6792.45323968746 5476.03883194569 7027.83296325335 5566.50812273968 2345.91277082035 938.963068658259 3050.35146567355 7982.60983991331 5813.77013514484 5398.27948894946 3162.22211831126 6390.07604015111 2446.17027489323 6960.676796085 2661.67360786452 3347.36301413249 3749.60685572647 6711.2343606693 6761.42380303926 0.0 10193.2565164757 2179.74233319875 1336.63404264207 2232.77983627961 1032.86705260051 8430.07900693411 7127.8351050431 6763.47140680186 3106.65513934251 8809.78645937037 3135.57606421631 5040.31205151581 4561.49184109346 5860.93812380153 3218.97588383473 7085.17054510134 2529.03959792738 6525.49045148099 4654.45266879471 5194.91859845254 3695.54453374582 4307.09920093053 3594.5341755958 3953.35797948872 1736.74396543381
9008.58397090136 15702.5047746433 7143.95450416518 6435.34652339742 12828.8745433869 7427.78575876202 7353.59082592272 3503.76404055247 15481.9480232205 12531.9292541329 9746.49705106743 9623.55517373013 3521.47407744357 14963.8743584921 5575.70180208263 12984.843464661 14276.7613603261 12586.1178409783 3469.71434264449 11572.9071395352 13539.7506791953 7035.86229303332 3718.17090813073 4674.22717755124 10193.2565164757 0.0 10414.8129398599 9803.72147195357 12364.8990416629 11004.5056379464 1919.74438467761 6136.80010807068 15295.6836324422 10847.67432141 9886.8774425551 8718.58979236563 5381.84129421353 8252.91838325079 6640.54060107238 11281.3726352348 10133.1449162482 12650.6409464758 3679.0337759396 5562.97322557988 13135.103858397 6807.35863775794 10670.1690984731 10495.7752357889 8633.4159143056 9008.58397090136
1597.27400224053 5293.14774629882 3386.95560022139 5759.17771790588 2598.10952248797 5406.80162075774 7166.47300170489 7709.21076342406 5150.05151758677 3067.07030026086 3023.52672235926 5156.06390798334 7608.06593739239 4608.31758949514 6531.56772076663 4700.38189209649 4561.85429117955 3638.41620189826 6967.65512375759 1158.13566658492 4049.71022297842 3387.77091494785 6713.6561847638 6268.51718499324 2179.74233319875 10414.8129398599 0.0 1036.34349147725 2699.06864604865 1714.08326092757 8869.75954409157 6085.94912629315 5219.23441459523 944.25747534918 6950.96740520043 1874.47096635576 5899.05067200845 6425.43052636724 4825.74870750792 1170.49491689412 5103.05619910176 2879.18212706272 6797.8860962076 4980.5535230253 3309.48529746145 4857.9144850555 2146.72644196344 5768.12801654028 5885.45985953913 1597.27400224053
796.328913486662 6031.9804510088 2664.57170234392 4785.5902538457 3025.15446109526 5582.88944203406 6138.24307630255 6912.88797502297 5679.65984827987 2995.72444632802 2058.27775352984 4164.81532607639 7235.67659027741 5438.29276943588 5596.07006024527 4300.52539189436 5575.81981996915 3379.13890397243 6416.50834203506 1972.76967765403 4044.13413327786 2918.24146137032 6161.24026570585 5938.52209331905 1336.63404264207 9803.72147195357 1036.34349147725 0.0 2714.70813717311 1391.0535149753 8166.18500582723 6052.0464660877 6166.21952101007 1966.96008343096 7485.65592979315 1882.69206426836 5028.33225534802 5389.23286212921 4771.54792372431 2202.53866255551 5748.55620875152 2967.95010362273 6137.26004109717 4267.88114856062 4328.77228012785 3895.93754987783 3035.38501016114 4833.14206089411 4852.92427613271 796.328913486662
3477.90979876784 4201.53036614773 5254.03756261125 6692.03806151276 1126.29472524882 8096.71499043515 7499.89055394474 9255.04612145401 3367.41209795639 408.301100949392 2976.91756496197 4684.00445756315 9941.64663394087 3996.27348961151 7618.28762070197 2305.05059559169 5176.68774494795 1157.0607177865 9053.22837542683 2110.6475323183 1358.47070671648 5624.46839211147 8799.55168633797 8652.09092538655 2232.77983627961 12364.8990416629 2699.06864604865 2714.70813717311 0.0 1370.36176168459 10635.293038184 8703.41983316293 5173.12440602995 3197.17917727451 9561.87664428682 4462.24943832919 7271.74594250773 6474.05407888867 7426.32319450464 2997.95724431672 7649.01155119799 296.80579901587 8686.56763332759 6803.33458151356 4206.72630029578 5924.57002844194 4523.21063971966 4838.10623421279 5821.53779780451 3477.90979876784
2121.56844490852 5197.14730367148 3884.4331027643 5490.13185533434 1992.16387653125 6928.02740492778 6506.39082106449 7940.5723902855 4591.61625975379 1612.72540642786 1944.16793686937 3973.90377065014 8582.17129105382 4783.02089497649 6389.10476650765 3006.99447686418 5454.46395464486 2008.3191461429 7683.07168875595 1779.74053801092 2663.32692602018 4269.06048425197 7429.3195272311 7302.90869634336 1032.86705260051 11004.5056379464 1714.08326092757 1391.0535149753 1370.36176168459 0.0 9292.16328497395 7439.70842815581 5758.53107873986 2506.37953995578 8650.60089358013 3234.97183340008 5975.08569195143 5574.33731663565 6159.10030702266 2495.90456370926 6816.59329080247 1648.65682533114 7325.48564898533 5441.56895066834 4298.74198949777 4674.66016293985 3820.17600193911 4388.38401761143 4954.15967980776 2121.56844490852
7381.75515337995 14156.3597697355 5508.91106876975 4521.2561961985 11177.2187570611 6770.29378806559 5475.65376348313 1584.07652855464 13834.0834428918 10775.9668414806 7922.44095204283 7708.7055685188 3186.48365558246 13469.7536918291 3656.00078878722 11128.6494668787 12979.343545197 10782.7354218127 2301.41870522359 10019.5717996178 11763.4220502384 5567.84341972344 2488.19457196806 3868.95609356843 8430.07900693411 1919.74438467761 8869.75954409157 8166.18500582723 10635.293038184 9292.16328497395 0.0 5587.86216999456 13917.232039993 9401.59791616181 9507.35249204214 7300.70526176607 3502.17389594433 6342.48606864005 5726.06149372785 9823.5169429189 9381.81725977826 10926.0820980129 2093.43281788131 3901.60359156048 11788.4570604981 4935.31718961455 9404.41409465376 8576.48219151468 6714.27173196584 7381.75515337995
5408.01702716238 10857.9451289382 4348.33177532574 6374.18485608817 8668.43863458973 1306.89187724666 8257.23324570151 5591.32602478364 11080.8827760663 9023.30171615281 7279.40933663911 8533.79525049849 2615.75762937552 9973.23841426751 6299.89021702272 10283.6070484725 8764.27263323869 9428.04718343881 3383.3791636528 7101.9939338056 10058.7067521077 3494.58898841012 3290.80493800754 1767.06894951292 7127.8351050431 6136.80010807068 6085.94912629315 6052.0464660877 8703.41983316293 7439.70842815581 5587.86216999456 0.0 9941.25289175236 6048.78585706854 3924.6913981574 4243.32452091282 5372.34084379833 8385.03646080291 1280.61327636294 6468.29470034333 4013.54584610873 8921.6085752805 4069.23162213222 4027.34725010808 7803.62939965143 5876.26884543508 5319.91832325479 9498.15185245906 8294.51361910624 5408.01702716238
6816.38805872795 2020.81613238948 8553.80209151152 10951.8017566557 4049.00174820897 8798.35350436477 12210.4446726104 12870.358043638 3370.04814644917 5452.73143424973 7696.39776975104 9706.27339299349 12115.3469000911 1365.55138711939 11747.5128045006 7173.40557344066 1283.8266129533 6170.92238803969 11832.3588087813 4207.48073724696 5496.62002473081 8350.02372446678 11589.4753833515 10777.1194025795 6763.47140680186 15295.6836324422 5219.23441459523 6166.21952101007 5173.12440602995 5758.53107873986 13917.232039993 9941.25289175236 0.0 4532.47271654583 8598.26733434418 6617.01015792847 11112.1359829796 11324.945913256 8926.10862292089 4130.25301296066 6777.85188775438 4983.45118392136 11823.8440476541 10102.1692831827 2170.64096678955 10059.7231252264 4680.38438871704 9984.12808787246 10711.4640450341 6816.38805872795
2406.67937560857 4917.94637995591 4030.86293306624 6581.56492875675 2751.98155720102 5195.22974693785 8059.71370735034 8339.02208073169 5032.14760397428 3597.82987309423 3966.07081797967 6099.96053099468 7847.55596804794 4124.04633567061 7308.47359875114 5379.62937853597 3742.20651358464 4262.83365253069 7378.477912969 1151.65462705527 4477.62991530923 3837.18634020672 7129.51704388224 6493.89337861694 3106.65513934251 10847.67432141 944.25747534918 1966.96008343096 3197.17917727451 2506.37953995578 9401.59791616181 6048.78585706854 4532.47271654583 0.0 6372.29735685932 2129.59037969881 6616.27565715187 7349.86214630227 4847.27811652847 439.379568602994 4451.83237586394 3306.69874051856 7310.33592075214 5569.71136641785 2489.60680526037 5673.88685117901 1340.36661509004 6700.62760736443 6819.66724925786 2406.67937560857
7188.62157491765 10126.444443466 7089.9938996438 9715.29058543136 9056.39538657106 2896.60882388563 11623.3183455239 9461.6918384041 10842.7897223879 9956.79503388863 9334.00177139318 11111.9402827265 6434.00660598491 9164.42241521276 9865.66697282246 11650.7377672664 7314.66672506755 10580.6353700157 7301.51250976891 7506.84490844028 10848.2708660702 6170.51433286172 7193.6398736518 5681.96978739326 8809.78645937037 9886.8774425551 6950.96740520043 7485.65592979315 9561.87664428682 8650.60089358013 9507.35249204214 3924.6913981574 8598.26733434418 6372.29735685932 0.0 5725.74279623746 8915.63845006457 11489.7808454306 4215.61779234392 6636.32848957373 1972.41483885432 9678.99595337832 7938.27619788091 7462.18143697165 6851.18222439093 9019.28624332486 5088.15251983505 11984.977971532 11234.9402322629 7188.62157491765
1462.90754141659 7025.1360876343 2149.77888845453 4968.02157819837 4472.29842250594 3701.01535902931 6686.99175362623 6317.84520722393 7002.25872095737 4790.56392248283 3608.54359365621 5474.53157655424 5765.32844345699 6251.66923060367 5545.79021567017 6183.21744296908 5705.96457836145 5242.16690901712 5249.13427746586 2978.17357883527 5819.31605330933 1737.3771385814 5000.57625440641 4417.16002311583 3135.57606421631 8718.58979236563 1874.47096635576 1882.69206426836 4462.24943832919 3234.97183340008 7300.70526176607 4243.32452091282 6617.01015792847 2129.59037969881 5725.74279623746 0.0 4745.35773897247 6220.09679431314 2970.33631707561 2565.16275963328 4144.37273639736 4678.28405630359 5207.277756855 3542.5374285188 4493.83177862127 4082.12277301147 2262.73286375132 6298.16043436756 5822.30002146353 1462.90754141659
4308.89467423326 11049.6875056195 2610.9116259829 1207.26202888937 7933.86786723999 6039.50450448731 2922.21107958354 2001.27540201844 10565.6100533025 7372.72157352833 4450.54538567455 4303.04566001491 4402.16432480532 10464.066198893 950.055933846682 7628.03756169439 10350.5943878822 7320.82027522215 2890.90810258329 6986.08766492604 8328.20725153713 3166.93981811018 2736.90110481082 3864.2770538431 5040.31205151581 5381.84129421353 5899.05067200845 5028.33225534802 7271.74594250773 5975.08569195143 3502.17389594433 5372.34084379833 11112.1359829796 6616.27565715187 8915.63845006457 4745.35773897247 0.0 3320.26914689104 4703.5876488448 6992.59012912343 8071.49401739771 7567.30661320636 2071.02677516837 1462.51180463121 9103.26276540868 1433.58656431626 7007.75635368504 5228.47662103555 3490.82592453958 4308.89467423326
5042.75252951281 10664.761945789 4406.90054813549 2122.93506158782 7467.8054544889 8770.54712805003 1157.85302261077 4774.56605721987 9787.38033852926 6384.75221291361 3630.67104749286 1915.28942163036 7720.5441209696 10342.4789221682 2732.8509788705 5796.14933464139 10906.7680518138 5993.58057953082 6209.76966907321 7183.36501267546 7067.95276513136 5319.48596122077 6056.50598306077 7077.27203881502 4561.49184109346 8252.91838325079 6425.43052636724 5389.23286212921 6474.05407888867 5574.33731663565 6342.48606864005 8385.03646080291 11324.945913256 7349.86214630227 11489.7808454306 6220.09679431314 3320.26914689104 0.0 7458.65984120234 7586.16761847813 10243.4454620602 6750.51208232662 5370.70691013187 4385.4169223937 9680.46191305415 2518.25727734664 8248.82823363402 2449.84068475201 662.693618888971 5042.75252951281
4134.76979000783 9715.65697610914 3217.38545793596 5559.41304645509 7417.17181936485 1340.19727523955 7470.21735533491 5367.69092750047 9869.88224345337 7743.87184805856 6051.38429600971 7422.58023934809 3230.88825146262 8855.79103817456 5653.50414207893 9011.6957342082 7801.29674024726 8148.15329311781 3424.64419954592 5867.31045412024 8780.60567631057 2313.53576739255 3249.22935182658 1966.31758583689 5860.93812380153 6640.54060107238 4825.74870750792 4771.54792372431 7426.32319450464 6159.10030702266 5726.06149372785 1280.61327636294 8926.10862292089 4847.27811652847 4215.61779234392 2970.33631707561 4703.5876488448 7458.65984120234 0.0 5275.97792506709 3670.24991010455 7647.21987726426 3877.16269880843 3258.55269770403 6762.81743889598 4943.3226590597 4251.09339177306 8371.70159245905 7298.04465729351 4134.76979000783
2733.72538261715 4478.77038824683 4423.60157517209 6911.69520229258 2428.42893162597 5586.87500302471 8336.92473072936 8741.69235053412 4616.9294924189 3405.13029159054 4116.76143241847 6254.40947897171 8286.66614377323 3686.73346616345 7662.12740442108 5243.63366824978 3400.08419031724 4107.21646691027 7812.72309577402 888.81026088515 4225.1635130786 4263.62163247622 7563.24997736855 6932.96318445004 3218.97588383473 11281.3726352348 1170.49491689412 2202.53866255551 2997.95724431672 2495.90456370926 9823.5169429189 6468.29470034333 4130.25301296066 439.379568602994 6636.32848957373 2565.16275963328 6992.59012912343 7586.16761847813 5275.97792506709 0.0 4690.34906679795 3073.15973682528 7733.80726641169 5978.30317709151 2145.2121695858 6006.82248670635 1550.15052205469 6803.52363645777 7035.88900757534 2733.72538261715
5573.66793557729 8205.9238629823 5872.34908265241 8678.97836717115 7099.64453709838 2709.35968665912 10542.1503147855 9008.15599085371 8879.54472032148 8049.12485317221 7703.46480796147 9618.81254275666 6615.33449155251 7246.10981633244 9001.31329535706 9792.40423189563 5499.36984703044 8698.40753054789 7083.29678469337 5569.7679804612 8913.4073309846 5022.72879945664 6916.50106806268 5541.20139912085 7085.17054510134 10133.1449162482 5103.05619910176 5748.55620875152 7649.01155119799 6816.59329080247 9381.81725977826 4013.54584610873 6777.85188775438 4451.83237586394 1972.41483885432 4144.37273639736 8071.49401739771 10243.4454620602 3670.24991010455 4690.34906679795 0.0 7751.70669262542 7538.92430441837 6619.51853630286 4923.47446082097 7886.33704876586 3140.40953910326 10434.2459806363 9905.88775363594 5573.66793557729
3740.75056467876 3939.61398044241 5532.56949518118 6988.35814053021 972.832732884306 8285.73683384215 7783.62676656387 9549.56810952572 3074.73839434607 472.810565654235 3270.35983772119 4945.91792201633 10201.9797017732 3774.67399523206 7915.0009727224 2351.43778824143 5050.07446655231 1231.3631878298 9330.04030440818 2185.6647129442 1178.70692081236 5883.94226218566 9076.03199492654 8906.09330392342 2529.03959792738 12650.6409464758 2879.18212706272 2967.95010362273 296.80579901587 1648.65682533114 10926.0820980129 8921.6085752805 4983.45118392136 3306.69874051856 9678.99595337832 4678.28405630359 7567.30661320636 6750.51208232662 7647.21987726426 3073.15973682528 7751.70669262542 0.0 8971.86441551368 7088.19171433529 4129.97278018085 6221.32599048347 4615.09939613128 5067.25980759209 6096.06118338603 3740.75056467876
5344.76772660508 12090.1580973798 3473.03194923448 3276.01184948192 9160.77102391702 5074.17096782221 4823.7060183082 1524.78506519936 11816.7431580824 8858.47698929766 6129.57805520062 6327.38741038084 2427.24168562309 11388.7703568153 2725.81254951847 9399.48725619428 10890.283675948 8937.0145839654 885.728231785283 7952.10925923631 9872.76347813833 3474.93790399386 831.431937790473 2320.74717535601 6525.49045148099 3679.0337759396 6797.8860962076 6137.26004109717 8686.56763332759 7325.48564898533 2093.43281788131 4069.23162213222 11823.8440476541 7310.33592075214 7938.27619788091 5207.277756855 2071.02677516837 5370.70691013187 3877.16269880843 7733.80726641169 7538.92430441837 8971.86441551368 0.0 1883.93998863882 9695.95834666679 3351.0108181756 7325.10403720283 7272.44446763213 5561.80435939746 5344.76772660508
3480.7536302498 10258.2881990949 1607.30827074254 2347.22225696749 7286.49632933402 4598.23215168374 4241.18553536082 2777.49618670586 9943.63407141191 6979.81849430977 4318.8426148551 4858.48620941423 3609.81327458827 9587.97712175929 2409.09656921235 7598.84188645808 9242.22041550843 7080.73944751399 2344.95629148776 6124.43520194669 7999.4820940746 1839.87925651176 2107.92296932424 2725.45728545613 4654.45266879471 5562.97322557988 4980.5535230253 4267.88114856062 6803.33458151356 5441.56895066834 3901.60359156048 4027.34725010808 10102.1692831827 5569.71136641785 7462.18143697165 3542.5374285188 1462.51180463121 4385.4169223937 3258.55269770403 5978.30317709151 6619.51853630286 7088.19171433529 1883.93998863882 0.0 8016.86583706756 1932.84532099805 5770.62368733379 5835.70689758753 4370.31147570611 3480.7536302498
4877.0920438249 3282.52958754924 6508.58063773238 9056.07871059431 3180.02371802297 6698.24913035416 10466.3292121256 10793.6927046695 4071.3368421853 4581.77963085668 6126.8808018425 8241.01428724049 9945.3397129195 2323.80194111799 9796.61006645989 6481.36961174861 1255.39373282515 5351.39978254521 9676.31412011491 2536.12533489134 5036.04909862326 6231.20265274069 9435.44071864074 8606.49984442977 5194.91859845254 13135.103858397 3309.48529746145 4328.77228012785 4206.72630029578 4298.74198949777 11788.4570604981 7803.62939965143 2170.64096678955 2489.60680526037 6851.18222439093 4493.83177862127 9103.26276540868 9680.46191305415 6762.81743889598 2145.2121695858 4923.47446082097 4129.97278018085 9695.95834666679 8016.86583706756 0.0 8150.46804379593 2512.75354793999 8685.57592982927 9108.53910847701 4877.0920438249
3273.39474384322 9830.62978761654 2021.9603677404 908.568225851576 6660.20886044291 6261.71207338823 2657.09293794943 3423.8930814924 9257.86488758085 5998.42284354962 3039.47103240967 2994.19028348312 5473.5927871344 9307.08668397218 1719.57058541861 6194.48892771229 9405.85515003388 5908.54711336647 4064.90775599184 5866.84563899057 6930.34466315081 2876.7891260722 3864.23566098811 4658.29579569462 3695.54453374582 6807.35863775794 4857.9144850555 3895.93754987783 5924.57002844194 4674.66016293985 4935.31718961455 5876.26884543508 10059.7231252264 5673.88685117901 9019.28624332486 4082.12277301147 1433.58656431626 2518.25727734664 4943.3226590597 6006.82248670635 7886.33704876586 6221.32599048347 3351.0108181756 1932.84532099805 8150.46804379593 0.0 6292.32583473968 3957.93741523814 2440.98799622972 3273.39474384322
3207.57031378248 5564.69112888439 4409.99301068776 7191.77423704521 3969.15186245467 4282.97308992077 8835.02552220744 8529.67805908833 5964.1696257805 4927.05414902054 5093.59304621502 7188.71887066352 7436.02388036996 4660.40069438173 7803.52010569366 6719.98377246321 3606.79289590934 5601.81400350247 7231.08132513815 2430.5967316389 5773.47038117216 3933.88034797316 6996.92345242462 6101.68753485514 4307.09920093053 10670.1690984731 2146.72644196344 3035.38501016114 4523.21063971966 3820.17600193911 9404.41409465376 5319.91832325479 4680.38438871704 1340.36661509004 5088.15251983505 2262.73286375132 7007.75635368504 8248.82823363402 4251.09339177306 1550.15052205469 3140.40953910326 4615.09939613128 7325.10403720283 5770.62368733379 2512.75354793999 6292.32583473968 0.0 7866.610857212 7774.02412197277 3207.57031378248
4862.06436145712 8977.55635228566 5159.31851166759 4077.02551643099 5945.75431153398 9562.47981098243 3596.90698256284 6992.55845057796 7908.99092555149 4627.44349675836 2777.01873772957 979.315584827191 9425.05171193117 8834.35010125824 4923.80216544474 3563.10367237795 9819.34232399679 4052.22119757437 8019.41460232283 6165.14253680593 5067.85811041235 6060.4652630401 7821.83349475492 8526.6869967261 3594.5341755958 10495.7752357889 5768.12801654028 4833.14206089411 4838.10623421279 4388.38401761143 8576.48219151468 9498.15185245906 9984.12808787246 6700.62760736443 11984.977971532 6298.16043436756 5228.47662103555 2449.84068475201 8371.70159245905 6803.52363645777 10434.2459806363 5067.25980759209 7272.44446763213 5835.70689758753 8685.57592982927 3957.93741523814 7866.610857212 0.0 1904.0952655623 4862.06436145712
