CustNum 60 StaNum 12
0.0 4407.55391735549 4134.76979000783 5408.01702716238 3333.16201644405 2406.67937560857 2121.56844490852 2167.21014974527 5388.42148169241 6132.47203097707 5447.73148092218 4964.38875132005 1736.74396543381 7247.61430850904 3910.15932890932 5986.5399557874 6164.4526757075 1597.27400224053 7629.6200303161 6862.12872125404 5808.46440596946 3520.19752647815 3820.65254429178 3326.47220312085 4054.40037517112 3217.55415050305 4360.94317982913 2775.67159655498 2525.34558955225 780.536351548103 5196.39740276289 5713.87488301458 6816.38805872795 4784.17253718498 6019.82655185602 2146.29023494261 3421.94852966743 9008.58397090136 3974.03686326636 2527.6231202189 5672.90249240089 6743.23509539715 6050.14273251358 5059.93357337835 4281.83180774668 5547.46050551194 4930.07109904954 5549.31717134603 7190.80516037877 8592.69171476735 2438.5660304295 2977.22336361906 5711.78609097662 3068.88767862987 4044.80935181771 4826.18709798854 3594.54449066281 1745.64095571257 4152.1928083464 5432.79091602009 3166.46446487273 6015.61024562341 3207.57031378248 2346.52137145167 3359.18068251518 797.33227384993 1332.02030658525 1498.75554746141 2170.53182154152 3306.02108852068 4228.33242553 4877.0920438249 3432.90195966844 0.0
4407.55391735549 0.0 7285.98605522436 8459.23588077367 7417.66573385839 2456.59591708834 3152.93097490512 6081.90706856544 9778.25795503546 2500.59709438258 2193.56984883466 6032.72074332247 4163.50338915335 3121.69767616883 7854.69497031102 4297.4830674435 1756.99907193516 2856.18100465768 7027.14461853219 8603.97365970487 8748.21815093844 1426.07259947897 1576.79822367432 5806.12130686336 8379.30245425312 6421.69039903738 5749.09533255814 2661.62897061714 4842.4882636516 4979.0953094459 3435.84810299929 1310.49912918108 2606.21608316249 3365.41032637243 4998.3841979076 5093.26713078617 7641.69043834193 13243.5004823969 7905.84578387956 3863.92588810644 8844.84124605222 3896.9463222956 8482.87732990549 7514.47274602574 2369.88402735417 8841.73748449524 1059.01124834843 7779.17890872321 6283.72868360577 12873.7208627284 1975.88944898462 4555.72200415674 7630.06713963413 7422.93717341796 3780.37709840237 9217.32990717941 3761.99666627383 6057.5715130893 3477.15152451636 6895.67100154816 7544.51450618691 5926.86416732227 3262.29355460512 6560.48131864178 3721.47622903192 4237.78634577228 5697.55437526931 5067.88316583671 2847.13113724985 5533.1867610016 2538.59072195816 1686.12038626331 1615.64518596532 4407.55391735549
4134.76979000783 7285.98605522436 0.0 1280.61327636294 5598.27860293473 4847.27811652847 6159.10030702266 5301.83611673266 5551.43251546584 7801.29674024726 9008.98944178748 3002.00028043035 5860.93812380153 10406.8772580882 6229.74280849561 6083.64683165693 8855.79103817456 4825.74870750792 6029.19077931841 10542.3106039701 8885.14853706936 7032.79812684381 7417.17181936485 7151.61196384413 3261.62685149041 6651.73151100293 8379.7233350329 4650.05919714612 2445.16453295629 4453.4893804371 5813.50481007494 8490.50220395765 8926.10862292089 8780.60567631057 5498.39205528423 6051.38429600971 2528.09675509203 6640.54060107238 1701.79405576809 3446.64548792731 8561.75425059104 7518.27564492039 9457.49156639009 1340.19727523955 8103.46394281715 8334.40402645584 7240.525884486 9135.98041620196 6033.26143082814 6452.04703745605 5753.15511063152 7083.82374694614 2309.39170080269 3142.34781281253 8148.15329311781 4259.98312046079 4011.83685292318 4358.32983124597 4706.13132918751 2683.53817141683 4423.4985728539 4598.26076057135 4251.09339177306 2554.85983319753 3902.11053476301 3608.9392500227 4104.69037707439 5305.87887324222 4462.51110037625 7229.65422300825 5537.49343152536 6762.81743889598 5728.19348726288 4134.76979000783
5408.01702716238 8459.23588077367 1280.61327636294 0.0 6589.06308939955 6048.78585706854 7439.70842815581 6447.10417384067 6055.93873408275 8764.27263323869 10246.2931237529 3470.12665468161 7127.8351050431 11579.2678645249 7192.53596263805 6785.59333410733 9973.23841426751 6085.94912629315 6197.53532205326 11683.9761314216 9912.60904132817 8279.67975563153 8668.43863458973 8353.88852688194 3849.86531002221 7795.90384702348 9612.96759866644 5801.63084985113 3630.9846635076 5692.70256841092 6660.552024629 9627.38149135103 9941.25289175236 10058.7067521077 6078.97774228428 7279.40933663911 3316.0815049512 6136.80010807068 2305.95396799628 4595.82868436056 9555.660676736 8301.8086244397 10547.682949145 1306.89187724666 9370.67338537106 9312.04801093814 8333.83695580848 10268.9868414758 6362.50074942248 6056.68855528083 7000.22913104469 8343.15680365994 2109.98881807191 4022.79804323533 9428.04718343881 4712.13103353708 4996.18727829693 5499.67941529355 5636.38198368839 2838.26360757058 5333.30933700989 4985.50513049989 5319.91832325479 3650.21443188871 4925.60113117165 4889.05235369411 5288.33671074105 6532.99252321226 5670.92158501642 8449.28167971313 6542.56615484315 7803.62939965143 6872.94386162551 5408.01702716238
3333.16201644405 7417.66573385839 5598.27860293473 6589.06308939955 0.0 5725.25726582827 4385.84417837878 1339.82880560882 2834.48866785569 9405.75541409464 7806.68260000403 7655.28310377238 3363.38063233157 9836.65733689493 655.244239711305 9270.95192693353 9125.44582029819 4847.34483828534 10613.2622521447 5326.67964723509 3328.31587963387 6215.53001386499 6375.09902437147 2821.88569878672 3167.1527162521 1842.68463992322 4197.04547777392 6108.36333599972 5312.6692777403 2577.51826030564 8512.89594478445 8663.43039137414 9967.78857779107 6447.47425037762 9207.74290805771 2577.86241547451 3322.74379392381 7500.44001832382 4346.81520341942 5699.62824791538 2969.60442541643 10076.36483525 4049.6117012285 6893.96043191252 6436.70417386146 2736.36165908619 8114.25528083802 3927.67721690757 10282.0808319151 6962.79540892776 5489.46774657521 3770.15603217149 7793.39666087949 2589.76767430046 5396.81044573137 3146.43108780498 6807.44172039889 1654.58384564686 7428.13846245831 7843.0214593592 1322.60983041384 8980.75959123282 6491.82151066942 3063.48920930052 6572.33732685742 3984.31153262819 2097.01222300744 2359.35689121162 5503.64885412515 3113.53133526496 7561.40765743062 8155.84062767927 6712.06185576607 3333.16201644405
2406.67937560857 2456.59591708834 4847.27811652847 6048.78585706854 5725.25726582827 0.0 2506.37953995578 4487.12784788992 7710.04504820892 3742.20651358464 4234.00413626357 4074.44175531046 3106.65513934251 5567.46272633052 6277.30140112088 3826.55786153965 4124.04633567061 944.25747534918 5985.07433155663 8401.50015758745 7854.3167248093 2346.81651896207 2751.98155720102 5024.20406386669 6073.44159205826 5277.50131703044 5569.74387219463 572.225026715189 2417.8034194709 3147.82793711833 2950.65387469902 3717.66708553619 4532.47271654583 4477.62991530923 4097.13816771204 3966.07081797967 5286.7115982143 10847.67432141 5471.07115119426 1507.76137326464 7809.54523299665 4372.5635655962 7882.16440370385 5195.22974693785 3587.17014471468 7728.59320113292 2658.21781200201 7267.74086063205 5391.43957749575 10501.1228127211 1179.20622918711 4098.37096583106 5459.88243331332 5162.73958378573 4262.83365253069 6982.77605175842 1918.49677501326 4151.10034987084 2138.66345307253 4843.4315829626 5526.22469011943 4523.31371685666 1340.36661509004 4231.69580067584 1753.65748845112 1955.91320166281 3728.52722731741 3599.12537682943 390.587410232916 4862.59911410559 1886.73086934808 2489.60680526037 1072.42135585424 2406.67937560857
2121.56844490852 3152.93097490512 6159.10030702266 7439.70842815581 4385.84417837878 2506.37953995578 0.0 3052.3807576555 6977.08765959826 5454.46395464486 3507.81915721699 6336.3146408862 1032.86705260051 5475.83857925939 4759.05642635154 6259.43345825441 4783.02089497649 1714.08326092757 8487.76557074897 5925.79688818299 5665.05950267303 1840.8864901574 1992.16387653125 2722.50285890125 6038.23053545482 3269.28726640181 3068.45153481832 3077.60377586438 4135.74321896895 2287.65218429019 5350.00764270006 4322.73395969683 5758.53107873986 2663.32692602018 6597.69859139877 1944.16793686937 5491.02083787142 11004.5056379464 6094.01778619567 3630.91266581354 5721.90760670744 6518.49239377908 5529.48972440574 6928.02740492778 2223.00764183575 5703.49135263987 4024.67942279157 4870.3807971062 7897.15176614866 10557.6058090173 1540.61375192756 1618.36634441953 7437.286074179 5045.17392285724 2008.3191461429 6679.68939959222 4377.37004006635 3284.60833685214 4643.4434528961 6986.54659407675 4777.76611244324 6995.9147230526 3820.17600193911 4440.81465811317 4182.53459488246 2553.92859404004 3044.14560369601 2041.73150080676 2603.53130823525 2492.47516364681 4236.66856284875 4298.74198949777 3024.70194592263 2121.56844490852
2167.21014974527 6081.90706856544 5301.83611673266 6447.10417384067 1339.82880560882 4487.12784788992 3052.3807576555 0.0 4004.33697618673 8115.28547805339 6503.66699700847 6895.20580922291 2039.33883924824 8516.848105325 1804.11218030096 8152.89991234764 7785.94326805203 3578.23244125035 9718.46515403336 5242.27175561997 3760.0028980872 4877.24053836534 5044.01945787827 2025.4627038794 3653.85245551771 1350.72656512027 3415.52584372977 4913.11518733483 4460.90657786839 1387.03111518513 7352.95056253235 7323.91326968411 8641.64740744447 5239.2746722049 8175.10274483424 1352.66988609354 3474.85991045452 8412.00034449346 4409.29334766944 4664.41220739078 3560.36365318021 8858.65974907373 4186.42814225142 6494.7793989614 5146.31102207381 3410.06918042186 6798.46221655369 3834.15431798172 9319.19315495236 7908.12182940353 4166.50783406947 2630.34673479175 7310.40918814819 2791.01811187576 4223.26039396975 3980.26230975951 5750.81029419111 947.539693122832 6319.39764149174 7216.11353675036 1954.77868427067 8089.88544009974 5374.77914544214 2800.22633146014 5514.72519004434 2909.75771081867 1238.29113953648 1019.55123410594 4302.67359181846 2224.48778848024 6355.51197098387 6872.0791041052 5435.63911842668 2167.21014974527
5388.42148169241 9778.25795503546 5551.43251546584 6055.93873408275 2834.48866785569 7710.04504820892 6977.08765959826 4004.33697618673 0.0 11445.7064840116 10475.244933444 8327.75229562729 6010.18704223982 12446.5134373632 2901.28132473573 10728.88844678 11530.5925807914 6982.53853084115 11425.3724175288 7625.93768915293 5262.79214712089 8734.42594016957 8953.44670518537 5647.63653152588 2290.07898647972 4653.49699358556 6998.87731141388 7945.88407716787 6444.67643788113 4810.36037902701 10123.2614994431 11074.4468082832 12199.2380733836 9236.54520702164 10435.1822482654 5343.21909946889 3093.13131205796 4829.98096001448 3867.48309437288 7176.46349245793 4760.73988095486 11817.0631934226 6229.17564600044 6863.9884485871 9135.78268393429 4465.79498942207 10310.8588470305 6347.02945293068 11280.5719999178 4262.01049085168 7802.3922891396 6583.11241028369 7845.01065400874 2747.81399441284 8202.94256734149 1345.55135938696 8237.87739798289 3735.93564730992 8949.98108966604 8203.54292136322 2234.87641420765 9863.96643865007 8096.19629674382 3747.07797344455 8023.2054835731 5763.03236591675 4080.70407262406 4955.57030505201 7398.8239668027 5945.76883848494 9351.44039019498 10197.7751382488 8774.30379874725 5388.42148169241
6132.47203097707 2500.59709438258 7801.29674024726 8764.27263323869 9405.75541409464 3742.20651358464 5454.46395464486 8115.28547805339 11445.7064840116 0.0 4271.75888452568 5626.91008246257 6390.07604015111 3971.1448084288 9919.38037665356 2702.78378444475 2163.10272668636 4561.85429117955 5455.98838456152 11097.4112487166 11118.5557118083 3901.83387907853 4077.24710573858 8172.25638668135 9706.98427471848 8678.44129627374 8230.25834161388 3523.84069588535 5508.73778512202 6841.37670777969 2246.66913233458 2222.44923212455 1283.8266129533 5800.08588120249 3617.77814078733 7327.25346999397 8875.90018609011 14276.7613603261 8864.24453511966 4526.94563627095 11170.5715360272 1598.86509838787 10923.0930801733 7588.80950892473 4834.06093830677 11139.1944702016 1464.14572671603 10230.9853320012 4663.30705697455 13987.574722705 4001.24558340661 6972.52105894359 7379.04086535974 8844.81328051308 6280.54434053411 10662.5541067128 3790.85509537223 7876.91134994403 3128.16048749616 6516.47048848893 9268.43066496468 4866.54188742401 3606.79289590934 7874.55056782758 3903.82915443838 5682.78703065373 7462.32666836008 7148.51895380406 4047.50250783314 7923.40866124724 2275.61279854348 1255.39373282515 2700.72553427188 6132.47203097707
5447.73148092218 2193.56984883466 9008.98944178748 10246.2931237529 7806.68260000403 4234.00413626357 3507.81915721699 6503.66699700847 10475.244933444 4271.75888452568 0.0 8133.00767483319 4469.69766405744 2082.67872507611 8091.98151361827 6452.41221229095 2374.26285209804 4214.34759652177 9209.99886420837 7527.66370914692 8264.09545083626 1989.26827240419 1636.36919782858 5522.06817574403 9486.30458038884 6379.851023349 4936.64398100133 4607.48800121114 6628.98012622362 5773.52959761553 5615.33763600936 2101.74358117643 3735.95010984525 1891.37927634352 7184.54481466747 5241.18511609126 8867.47555173369 14451.2564834775 9331.01064416487 5739.51676586163 8484.85656231322 5834.60442291425 7754.48360232528 9429.19834462814 1385.15145567522 8555.03889889063 3080.33870545687 7026.2876377195 8457.85142204419 14023.2037381185 3260.85135087373 4236.10617478296 9653.91089385156 8493.54985864952 2819.05284329504 10175.6582540798 5852.01053046115 6791.77397408403 5644.02202166624 8970.45109999446 8285.08633576843 8116.04375971343 5309.68284662491 7784.71963171458 5776.290422695 5578.39600874673 6534.68003649643 5521.25084715595 4593.57039535531 5194.81058387511 4728.39035223442 3808.40180329899 3684.93993882574 5447.73148092218
4964.38875132005 6032.72074332247 3002.00028043035 3470.12665468161 7655.28310377238 4074.44175531046 6336.3146408862 6895.20580922291 8327.75229562729 5626.91008246257 8133.00767483319 0.0 6531.11618260723 9000.79818485037 8309.76919330112 3356.66859464928 7219.71229708821 4634.46710991272 3097.73627236082 11822.6473480765 10654.5963162899 6387.85958745469 6790.85402232486 8286.47563396957 6076.05895030959 8126.01333197349 9208.86255202447 3582.16195979245 2451.74607009972 5630.98405414742 3398.5070043934 6964.60820996154 6883.71231640372 8551.53821174439 2609.61349075967 7106.42824364386 5236.24096681742 9541.53243439322 4632.87266480012 2706.51021801237 10441.6419403093 4914.66327873174 10992.5730615469 2168.53048221981 7652.78448674258 10267.5823662013 5572.63289620224 10512.0398867488 3032.85629327802 9400.81455097165 5248.66211569859 7739.2507582439 1754.22775435246 5658.89596159211 8264.49205839663 7118.01832785641 2281.32147401959 6084.60874912893 2636.7741722641 896.413108368295 6753.56952469457 1596.36699193632 2831.65706326417 4758.30060729873 2367.4901538295 4174.76754915676 5686.09894977708 6453.11083902275 3821.94165864907 8242.60760855366 3639.7460229012 4904.9065833621 4451.48528337775 4964.38875132005
1736.74396543381 4163.50338915335 5860.93812380153 7127.8351050431 3363.38063233157 3106.65513934251 1032.86705260051 2039.33883924824 6010.18704223982 6390.07604015111 4469.69766405744 6531.11618260723 0.0 6477.68819335498 3726.21574914099 6933.13478706077 5813.77013514484 2179.74233319875 8954.51204438233 5366.29738953515 4785.71545701107 2873.73639684967 3012.83617563306 1917.91418066713 5257.2987754821 2288.63610694781 2680.79905095711 3646.39805546092 4160.1535566074 1550.37896945653 6050.37666588062 5352.96925288203 6763.47140680186 3347.36301413249 7162.67425944028 938.963068658259 4807.08075161086 10193.2565164757 5527.97993162417 3898.15845997071 4793.10744117183 7352.41177011033 4775.76797061309 6792.45323968746 3126.54686605414 4750.76436102052 4989.40689909843 4171.39596056896 8424.01392019122 9724.24469559384 2395.53348351008 1245.45945602453 7417.1199261178 4278.74716214134 2446.17027489323 5808.94875828522 4814.69116595348 2397.71061873377 5205.88176961242 7080.28461581954 3848.07054820975 7394.5219327315 4307.09920093053 3823.27545943642 4596.27239121892 2422.11507300737 2244.10954409039 1055.3795284047 3082.09803768501 1776.30517363731 4960.04288628272 5194.91859845254 3835.7694574561 1736.74396543381
7247.61430850904 3121.69767616883 10406.8772580882 11579.2678645249 9836.65733689493 5567.46272633052 5475.83857925939 8516.848105325 12446.5134373632 3971.1448084288 2082.67872507611 9000.79818485037 6477.68819335498 0.0 10148.0672934113 6604.23615181281 1857.10644495333 5827.53303377467 9399.60594225866 9442.85107475991 10325.5500105946 3737.60476849024 3493.23595518354 7604.74662904044 11298.7337766922 8456.43320670044 6975.48352798791 5778.28793224584 7964.04994235027 7673.94067994476 5943.40476243429 2038.02373884304 2904.37942017192 3884.02915711615 7473.71725032806 7289.74827743404 10617.0234208377 16230.8532359315 10965.1362659773 6983.43926462565 10558.5693093395 5532.54973412489 9776.19670846079 10610.8642441318 3461.92952271717 10633.623291053 3436.28801991707 9049.60932373944 8609.84365670052 15831.9230796321 4867.69514872855 6317.51342502816 10664.94331248 10316.3026636226 4880.2493466081 12056.1555263911 6784.66954505585 8725.94191151859 6369.91695705499 9886.50752480637 10230.8952720198 8615.76493108935 6332.14287735762 9527.39751055422 6777.24348391045 7232.38246283841 8431.37017653052 7515.41154096026 5956.64192000779 7277.35642443305 5368.60420165886 4148.94561653821 4713.87958617258 7247.61430850904
3910.15932890932 7854.69497031102 6229.74280849561 7192.53596263805 655.244239711305 6277.30140112088 4759.05642635154 1804.11218030096 2901.28132473573 9919.38037665356 8091.98151361827 8309.76919330112 3726.21574914099 10148.0672934113 0.0 9877.48608474214 9535.01622631179 5378.17979360393 11261.3669970158 4901.30386297081 2765.49405928691 6599.82154688951 6727.69821839923 2833.34666309193 3650.85872689004 1833.11037960974 4127.65738870168 6682.79935879475 5960.11879217 3138.61081951847 9104.57980059012 9073.45514813745 10430.1324609248 6626.01267244945 9835.51490657912 2859.79252750685 3898.894252366 7694.40901107628 4926.28972676415 6322.24896765698 2369.07794180672 10643.0546189779 3568.11661405113 7533.39047714575 6709.85569392558 2119.61741733733 8596.66795216694 3540.19908989075 10922.3053985823 7138.57691307499 5962.15818355487 3937.86148261596 8439.21690089025 3173.99273684509 5556.18807490537 3470.75264548237 7427.46924569289 2283.73857920382 8035.64522953239 8497.06378617994 1870.40487668968 9628.44452431088 7095.53855198794 3707.05305230116 7191.76986237256 4592.20881450612 2721.73712014986 2792.95155135157 6074.48530169246 3154.28193300115 8132.5654161101 8675.94599819964 7238.32628059296 3910.15932890932
5986.5399557874 4297.4830674435 6083.64683165693 6785.59333410733 9270.95192693353 3826.55786153965 6259.43345825441 8152.89991234764 10728.88844678 2702.78378444475 6452.41221229095 3356.66859464928 6933.13478706077 6604.23615181281 9877.48608474214 0.0 4750.32416635932 4762.206673935 2805.03135110594 12185.2243091703 11664.6104163733 5338.36310508318 5663.40674970645 8850.36879950067 8671.25440753765 9072.14687856761 9316.99969432137 3301.36208748902 4293.56344649218 6767.05145273011 922.498013126107 4670.7949978456 3969.53309994648 7564.90499792048 930.796209112825 7783.23016627693 7796.71763765124 12724.1871704909 7488.45954863004 3604.21670808598 11595.1622355521 1580.90721539407 11708.2276288389 5504.571600339 6556.78304187444 11495.9786291254 3386.55467697893 11087.9375595489 2025.23340777935 12524.5134320479 4743.99305497477 7876.60964198388 5064.83142642841 7985.97883404825 7716.01443070028 9705.8111310603 2504.20282592957 7620.90549564232 1842.82856134586 4174.91474780163 8758.82828500237 2237.10602729337 2782.34404348903 6982.71340308692 2730.30682922928 5287.0561761939 7177.42061496421 7357.92646950097 3898.52770302292 8682.54901417578 2034.64218083465 2645.06217010872 3303.20965019619 5986.5399557874
6164.4526757075 1756.99907193516 8855.79103817456 9973.23841426751 9125.44582029819 4124.04633567061 4783.02089497649 7785.94326805203 11530.5925807914 2163.10272668636 2374.26285209804 7219.71229708821 5813.77013514484 1857.10644495333 9535.01622631179 4750.32416635932 0.0 4608.31758949514 7549.76284717976 9761.89733372812 10207.33523544 2948.14541731348 2903.40252605671 7308.98762327171 10125.5909508884 8015.54091068669 7020.32295021809 4211.68248257303 6418.47019622651 6725.76278844038 4090.0953647796 462.041498176354 1365.55138711939 4171.7644423945 5616.61820024662 6721.69122732676 9375.50014752203 14963.8743584921 9594.89704647784 5409.51301972687 10353.9282727393 3756.22125504718 9829.84492323932 8934.06800329746 3358.25386591491 10377.8265820281 1659.46627656642 9107.79509402415 6761.69556703814 14604.9645808287 3730.28898774917 6016.48792443968 8916.3745607877 9174.54234711761 4914.63532591998 10972.5020493561 5060.12087629898 7804.27869157966 4583.10683477375 8112.38135710498 9296.06745016771 6766.25080128923 4660.40069438173 8299.50627538684 5081.83390904573 5977.30114540584 7450.3759650147 6767.02434281929 4510.2656358898 7010.4829565478 3580.84926916542 2323.80194111799 3135.86225558174 6164.4526757075
1597.27400224053 2856.18100465768 4825.74870750792 6085.94912629315 4847.34483828534 944.25747534918 1714.08326092757 3578.23244125035 6982.53853084115 4561.85429117955 4214.34759652177 4634.46710991272 2179.74233319875 5827.53303377467 5378.17979360393 4762.206673935 4608.31758949514 0.0 6817.61104597147 7514.92132551442 6910.85012371217 2225.37340405659 2598.10952248797 4096.64989028198 5524.69171326212 4333.44773277936 4721.23692321151 1467.09747507821 2560.55877188489 2279.66191111056 3893.41548656703 4166.56179760721 5219.23441459523 4049.71022297842 4987.42597944178 3023.52672235926 4802.23972500504 10414.8129398599 5150.26684350493 1928.79649113671 6865.70244238064 5299.09873050922 6953.43505232017 5406.80162075774 3289.88812565169 6786.55993437311 3332.83178138347 6350.08364819499 6260.47212886771 10031.780131092 967.651106062477 3236.92337956132 5822.77179382975 4566.88353519341 3638.41620189826 6365.29978082225 2683.56904715479 3326.32040910317 3028.1136815527 5315.30923604151 4763.6418065129 5297.22915456338 2146.72644196344 3715.49219389056 2479.93791057284 1404.9362836102 2926.04595388464 2664.006338226 914.290413594129 3948.92413389207 2829.06869155201 3309.48529746145 1864.74324965431 1597.27400224053
7629.6200303161 7027.14461853219 6029.19077931841 6197.53532205326 10613.2622521447 5985.07433155663 8487.76557074897 9718.46515403336 11425.3724175288 5455.98838456152 9209.99886420837 3097.73627236082 8954.51204438233 9399.60594225866 11261.3669970158 2805.03135110594 7549.76284717976 6817.61104597147 0.0 14319.5348453813 13435.4067539393 7913.08495760364 8272.69344469244 10835.1937135273 9171.37602703357 10846.8194945196 11536.7611466166 5412.84957885588 5301.28152139701 8371.97454474259 3594.69712595994 7475.57254324896 6680.72408807312 10173.303733567 2030.61672937086 9683.69438417932 8333.95276624522 12325.6726494344 7702.50915779616 5113.13427463806 13275.9567373425 4041.47268812267 13651.1246497615 4940.61620891298 9178.52950558928 13127.6835946874 6172.77451973242 13100.1602072219 792.855239192686 12253.5853390582 7088.21495556944 10054.0716816665 4101.73105059876 8745.50647720718 10179.6009539317 10210.9982611414 4141.12202729953 8990.92278234852 3869.20205118221 3393.73896492992 9799.01643096291 1633.30470500671 4673.22515056052 7821.66666175784 4358.2918833215 6839.75898173537 8567.28455915808 9118.57080450559 5903.98103599172 10728.792455922 4561.97784093462 5423.21324499678 5802.21894856546 7629.6200303161
6862.12872125404 8603.97365970487 10542.3106039701 11683.9761314216 5326.67964723509 8401.50015758745 5925.79688818299 5242.27175561997 7625.93768915293 11097.4112487166 7527.66370914692 11822.6473480765 5366.29738953515 9442.85107475991 4901.30386297081 12185.2243091703 9761.89733372812 7514.92132551442 14319.5348453813 0.0 2434.36319209703 7196.57724154814 7037.49693866257 3536.33720210274 8493.75600389769 3891.55029988283 2889.49754885552 8963.37010260727 9387.15597147824 6252.73858535531 11274.6438788609 9373.02565939893 11034.4642808325 5637.27876264524 12495.8742543456 4716.70002252337 8572.19968939166 12447.2977156091 9568.30376110096 9252.90921300709 2954.15493692572 12349.9142609645 1408.03896179697 11708.2049320101 6408.97710178974 3239.03725469696 9635.13289593088 1419.44925222762 13775.3914261787 11871.7573041181 7450.90870878162 4309.68558554251 12478.7108871182 7842.23064819456 4864.09323276285 8369.00783718636 10178.6016915737 6188.93523306131 10534.8899807747 12281.1055144885 6642.73778075655 12759.2364292467 9659.83309435615 8033.76324326008 9961.84260075733 7647.98759631694 6445.85186739255 5395.61425584438 8428.19656996814 3598.43944243014 10160.0059135156 10075.8547066449 8926.17330887628 6862.12872125404
5808.46440596946 8748.21815093844 8885.14853706936 9912.60904132817 3328.31587963387 7854.3167248093 5665.05950267303 3760.0028980872 5262.79214712089 11118.5557118083 8264.09545083626 10654.5963162899 4785.71545701107 10325.5500105946 2765.49405928691 11664.6104163733 10207.33523544 6910.85012371217 13435.4067539393 2434.36319209703 0.0 7337.1707057324 7310.52122962139 2948.00920304603 6411.03849965672 2603.01262284449 3371.48703572165 8363.56385013057 8215.15861772212 5065.2387347867 10804.2297968405 9769.41343958226 11334.8862328577 6459.16311112622 11798.2516930156 3889.05402516191 6648.38646472662 10056.9709856071 7673.98070682041 8334.91257020269 520.160946437844 12137.6535499824 1038.65166348406 10149.7048168247 6942.97396616737 809.752697397196 9679.40997552216 1505.00290570628 12995.4307864055 9477.20417768155 7164.3728261566 4201.84070340437 11011.3777529206 5916.94870545804 5446.92129942944 6129.27094347099 9381.95390382136 4619.36972606934 9877.5079361779 10964.6588190409 4627.96293523217 11815.2586323819 8942.82479535042 6330.89208677832 9149.14051958911 6595.68603819444 4984.08089936047 4337.20934902508 7767.74091884831 3215.55002717179 9730.72882356149 9956.94825136893 8620.69628383779 5808.46440596946
3520.19752647815 1426.07259947897 7032.79812684381 8279.67975563153 6215.53001386499 2346.81651896207 1840.8864901574 4877.24053836534 8734.42594016957 3901.83387907853 1989.26827240419 6387.85958745469 2873.73639684967 3737.60476849024 6599.82154688951 5338.36310508318 2948.14541731348 2225.37340405659 7913.08495760364 7196.57724154814 7337.1707057324 0.0 405.27422630461 4403.87551665445 7574.57994488228 5071.01294120404 4329.80593114159 2805.70148612926 4682.37120702654 3941.12589067838 4423.9998317885 2490.20317520215 3998.11863483851 2261.52482417477 5900.153255567 3774.04716273613 6920.45747561679 12524.5607751833 7350.06933548301 3846.0562683548 7449.64951061834 5201.63297638752 7057.03344443274 7511.54287815149 1284.93367013257 7458.19536350377 2438.66198166243 6353.14585190987 7221.07096412073 12112.7462675513 1279.83592739128 3137.78179793578 7806.46944475278 6587.70674220604 2428.87484029877 8318.69556806671 4144.5661859075 5002.2845009596 4107.28774343504 7181.00253792826 6508.4927138921 6620.74433595068 3568.84899828211 5832.62610559611 4025.48686664752 3594.13071891594 4696.16174677642 3859.00452903539 2674.59675648111 4121.99835511212 3361.00140551792 2922.96693482198 2113.3688221693 3520.19752647815
3820.65254429178 1576.79822367432 7417.17181936485 8668.43863458973 6375.09902437147 2751.98155720102 1992.16387653125 5044.01945787827 8953.44670518537 4077.24710573858 1636.36919782858 6790.85402232486 3012.83617563306 3493.23595518354 6727.69821839923 5663.40674970645 2903.40252605671 2598.10952248797 8272.69344469244 7037.49693866257 7310.52122962139 405.27422630461 0.0 4405.65495207907 7868.98596841023 5134.10686266016 4202.38136689185 3208.90472693975 5079.12689280057 4189.77831603516 4755.84128923876 2459.79301066461 4049.00174820897 1905.2817479256 6253.16279621496 3876.46920094646 7236.23788316317 12828.8745433869 7695.49302513584 4250.2033855004 7450.67001159188 5443.42035640766 6974.81341195423 7911.95741328402 906.228717393492 7475.22408985854 2629.60473711724 6261.07081259403 7571.11442087982 12408.0163451636 1669.81321217217 3114.0191603772 8211.48234179562 6878.25314645966 2203.63413671125 8585.92257049193 4543.18736467822 5234.40166814437 4487.72631876184 7585.83961399992 6738.48041740843 7002.44782595883 3969.15186245467 6151.68667237741 4427.15150128025 3945.34960691713 4949.8719386851 4033.59673309445 3077.74520242504 4107.72042786397 3712.70766141241 3180.02371802297 2484.66345264345 3820.65254429178
3326.47220312085 5806.12130686336 7151.61196384413 8353.88852688194 2821.88569878672 5024.20406386669 2722.50285890125 2025.4627038794 5647.63653152588 8172.25638668135 5522.06817574403 8286.47563396957 1917.91418066713 7604.74662904044 2833.34666309193 8850.36879950067 7308.98762327171 4096.64989028198 10835.1937135273 3536.33720210274 2948.00920304603 4403.87551665445 4405.65495207907 0.0 5662.79384738556 1002.78249870416 1406.18642443031 5563.68260277256 5851.80602229041 2747.81523525509 7964.5743495415 6862.85815071419 8400.77530798434 3881.0893963013 9073.32658546593 1180.42522262397 5496.05673610952 10295.9954932363 6409.51335303065 5739.35571608421 3047.32064336188 9225.16113709205 2857.96260255886 8249.96074646411 4149.86865886117 3071.44980727945 6731.42287028185 2265.61437495709 10324.4858720023 9768.2909701818 4240.2187901639 1301.96380432182 8981.37587484027 4816.46824615493 2804.81369095001 5887.16101557579 6704.78272235983 2919.53905767588 7119.65486141929 8752.50552693564 3884.30431432658 9254.2701317207 6212.31851479035 4751.06272402589 6481.28298130908 4111.73079453363 3067.97126627582 1880.48266397185 4993.95509894425 335.702061662117 6868.84512852197 7020.53169074484 5712.79192897971 3326.47220312085
4054.40037517112 8379.30245425312 3261.62685149041 3849.86531002221 3167.1527162521 6073.44159205826 6038.23053545482 3653.85245551771 2290.07898647972 9706.98427471848 9486.30458038884 6076.05895030959 5257.2987754821 11298.7337766922 3650.85872689004 8671.25440753765 10125.5909508884 5524.69171326212 9171.37602703357 8493.75600389769 6411.03849965672 7574.57994488228 7868.98596841023 5662.79384738556 0.0 4822.48692952686 7063.93410196061 6188.56123309039 4389.6763147961 3755.96855886333 8150.20304327581 9688.74639406952 10601.1768520511 8601.98421987879 8294.15748287522 4913.55011899171 874.99805643379 4968.38285162029 1589.17935921651 5244.8062899948 5987.11592849524 9877.83505566209 7204.18445647265 4579.23855237559 8259.47406453361 5716.40451066239 8731.61885653351 7091.54046573543 9064.37921159739 4539.16253919198 6452.8573089292 6193.13826196711 5559.42461449789 993.950958582085 7683.34563015778 1048.53534715915 6232.89356376418 2899.77056146905 6964.94326059854 5917.25215102685 1856.4167413295 7635.60572943521 6187.17256568155 1842.43409042029 6036.56738269666 4150.72646221052 3016.97585502622 4282.40698866731 5715.50444798466 5877.63922777316 7502.38337831611 8494.35208716727 7141.04185470048 4054.40037517112
3217.55415050305 6421.69039903738 6651.73151100293 7795.90384702348 1842.68463992322 5277.50131703044 3269.28726640181 1350.72656512027 4653.49699358556 8678.44129627374 6379.851023349 8126.01333197349 2288.63610694781 8456.43320670044 1833.11037960974 9072.14687856761 8015.54091068669 4333.44773277936 10846.8194945196 3891.55029988283 2603.01262284449 5071.01294120404 5134.10686266016 1002.78249870416 4822.48692952686 0.0 2354.50771521029 5773.86613644619 5675.08252528286 2497.75897087949 8221.55774831319 7559.90447231437 9027.65933616194 4824.78771068641 9195.24028596906 1351.51529429839 4759.0679932942 9339.95356606732 5724.756153827 5738.85357458142 2532.69685762623 9604.61816850788 2875.78287583481 7834.01633050549 4995.54902477933 2468.24851480561 7275.4395401303 2485.29236406773 10395.6656035507 8804.6887355485 4680.69039195376 2156.72883925546 8632.95524525052 4047.27378734924 3749.19038190504 4956.84034220594 6779.5973859293 2297.71828063019 7276.97858140981 8499.71452699607 2993.23523661991 9232.77616490088 6340.77143735318 4146.80098937796 6547.12490597036 4010.88321671667 2566.18939578471 1734.90675529796 5173.62288725378 1321.17717415354 7161.79013682178 7477.86715540498 6097.08424734135 3217.55415050305
4360.94317982913 5749.09533255814 8379.7233350329 9612.96759866644 4197.04547777392 5569.74387219463 3068.45153481832 3415.52584372977 6998.87731141388 8230.25834161388 4936.64398100133 9208.86255202447 2680.79905095711 6975.48352798791 4127.65738870168 9316.99969432137 7020.32295021809 4721.23692321151 11536.7611466166 2889.49754885552 3371.48703572165 4329.80593114159 4202.38136689185 1406.18642443031 7063.93410196061 2354.50771521029 0.0 6138.66852184093 6837.70354612674 3926.2993010431 8402.09404734538 6606.75553891536 8241.3447162545 3095.56428932039 9665.06440141025 2334.33537930845 6867.68098225341 11689.9296278112 7753.95917007977 6552.96927417421 3663.99656795166 9461.3430891507 2823.18120724161 9404.40993417327 3675.4906067914 3792.40363454985 6766.19353063316 2095.83972947497 10960.6708425228 11157.4855708878 4574.41762543531 1486.00777568818 10072.3311326662 6202.09452117697 2127.65759877455 7289.44316841231 7404.53138964642 4275.34726358878 7708.38497733006 9758.88496096489 5290.30695202717 10013.8733509265 6863.55060600186 6069.02016468884 7197.80944603369 5092.30330109563 4370.10182179741 3080.38056376851 5633.42775107254 1197.97194023421 7286.29911244622 7189.29030451026 6043.00990342181 4360.94317982913
2775.67159655498 2661.62897061714 4650.05919714612 5801.63084985113 6108.36333599972 572.225026715189 3077.60377586438 4913.11518733483 7945.88407716787 3523.84069588535 4607.48800121114 3582.16195979245 3646.39805546092 5778.28793224584 6682.79935879475 3301.36208748902 4211.68248257303 1467.09747507821 5412.84957885588 8963.37010260727 8363.56385013057 2805.70148612926 3208.90472693975 5563.68260277256 6188.56123309039 5773.86613644619 6138.66852184093 0.0 2207.75253643835 3544.39457773063 2452.23000583809 3840.46899293819 4444.51913476709 4993.21930081689 3532.58073671732 4482.42361469987 5367.92557946024 10855.3090027048 5444.26017454231 1207.0745385417 8301.04160229337 3969.72834289735 8420.52069681848 4862.29928611381 4073.92704154824 8209.4578574945 2634.19100298138 7815.24853582818 4822.00902525746 10534.5907195951 1721.72642886063 4664.46518484291 5046.53322562413 5321.21575819381 4821.35230843247 7138.72230899556 1367.65386479223 4495.75301812143 1571.88088337171 4383.70180224374 5804.92336502971 3957.42258463126 784.33977412636 4352.30140099453 1224.49405607143 2198.47175556598 4060.73354922835 4070.04164028495 610.599434980152 5412.07459021758 1453.60253588683 2307.06550825696 1078.24047038322 2775.67159655498
2525.34558955225 4842.4882636516 2445.16453295629 3630.9846635076 5312.6692777403 2417.8034194709 4135.74321896895 4460.90657786839 6444.67643788113 5508.73778512202 6628.98012622362 2451.74607009972 4160.1535566074 7964.04994235027 5960.11879217 4293.56344649218 6418.47019622651 2560.55877188489 5301.28152139701 9387.15597147824 8215.15861772212 4682.37120702654 5079.12689280057 5851.80602229041 4389.6763147961 5675.08252528286 6837.70354612674 2207.75253643835 0.0 3179.27798898863 3767.61265786117 6047.50750935992 6562.86512149797 6609.50988640178 4011.04277370106 4671.6217893886 3518.41658288854 8768.4492220855 3362.13137430745 1014.94714055695 8018.13389724036 5501.63909172862 8540.83935654843 2847.84858099132 5834.01596584948 7854.85051914031 4819.98157804348 8064.90263834674 4987.60473425681 8488.39221250957 3411.64529037389 5395.15175698826 3302.24600247323 3697.59438361217 6135.39095912967 5416.83595594585 1848.09270465706 3692.73059646855 2583.65800416276 2921.35518959933 4571.63627567201 3668.33518176113 1901.94692054887 2698.79496493136 1664.61637388594 1750.626022619 3275.41664625252 4004.8398872283 2041.25820604989 5824.62764435814 3236.87263666203 4392.39952006173 3285.82849615745 2525.34558955225
780.536351548103 4979.0953094459 4453.4893804371 5692.70256841092 2577.51826030564 3147.82793711833 2287.65218429019 1387.03111518513 4810.36037902701 6841.37670777969 5773.52959761553 5630.98405414742 1550.37896945653 7673.94067994476 3138.61081951847 6767.05145273011 6725.76278844038 2279.66191111056 8371.97454474259 6252.73858535531 5065.2387347867 3941.12589067838 4189.77831603516 2747.81523525509 3755.96855886333 2497.75897087949 3926.2993010431 3544.39457773063 3179.27798898863 0.0 5973.94524042989 6267.93920041407 7462.97615517089 4861.03454821707 6792.94509071017 1604.11670960141 3261.2286461579 8718.76380388686 3984.34850657224 3289.16691930629 4910.6799501265 7505.74228792288 5361.87932584029 5507.24647159612 4510.62788067782 4777.67199913925 5587.85062037716 4901.40403154604 7951.07943246536 8269.95538143408 3007.52904525036 2679.19793067395 6234.9229155733 2765.49164710896 3995.0082021977 4402.21856074693 4367.7323013308 1078.61927400247 4932.49077208092 6035.0062202524 2576.37788881674 6750.11619899813 3987.94381039735 2275.70451849831 4131.88829296169 1536.46916677789 761.315152985755 868.067267424008 2935.87449416638 2788.83439341157 4994.04572721706 5588.27432801433 4142.46914148338 780.536351548103
5196.39740276289 3435.84810299929 5813.50481007494 6660.552024629 8512.89594478445 2950.65387469902 5350.00764270006 7352.95056253235 10123.2614994431 2246.66913233458 5615.33763600936 3398.5070043934 6050.37666588062 5943.40476243429 9104.57980059012 922.498013126107 4090.0953647796 3893.41548656703 3594.69712595994 11274.6438788609 10804.2297968405 4423.9998317885 4755.84128923876 7964.5743495415 8150.20304327581 8221.55774831319 8402.09404734538 2452.23000583809 3767.61265786117 5973.94524042989 0.0 3947.74998906376 3523.73792400572 6659.97937003468 1574.35257992818 6916.60127950786 7282.4129458281 12420.0900120842 7081.45969669818 2946.88224240745 10751.0471429912 1736.78255135702 10820.8131614345 5433.22002705891 5653.55048596224 10661.4896038209 2595.98826965689 10192.4121351273 2848.23437844228 12182.6596372353 3827.77241787801 6968.20925360388 5152.68378152809 7401.77301391023 6794.51120187659 9166.58815116391 1919.53612796072 6874.65924892122 1185.28305161027 4280.95633022673 8083.47056636401 2679.38158963625 2044.98951338056 6397.37117829301 2114.46715305384 4537.30101698263 6432.64158107424 6522.25118612975 3060.29491227573 7788.35119077889 1115.90624269728 1843.90633236188 2380.85260086009 5196.39740276289
5713.87488301458 1310.49912918108 8490.50220395765 9627.38149135103 8663.43039137414 3717.66708553619 4322.73395969683 7323.91326968411 11074.4468082832 2222.44923212455 2101.74358117643 6964.60820996154 5352.96925288203 2038.02373884304 9073.45514813745 4670.7949978456 462.041498176354 4166.56179760721 7475.57254324896 9373.02565939893 9769.41343958226 2490.20317520215 2459.79301066461 6862.85815071419 9688.74639406952 7559.90447231437 6606.75553891536 3840.46899293819 6047.50750935992 6267.93920041407 3947.74998906376 0.0 1675.94929597841 3820.91206981918 5503.6765010315 6262.57367771262 8946.375089799 14542.4484429902 9186.74255377654 5045.16235685325 9909.22452402812 3816.89170833055 9408.65019346424 8616.28437290343 2964.09611899119 9929.6713979313 1398.96864649459 8688.72175976962 6694.71559578548 14177.7451695416 3277.15910600036 5573.69433772736 8638.02614507463 8733.39293826895 4514.40043842636 10527.3608863662 4763.15915992543 7346.28213088503 4332.18883996846 7851.94735188056 8839.69432758683 6603.37858756352 4333.68439590439 7867.23600194637 4768.23593803673 5544.27445641519 6994.9010242253 6304.98373667626 4106.47266937096 6567.17679233311 3330.60176854294 2123.84996390274 2762.31282864728 5713.87488301458
