CustNum 60 StaNum 12
0.0 4283.65040275468 4054.40037517112 3408.19736785059 4703.23482532401 5432.79091602009 5365.78178965579 2683.07667507907 3935.23467736254 6132.47203097707 4784.17253718498 6934.41996145416 3820.65254429178 4308.89467423326 2733.72538261715 6862.12872125404 6284.90704145618 5408.01702716238 7693.62335465937 8592.69171476735 7381.75515337995 5181.44042764917 3882.20399819909 7212.32343923438 7247.61430850904 6858.47520352823 4802.99909570295 5095.85670755837 5042.75252951281 5711.78609097662 7188.62157491765 6187.25070769429 5672.90249240089 7132.94609820968 3166.46446487273 7994.63030176557 3594.54449066281 6816.38805872795 6050.14273251358 5808.46440596946 4152.1928083464 6254.81747343177 4407.55391735549 4930.07109904954 2406.67937560857 2147.88814376527 3333.16201644405 3520.19752647815 3314.12262086592 2438.5660304295 4360.94317982913 3421.94852966743 6200.16522753427 3603.3558933804 6743.23509539715 5837.90952244492 5549.31717134603 6473.71687149904 3063.75389488283 7360.65457462631 3326.47220312085 4103.4787959502 1698.63395745331 4516.85083721234 4877.0920438249 6015.61024562341 3581.03029391578 2598.5640311066 4862.06436145712 3432.90195966844 5344.76772660508 4569.58483756973 4228.33242553 0.0
4283.65040275468 0.0 7359.27306331091 1275.38591769046 8680.09227872186 4109.28102347116 8122.92555040055 2826.88231649061 6715.8092969137 2566.87576150131 6006.67452257895 10429.4965488069 4108.64226414431 8186.57459428631 2002.07038140426 10419.7709612876 5926.49017844753 6201.65578477599 4698.63905339222 11502.7304391921 10551.8222218309 7150.70085101752 8119.27684477374 4198.9797585392 5805.63622139306 9390.82665494924 8865.75674657412 4644.93551196244 9316.55724682175 4929.88762449441 5223.36783668656 10439.1585804206 9839.38826674692 11094.2644932453 7205.26651403036 6275.73925534786 1228.62733567078 3749.61846898941 9931.76094921635 9897.83173075206 585.637228504625 8398.82401681711 2979.21498278141 2369.45553649274 2050.75237031044 5111.63144031337 7604.73646461031 3745.94866847798 4546.01664100084 3000.54856408748 7560.74920189191 6500.4553889528 4384.34035271033 5139.82722592412 2541.15406870535 7938.9115952061 9312.11231668728 5620.82296657934 3676.663315096 11396.2758527378 7073.95319826468 1448.63076515724 2618.12870195453 6720.74424636127 1690.70166311743 2950.24845241996 7716.91540245916 3828.12291169454 8751.23224338055 1635.85909616197 8480.57025551863 8813.81433334725 445.328358145435 4283.65040275468
4054.40037517112 7359.27306331091 0.0 6967.00844699942 2072.02171470589 5917.25215102685 1530.29428553709 6675.37892142017 7137.36430054128 9706.98427471848 8601.98421987879 3071.54631009022 7868.98596841023 1526.03509105803 6490.15988218512 8493.75600389769 10309.3925044649 3849.86531002221 8770.78658658518 4539.16253919198 3345.12342016372 2364.44183798158 2967.43139062207 8425.71039668894 11298.7337766922 2982.70866588253 5807.50007951459 9148.10492352798 4720.80718228264 5559.42461449789 7472.61385190598 5801.79852916382 5987.11592849524 7847.41672893171 1856.4167413295 12039.3425944215 6232.89356376418 10601.1768520511 7204.18445647265 6411.03849965672 6964.94326059854 2799.02181447093 8379.30245425312 8731.61885653351 6073.44159205826 2266.98539854507 3167.1527162521 7574.57994488228 7296.45083422343 6452.8573089292 7063.93410196061 874.99805643379 6723.71816730054 2841.35225143939 9877.83505566209 2554.39199687487 7091.54046573543 10525.193507658 7117.83475746987 7807.47458368303 5662.79384738556 6435.33945744806 5015.9645258105 1863.35731519793 8494.35208716727 7635.60572943521 4841.96224294324 6644.55038733432 6328.1730095505 7141.04185470048 1291.99804168464 4774.7702049995 7502.38337831611 4054.40037517112
3408.19736785059 1275.38591769046 6967.00844699942 0.0 8033.35992517717 4885.55916095456 7936.89205755114 1553.36902711703 5450.71013311456 2766.88709263129 4767.23802729284 10019.2136635939 2887.93449155324 7584.46533117594 781.088735074393 9184.43402389595 4920.29516343549 6520.37420683682 5899.63203346951 11325.558608168 10269.0786902313 7174.93721203154 7289.61937799902 5392.98729931214 5089.73451725929 9308.12900161788 7747.16030420272 3588.66326176672 8336.76046634841 5613.43473378722 6227.9021224335 9418.84434451246 8757.42022506308 9926.91946168128 6511.85506518524 5672.8069785024 1752.96154869162 3653.80901384419 8752.49521388893 8779.91647126651 1599.83584994119 8413.78409082673 2016.63596032414 1851.45228286132 1002.40153922463 4706.24052514158 6727.16695574464 2508.37790473973 3274.70274282111 1739.18550634846 6312.45415906335 6152.57033508321 5314.68124802743 5162.00276520104 3387.896309187 7952.91654616337 8114.05201500742 4721.02830369064 2406.98205356318 10249.3269991619 5902.39168070962 2275.76499812197 1955.69507787072 6654.93855709623 1529.7021373497 4114.51340937578 6642.0592831838 2555.81452736005 7584.2909101942 421.437964228536 8175.80400483562 7796.17388884552 975.931231923284 3408.19736785059
4703.23482532401 8680.09227872186 2072.02171470589 8033.35992517717 0.0 7871.96457277494 3153.71448686759 7359.58973907573 6661.63495062695 10794.7490956746 8501.40358990293 2655.56771735274 8226.17656375125 573.620038865676 7416.94900245597 7084.66297757554 10491.1345702921 5921.66300774251 10697.2169066396 4886.46005210979 3525.67867679624 4373.9764603871 1556.45961295836 10321.8152557622 11718.6410136889 4208.15860451246 4421.43214097736 9497.13623019153 2976.29134695969 7584.4194597769 9488.2015150795 3906.527391589 4298.99118928972 6140.76664087694 1536.86795468084 12496.2398416794 7679.07846628009 11519.5499487114 5705.68253268978 4781.3814126797 8379.37224353271 4499.14722195074 9076.15856168786 9632.64692680958 7053.42539060706 3708.85833965849 2118.97412255895 8012.42822582645 7497.36155661661 7101.25675757767 6304.94027100376 2752.74791849995 8695.3750416301 4797.25935765555 11219.225038017 4387.39178581745 5765.10159608992 10834.3347264851 7559.9683553659 6019.39667695906 4939.88741450507 7991.98926583013 6119.06489726391 3928.85837469447 9543.03191426465 9428.64673506829 3793.64571474102 7043.67474933161 5064.2908893154 8111.29626655153 2414.19624315796 3241.13081252164 8735.16457639117 4703.23482532401
5432.79091602009 4109.28102347116 5917.25215102685 4885.55916095456 7871.96457277494 0.0 5875.37791790566 5994.77519845823 9197.23073209526 6516.47048848893 9302.56651684617 8596.0377168403 7585.83961399992 7298.54358789232 5161.5960307128 12281.1055144885 9799.77534435196 2838.26360757058 2859.8577840006 8877.21648454649 8307.54802426864 4442.08520003971 8083.11680592018 2556.74757034317 9886.50752480637 6673.76067509118 10032.6316521069 8459.34318990237 9748.00431573732 889.927158400813 1772.48267169721 10949.7684082893 10714.7813887331 12377.0668760655 6830.0103368736 10382.1563719167 3133.97239450734 7776.83632546597 11375.4718485863 10964.6588190409 3529.43437887673 5520.66221780558 6895.67100154816 6462.6426039198 4843.4315829626 4431.99792129661 7843.0214593592 7181.00253792826 7666.51693270784 6002.12564065568 9758.88496096489 5126.986100038 836.474156466234 3082.48862433654 5749.03979834522 5125.73910281798 10936.190928703 9600.50662642818 6912.58922924581 12527.2091138376 8752.50552693564 2680.0124615942 4260.0971491791 4383.16657656757 5799.83487555643 2169.37211337642 8793.76993630557 6786.50863273522 10213.6477893727 5300.49960051746 6548.11613553138 9477.00099303974 4531.61457054423 5432.79091602009
5365.78178965579 8122.92555040055 1530.29428553709 7936.89205755114 3153.71448686759 5875.37791790566 0.0 7871.23523777456 8648.74032113302 10596.3088439972 10039.2793341491 2742.90624926117 9177.24540290465 2736.90110481082 7563.24997736855 9968.94536039937 11650.427084865 3290.80493800754 8704.38741977617 3392.28245612893 2488.19457196806 1525.3971799231 4371.25204080395 8431.45707825002 12539.1740731488 1499.66244001102 7273.8594313303 10441.0164696199 6056.50598306077 5313.22421450521 7193.6398736518 7053.77481907098 7359.56488093759 9220.80218435642 3365.55159598469 13256.8482550279 6924.36574889791 11589.4753833515 8651.17730539692 7810.08381358734 7657.68499896337 1351.50748290738 9530.13234001999 9762.38780555707 7129.51704388224 3326.85107178612 4651.84993148031 8857.08459896344 8667.03815200806 7671.53636994245 8593.52582973327 1944.05072199207 6604.14648398956 3078.46310560915 10561.3521687723 1258.53207880325 8578.19458504043 11818.0734565765 8407.55983865348 9137.95725045502 7192.95964264344 7003.58935351362 6042.23112241063 1515.46064724529 9435.44071864074 7847.36087037002 6353.77833404339 7960.50960598443 7821.83349475492 8167.75012898916 831.431937790473 6191.2666757398 8334.21786826985 5365.78178965579
2683.07667507907 2826.88231649061 6675.37892142017 1553.36902711703 7359.58973907573 5994.77519845823 7871.23523777456 0.0 3902.36155706111 3731.06879371677 3343.79553722074 9611.92526595035 1606.43160193682 6986.08766492604 888.81026088515 7666.3628784719 4011.49400315421 7101.9939338056 7365.72401913619 11188.4899514066 10019.5717996178 7393.98911017514 6377.67399844875 6856.07207931303 4672.88704548011 9329.45761815702 6397.74719297414 2687.10399433295 7183.36501267546 6606.87509486678 7506.84490844028 8194.04053598186 7451.51551043881 8495.03769044873 5825.65484330501 5385.79831790649 3013.61022183222 4207.48073724696 7309.22444579102 7422.56771226294 3085.21344925937 8578.08237433252 1724.49717381378 2361.80231506592 1151.65462705527 4544.81135450543 5761.09994415809 1202.79434675494 1762.12972888723 273.513492065988 4783.13297775519 5959.98551787594 6545.91045523464 5491.1287915031 4738.8157521341 8130.82106202435 6647.56662810331 4024.79154342177 929.205211978283 8843.53969048607 4492.34279496191 3606.60358081228 2026.61195395367 6789.59745011427 2536.12533489134 5566.62454981604 5374.42414570316 1002.72736926396 6165.14253680593 1259.97458434756 7952.10925923631 6595.75392309514 2514.36227814955 2683.07667507907
3935.23467736254 6715.8092969137 7137.36430054128 5450.71013311456 6661.63495062695 9197.23073209526 8648.74032113302 3902.36155706111 0.0 7258.42561115024 2179.64152284577 9309.1417108615 3212.9035003725 6581.12606341176 4719.76709960482 3839.91554300319 4438.20325171705 9320.21827501577 11069.8181538243 11421.0002837299 10079.5878790207 8865.78255183623 5166.73504664036 10562.9100929864 6030.02061999082 10120.0701762124 3446.67884963019 4020.95081404524 4925.88568372231 9582.38984521146 10893.8506804551 5518.9202825731 4540.37055623604 4982.43031466915 5473.6717009069 6805.77561132423 6663.09256493834 7246.94941516367 3811.10668900873 4295.61838321291 6906.93861752818 9777.25169466937 4768.84061987792 5795.57934114592 4779.42369401086 5901.11661408834 4548.28313195759 3356.91952722008 2391.48427723799 3715.26858099184 995.82899291996 6821.63209277506 9898.27908090214 7507.86749641081 8522.53572635265 9414.74057157016 3085.7966041657 5008.39759605679 3183.36508176034 5417.36841589922 1786.45376400328 7263.90083496493 4971.84610761419 8182.92832014733 6244.0709345159 9281.70615672727 3082.48804969703 2902.45294899911 2901.05725240351 5155.29828326431 8342.14791251413 4265.81834851616 6416.66217337624 3935.23467736254
6132.47203097707 2566.87576150131 9706.98427471848 2766.88709263129 10794.7490956746 6516.47048848893 10596.3088439972 3731.06879371677 7258.42561115024 0.0 5800.08588120249 12769.5136949064 4077.24710573858 10350.5943878822 3400.08419031724 11097.4112487166 4756.74143844612 8764.27263323869 6295.38659091041 13987.574722705 12979.343545197 9694.6704388978 9992.95416314556 5870.00501163614 3971.1448084288 11909.6963183528 10102.5883860686 3837.84790439454 10906.7680518138 7379.04086535974 7314.66672506755 11925.0633836456 11170.5715360272 12115.4560191399 9268.43066496468 4204.78751996868 3790.85509537223 1283.8266129533 10923.0930801733 11118.5557118083 3128.16048749616 10943.6506147484 2500.59709438258 1464.14572671603 3742.20651358464 7440.29057088313 9405.75541409464 3901.83387907853 4867.10495812404 4001.24558340661 8230.25834161388 8875.90018609011 6626.01080502076 7675.03358529299 1598.86509838787 10482.5097883451 10230.9853320012 4207.1300437079 4130.4213318491 12493.2142365031 8172.25638668135 3968.56778736298 4716.09610850826 9237.56879253398 1255.39373282515 4866.54188742401 9104.54663490272 4547.14311032873 9819.34232399679 2700.72553427188 10890.283675948 10325.4040524838 2275.61279854348 6132.47203097707
4784.17253718498 6006.67452257895 8601.98421987879 4767.23802729284 8501.40358990293 9302.56651684617 10039.2793341491 3343.79553722074 2179.64152284577 5800.08588120249 0.0 11095.0761063418 1905.2817479256 8328.20725153713 4225.1635130786 5637.27876264524 2260.65786369623 10058.7067521077 10665.0585826894 13066.8715601853 11763.4220502384 9965.53458418995 7095.97637097444 10157.3983667461 3884.02915711615 11538.3375827373 5626.31027558267 2090.3787414244 7067.95276513136 9860.12066573245 10848.2708660702 7698.17832454261 6718.50224488873 7023.93083177626 7152.81503683218 4647.55546635819 6355.82338735334 5496.62002473081 5892.66392060349 6459.16311112622 6363.68013113149 11019.4223154065 3365.41032637243 4415.84738217145 4477.62991530923 6930.44296612932 6447.47425037762 2261.52482417477 1642.08707076704 3303.80855027107 3095.56428932039 8114.79430009571 9882.13037174719 8303.56420747424 7259.79013942187 10612.0665228726 5165.75843113543 2856.92830887307 2414.73175831718 7487.55213034724 3881.0893963013 6944.97590595751 5121.16450726266 9299.12585194212 5036.04909862326 8873.91779353715 5174.99178967165 2528.05685336656 5067.85811041235 4374.88828039116 9872.76347813833 6405.33657536479 5616.19704887035 4784.17253718498
6934.41996145416 10429.4965488069 3071.54631009022 10019.2136635939 2655.56771735274 8596.0377168403 2742.90624926117 9611.92526595035 9309.1417108615 12769.5136949064 11095.0761063418 0.0 10658.5383404449 2767.53206175266 9508.17623274126 9527.77963587169 13009.1533118441 6024.12266940066 11437.7424316309 2353.42547884175 1088.0828361956 4257.65642128058 4200.18182685494 11152.3226716298 14141.4077900914 2706.11867240489 6947.87863301971 11941.9805238319 5329.50900622163 8055.27518093335 9935.75660408662 5956.24910390841 6612.16836424813 8344.73481963995 3955.17968699595 14903.7193222424 9292.57448583953 13634.7160563755 8122.2914314761 7126.15125133171 10026.7867913363 3621.64190817113 11333.7119615403 11754.7413469337 9102.34480803659 5334.9721683319 4773.93930507885 10405.1034285363 9988.63537821231 9372.27996231059 8958.03739615939 3930.71452391774 9339.48587182708 5668.47226239441 12942.8634913923 3799.35568979561 8283.77716576152 13303.5387945786 9946.43707595246 8117.64919005179 7595.38392197843 9466.48391245234 8063.88302822369 4212.91280395341 11548.6467967019 10506.4802015807 6435.39262227087 9445.45903084046 7626.50138376048 10174.202864421 2060.02910246933 5740.61186929244 10573.4108927476 6934.41996145416
3820.65254429178 4108.64226414431 7868.98596841023 2887.93449155324 8226.17656375125 7585.83961399992 9177.24540290465 1606.43160193682 3212.9035003725 4077.24710573858 1905.2817479256 10658.5383404449 0.0 7933.86786723999 2428.42893162597 7037.49693866257 2493.18860305193 8668.43863458973 8785.38289632537 12408.0163451636 11177.2187570611 8844.71778753484 7027.48913335227 8279.61624023352 3493.23595518354 10663.0313582092 6344.14646718052 1284.45901186611 7467.8054544889 8211.48234179562 9056.39538657106 8324.44632214213 7450.67001159188 8161.40028241132 6738.48041740843 4270.36703435986 4543.18736467822 4049.00174820897 6974.81341195423 7310.52122962139 4487.72631876184 9991.26814183867 1576.79822367432 2629.60473711724 2751.98155720102 5889.23855103338 6375.09902437147 405.27422630461 880.787881835827 1669.81321217217 4202.38136689185 7236.23788316317 8110.09072029899 7008.05278143797 5443.42035640766 9555.15530333725 6261.07081259403 2657.28778045736 783.70797100148 8573.05295020555 4405.65495207907 5116.38832047673 3594.76183100391 8213.6017306358 3180.02371802297 7002.44782595883 5548.21097907477 1224.53450885398 5945.75431153398 2484.66345264345 9160.77102391702 6826.36821844583 3712.70766141241 3820.65254429178
4308.89467423326 8186.57459428631 1526.03509105803 7584.46533117594 573.620038865676 7298.54358789232 2736.90110481082 6986.08766492604 6581.12606341176 10350.5943878822 8328.20725153713 2767.53206175266 7933.86786723999 0.0 6992.59012912343 7316.51893533762 10253.1964982379 5372.34084379833 10125.2424496903 4853.04864607869 3502.17389594433 3864.2770538431 1692.86862088584 9751.63895564444 11425.5307700357 3920.99931159351 4625.56287250114 9213.35235807244 3320.26914689104 7012.97060026004 8915.63845006457 4333.59869063012 4628.27404589781 6487.3096671914 1197.31969479238 12196.2600339783 7161.78734116668 11112.1359829796 5964.6968877649 5088.39394332917 7869.17665420221 4088.21109714448 8709.13207308626 9223.50848675831 6616.27565715187 3166.93981811018 2125.99594198388 7699.46769671262 7238.83877992882 6733.83992614038 6308.09338404543 2179.57805527272 8121.7725916767 4223.67359894659 10727.6183463801 3936.81006737992 5958.53682404578 10565.6100533025 7243.04443482544 6401.39442653719 4915.57519174857 7458.86621117074 5652.2609876917 3389.28022542511 9103.26276540868 8867.31134782809 3860.29598758002 6733.09773647464 5228.47662103555 7681.76856157544 2071.02677516837 3490.82592453958 8257.54443769185 4308.89467423326
2733.72538261715 2002.07038140426 6490.15988218512 781.088735074393 7416.94900245597 5161.5960307128 7563.24997736855 888.81026088515 4719.76709960482 3400.08419031724 4225.1635130786 9508.17623274126 2428.42893162597 6992.59012912343 0.0 8421.59738863313 4703.98082071328 6468.29470034333 6478.23241342342 10931.3588780767 9823.5169429189 6932.96318445004 6595.7899467615 5968.47950241007 5133.63394689338 8980.07160731304 6967.85207948416 3356.73316818961 7586.16761847813 5811.47229519989 6636.32848957373 8656.0640079571 7982.5094437851 9146.36547772693 5884.19297021908 5787.49363927262 2131.21145378318 4130.25301296066 7972.83147102383 8000.41462735734 2208.57297243158 8150.67772659169 2019.03433563521 2246.59535331074 439.379568602994 4263.62163247622 6016.60150013227 2025.2837595518 2650.54840510036 1011.7865602556 5558.78743036403 5711.78007875373 5683.7481233119 4961.20814304176 4153.93479146613 7694.47333606966 7337.21317416857 4616.9294924189 1812.1683941556 9468.24462379427 5121.66054931676 2720.40621262881 1526.17556850307 6368.08047456914 2145.2121695858 4678.71888819742 5869.98569676452 1857.35071909785 6803.52363645777 699.424164268559 7733.80726641169 7035.88900757534 1750.09545386144 2733.72538261715
6862.12872125404 10419.7709612876 8493.75600389769 9184.43402389595 7084.66297757554 12281.1055144885 9968.94536039937 7666.3628784719 3839.91554300319 11097.4112487166 5637.27876264524 9527.77963587169 7037.49693866257 7316.51893533762 8421.59738863313 0.0 7756.66702189448 11683.9761314216 14499.4394827493 11871.7573041181 10532.8199734954 10716.6118795206 5625.71473966999 14004.9694610901 9442.85107475991 11237.3954977736 2696.52695356306 7695.49975014518 4198.43246805213 12478.7108871182 14045.1121898801 3840.27556796316 2954.15493692572 1798.35398481918 6642.73778075655 10161.8022692521 10178.6016915737 11034.4642808325 1408.03896179697 2434.36319209703 10534.8899807747 11288.1002810004 8603.97365970487 9635.13289593088 8401.50015758745 8228.79758063434 5326.67964723509 7196.57724154814 6231.17067878174 7450.90870878162 2889.49754885552 8572.19968939166 13059.9303357362 9951.14109874701 12349.9142609645 11041.8708842943 1419.44925222762 8426.48912687124 7012.14902626878 2305.48115182927 3536.33720210274 10758.4046072185 8325.01764913915 10074.1181676279 10075.8547066449 12759.2364292467 3723.91576863446 6687.43934641253 2194.00375471701 8926.17330887628 9382.10020997715 3843.68966100069 10160.0059135156 6862.12872125404
6284.90704145618 5926.49017844753 10309.3925044649 4920.29516343549 10491.1345702921 9799.77534435196 11650.427084865 4011.49400315421 4438.20325171705 4756.74143844612 2260.65786369623 13009.1533118441 2493.18860305193 10253.1964982379 4703.98082071328 7756.66702189448 0.0 11113.2995195224 10569.4931045986 14841.6405221161 13585.4846512657 11337.4138337581 9170.19445908803 10084.2350655448 1689.58431966348 13141.1065660432 7883.6813916138 1347.79047094372 9288.59954313312 10496.6444529621 11121.34750653 9953.60991096314 8978.35419894045 9236.49051608184 9057.51049943254 2412.6562924966 6672.28841581929 4013.92915487731 8127.22781193204 8718.63787587129 6426.61906574832 12483.5472185933 2950.28770964225 3724.35474451951 5093.96173393275 8377.63748598048 8513.66990236942 2854.88449803476 3025.45644793158 4128.46317537272 5351.03187773745 9706.8063963895 10228.610116455 9485.63798973482 6350.84189375894 12048.1320418084 7403.47134247813 710.421900993368 3276.45896776518 9710.87380185466 6097.54670658859 7186.19838556501 6037.37155505859 10706.7275472063 4472.66933053143 8868.59481470431 7374.74333311433 3692.50165745776 7328.18453540385 4501.78486873921 11600.6016583981 8626.41333528827 5483.68780667562 6284.90704145618
5408.01702716238 6201.65578477599 3849.86531002221 6520.37420683682 5921.66300774251 2838.26360757058 3290.80493800754 7101.9939338056 9320.21827501577 8764.27263323869 10058.7067521077 6024.12266940066 8668.43863458973 5372.34084379833 6468.29470034333 11683.9761314216 11113.2995195224 0.0 5527.47779147235 6056.68855528083 5587.86216999456 1767.06894951292 6608.1388507431 5317.9445238105 11579.2678645249 3864.4002276775 9131.57229130201 9781.49875003315 8385.03646080291 2109.98881807191 3924.6913981574 9534.61622283462 9555.660676736 11370.0907499608 5333.30933700989 12189.8177603748 4996.18727829693 9941.25289175236 10547.682949145 9912.60904132817 5636.38198368839 2701.97387099601 8459.23588077367 8333.83695580848 6048.78585706854 3494.58898841012 6589.06308939955 8279.67975563153 8457.97410589463 7000.22913104469 9612.96759866644 3316.0815049512 3443.64087662956 1812.66865635116 8301.8086244397 2338.17782511303 10268.9868414758 11080.8827760663 7899.47214157271 11409.119359851 8353.88852688194 4811.57051116829 5078.27160773985 2003.43697870288 7803.62939965143 4985.50513049989 7972.89418840487 7598.03171750282 9498.15185245906 6872.94386162551 4069.23162213222 8294.51361910624 6542.56615484315 5408.01702716238
7693.62335465937 4698.63905339222 8770.78658658518 5899.63203346951 10697.2169066396 2859.8577840006 8704.38741977617 7365.72401913619 11069.8181538243 6295.38659091041 10665.0585826894 11437.7424316309 8785.38289632537 10125.2424496903 6478.23241342342 14499.4394827493 10569.4931045986 5527.47779147235 0.0 11566.4356277147 11098.7515848985 7233.18905460118 10794.8913701574 509.901888762001 10188.4994524843 9388.01653871383 12472.344152889 9324.86619781219 12389.4053408509 3419.81381410724 1800.73419601612 13590.3448129617 13255.8051054185 14815.157262665 9576.50498087126 10494.3717373081 4410.57687941165 7548.7033802 13743.7555403125 13452.5335362204 4301.39846649181 8223.92152907007 7650.14008785967 6871.18796964819 6321.36793654329 7141.34126668109 10490.1059998562 8407.984942849 9127.70055251613 7472.51130816995 11784.6246164519 7966.41978052581 2100.97801924878 5930.52145652706 4961.75799908748 7864.63882025155 13230.2397426884 10190.893051594 8276.50981303132 15016.4813903388 10977.8732935284 3807.68279433438 6178.77200614939 7229.05964418364 6119.58354862408 1800.17683619593 11234.7016533029 8320.56771941653 12555.0934398441 6301.05089330559 9397.94762288962 12054.914816914 5124.71110544186 7693.62335465937
8592.69171476735 11502.7304391921 4539.16253919198 11325.558608168 4886.46005210979 8877.21648454649 3392.28245612893 11188.4899514066 11421.0002837299 13987.574722705 13066.8715601853 2353.42547884175 12408.0163451636 4853.04864607869 10931.3588780767 11871.7573041181 14841.6405221161 6056.68855528083 11566.4356277147 0.0 1360.97184322703 4495.50032330877 6441.26115263929 11373.7468526082 15831.9230796321 2206.95548158552 9267.39981823901 13687.240603605 7675.5837062931 8162.4091421754 9883.32549863384 8303.21252789179 8964.19514414507 10695.6822669309 5953.62502350062 16566.6424169255 10294.9294032981 14979.0656515307 10468.2546868311 9477.20417768155 11024.5006520213 3357.32362081027 12873.7208627284 13144.4173987153 10501.1228127211 6670.95503831844 6962.79540892776 12112.7462675513 11822.1944821532 10974.5073951012 11157.4855708878 5232.08422437516 9497.65208802363 6398.48212498199 13912.3775619939 3758.79218620002 10608.5144438492 15064.3535391068 11656.4269087664 10460.5007738892 9768.2909701818 10338.5514648468 9417.49773282045 4800.38076065 12827.2404178252 10977.4583207312 8674.03795063625 11183.527235511 9933.02301613321 11548.2999567448 3247.93295875729 8064.28669752514 11722.9215892805 8592.69171476735
7381.75515337995 10551.8222218309 3345.12342016372 10269.0786902313 3525.67867679624 8307.54802426864 2488.19457196806 10019.5717996178 10079.5878790207 12979.343545197 11763.4220502384 1088.0828361956 11177.2187570611 3502.17389594433 9823.5169429189 10532.8199734954 13585.4846512657 5587.86216999456 11098.7515848985 1360.97184322703 0.0 3868.95609356843 5080.29101714998 10854.0171663808 14629.0740174165 1890.80639306622 7914.87103325851 12460.4833130681 6342.48606864005 7681.49351736398 9507.35249204214 7020.70495018037 7641.89563656075 9399.78448613658 4624.69001925751 15375.4628608706 9370.78994871119 13917.232039993 9132.44950277503 8151.3839768205 10106.5861821335 2976.03377661923 11724.3735944557 12058.3265961981 9401.59791616181 5567.84341972344 5604.69826330628 10896.5528937717 10560.7583905897 9794.87130656749 9800.78532868922 4118.09851197246 9000.49128143619 5564.76655792313 13019.5948587817 3260.69873981604 9257.3052313314 13834.0834428918 10438.2160376852 9185.26916443202 8414.46753548122 9476.79185432888 8331.25286544288 3998.73772202384 11788.4570604981 10321.9182880651 7313.34938471413 9953.84846320775 8576.48219151468 10463.573655392 2093.43281788131 6714.27173196584 10737.9251218888 7381.75515337995
5181.44042764917 7150.70085101752 2364.44183798158 7174.93721203154 4373.9764603871 4442.08520003971 1525.3971799231 7393.98911017514 8865.78255183623 9694.6704388978 9965.53458418995 4257.65642128058 8844.71778753484 3864.2770538431 6932.96318445004 10716.6118795206 11337.4138337581 1767.06894951292 7233.18905460118 4495.50032330877 3868.95609356843 0.0 5309.99205434356 6985.20624262692 12041.9033994856 2298.18474360951 8064.08414755539 10058.1114463934 7077.27203881502 3821.55241784035 5681.96978739326 8166.24034877994 8326.25767569731 10180.2679235995 4111.35803962315 12716.920779843 5923.92832111004 10777.1194025795 9477.69226559309 8733.16970605426 6635.6372544871 1248.9806585493 8948.78962693625 9026.30424837484 6493.89337861694 3036.3095225271 5430.54325121012 8487.48566102627 8464.25152309675 7233.91858489592 8980.24880198197 2151.09633277603 5133.34866429168 2023.10756894453 9476.87097061787 788.234449755485 9299.9061258478 11415.2636291167 8061.11724355761 10158.5477357887 7625.70515978295 5899.45357949828 5420.52873595721 682.908481430446 8606.49984442977 6495.89775560388 7004.25465486951 7671.71553448164 8526.6869967261 7463.49690314777 2320.74717535601 7093.78858570368 7419.97134129346 5181.44042764917
3882.20399819909 8119.27684477374 2967.43139062207 7289.61937799902 1556.45961295836 8083.11680592018 4371.25204080395 6377.67399844875 5166.73504664036 9992.95416314556 7095.97637097444 4200.18182685494 7027.48913335227 1692.86862088584 6595.7899467615 5625.71473966999 9170.19445908803 6608.1388507431 10794.8913701574 6441.26115263929 5080.29101714998 5309.99205434356 0.0 10372.8321876455 10492.4396023137 5612.20046057228 2932.9384030763 8267.51325595621 1779.878339222 7963.66707396513 9801.42446657287 2933.58782836261 3019.95375652789 4880.02687534398 1286.83726444658 11279.9993894944 7268.12506128385 10584.9720275877 4284.32243049196 3447.82497460747 7912.24327525205 5711.37855915698 8047.9699655375 8722.79978427776 6287.44217339767 3659.61795815789 657.199782255349 6862.43528978027 6239.69226174416 6107.45764311209 4759.63374155714 3293.82398060052 8919.56944564578 5152.10042007709 10614.3067880795 5510.20546983493 4266.10783113656 9565.78049722336 6426.21156979593 4848.94245482336 3413.96970530147 7676.56076807633 5501.15591136118 4737.77913578796 8739.85661293305 9344.20692498252 2237.84665049244 5904.2329096226 3540.99794057658 7293.95073607269 3756.56733498706 1820.22629983176 8098.27182928252 3882.20399819909
7212.32343923438 4198.9797585392 8425.71039668894 5392.98729931214 10321.8152557622 2556.74757034317 8431.45707825002 6856.07207931303 10562.9100929864 5870.00501163614 10157.3983667461 11152.3226716298 8279.61624023352 9751.63895564444 5968.47950241007 14004.9694610901 10084.2350655448 5317.9445238105 509.901888762001 11373.7468526082 10854.0171663808 6985.20624262692 10372.8321876455 0.0 9735.05663367712 9181.49896652148 11999.2622235541 8832.06190111902 11948.0123605205 3212.1251439979 1835.23342295756 13147.4059361166 12795.3967826796 14339.6611352893 9167.25738740309 10058.8481633021 3902.23036723426 7134.18761588209 13261.8009958353 12984.3694230808 3794.04374977272 8019.86536367417 7158.19750740176 6395.78046895276 5811.93085953323 6728.61837072743 10052.8321213842 7901.15872550639 8618.09346758982 6962.61323318934 11282.1004149173 7606.65151741264 1877.20245143842 5585.29665185856 4590.47828263565 7644.24863170497 12742.1940394703 9715.83043408794 7767.39373845953 14547.1126843445 10487.0306755951 3299.72156898319 5681.52038791924 6939.42073291262 5645.36569177913 1290.27495373037 10763.388816436 7810.68735075509 12071.7554462398 5795.76798427619 9102.43536356301 11601.9191446688 4627.95423345997 7212.32343923438
7247.61430850904 5805.63622139306 11298.7337766922 5089.73451725929 11718.6410136889 9886.50752480637 12539.1740731488 4672.88704548011 6030.02061999082 3971.1448084288 3884.02915711615 14141.4077900914 3493.23595518354 11425.5307700357 5133.63394689338 9442.85107475991 1689.58431966348 11579.2678645249 10188.4994524843 15831.9230796321 14629.0740174165 12041.9033994856 10492.4396023137 9735.05663367712 0.0 14001.8819893154 9453.74395415551 2226.08983575262 10776.7942338126 10664.94331248 11000.1277960372 11510.685999442 10558.5693093395 10900.1188927132 10230.8952720198 792.176458150235 6784.66954505585 2904.37942017192 9776.19670846079 10325.5500105946 6369.91695705499 13240.7504031496 3121.69767616883 3436.28801991707 5567.46272633052 9214.91171514987 9836.65733689493 3737.60476849024 4253.21854645907 4867.69514872855 6975.48352798791 10617.0234208377 10188.6436093121 10091.4082838617 5532.54973412489 12790.0405910923 9049.60932373944 1027.30229812548 4196.60768293875 11368.4706502907 7604.74662904044 7207.15046928683 6623.698276093 11451.9566293566 4148.94561653821 8615.76493108935 8848.24651454622 4696.34077791097 8931.069946122 4713.87958617258 12586.0471475001 10118.9841889666 5368.60420165886 7247.61430850904
6858.47520352823 9390.82665494924 2982.70866588253 9308.12900161788 4208.15860451246 6673.76067509118 1499.66244001102 9329.45761815702 10120.0701762124 11909.6963183528 11538.3375827373 2706.11867240489 10663.0313582092 3920.99931159351 8980.07160731304 11237.3954977736 13141.1065660432 3864.4002276775 9388.01653871383 2206.95548158552 1890.80639306622 2298.18474360951 5612.20046057228 9181.49896652148 14001.8819893154 0.0 8544.89940077702 11921.7004248911 7184.21607685073 5974.07785427191 7735.51037678099 8071.03981602623 8506.39791650158 10347.9756224463 4748.04760470554 14710.7062657437 8171.15646166834 12948.3038733137 9882.75945972007 8984.13233605548 8893.23715608922 1164.18542987841 10967.3267716642 11149.2976632587 8542.82476261058 4789.16537446431 5979.04161935789 10337.2790045822 10163.8921449609 9137.27443213453 10025.6287062961 3439.72043219624 7308.03222354262 4254.83667159339 11758.3713323019 1551.84220215669 9873.33989811755 13297.3544498078 9890.21053030911 10212.7468817368 8620.37929999332 8179.9612645837 7454.07174355783 2672.3656595286 10782.3263523586 8770.55617764933 7709.75435246707 9449.40731612308 9133.67759420644 9561.92552373346 1861.41958891174 7408.07622013311 9635.54440059459 6858.47520352823
4802.99909570295 8865.75674657412 5807.50007951459 7747.16030420272 4421.43214097736 10032.6316521069 7273.8594313303 6397.74719297414 3446.67884963019 10102.5883860686 5626.31027558267 6947.87863301971 6344.14646718052 4625.56287250114 6967.85207948416 2696.52695356306 7883.6813916138 9131.57229130201 12472.344152889 9267.39981823901 7914.87103325851 8064.08414755539 2932.9384030763 11999.2622235541 9453.74395415551 8544.89940077702 0.0 7360.79178606871 1732.40212297184 10120.2149070905 11804.4566089136 2073.77221095196 1110.8521041168 2347.98778211995 3964.94334631292 10236.0762796325 8363.26510647491 10348.0189271465 1419.05488074529 1033.0905336389 8850.31483866723 8597.05332632157 7752.76378120827 8669.26620900491 6821.52575255261 5760.23674803938 2643.0728292729 6350.81858193059 5463.36809223691 6137.94296652559 2609.89383276969 5935.00215443817 10844.7948184466 7461.25246888171 11107.1414981998 8359.97544305934 1344.05430178157 8439.10740003961 6022.06959354982 2558.93683723689 1947.2699899709 8895.83446957032 6449.52766189405 7436.14282797575 8933.34790215861 10817.2148589832 1241.38909783291 5564.67804772953 717.673213564988 7590.37842365586 6687.63131358045 1208.22602281179 8697.63829547228 4802.99909570295
5095.85670755837 4644.93551196244 9148.10492352798 3588.66326176672 9497.13623019153 8459.34318990237 10441.0164696199 2687.10399433295 4020.95081404524 3837.84790439454 2090.3787414244 11941.9805238319 1284.45901186611 9213.35235807244 3356.73316818961 7695.49975014518 1347.79047094372 9781.49875003315 9324.86619781219 13687.240603605 12460.4833130681 10058.1114463934 8267.51325595621 8832.06190111902 2226.08983575262 11921.7004248911 7360.79178606871 0.0 8603.23869453369 9150.2517399553 9807.28916626836 9391.23498021776 8471.46558395652 8993.92252060116 8017.08711727027 3012.48636907876 5337.04169460323 3412.71610999389 7830.41549358471 8280.44398781846 5122.80206262987 11223.2284565299 1675.19755026362 2590.16649859427 3750.07843248184 7137.95275242519 7612.1287203433 1584.42386431929 2030.89463137583 2825.57018536764 5007.88289019489 8503.35024227379 8902.86878665879 8176.41484548826 5378.92067907823 10781.9433597946 7103.61362294751 1378.13248074383 2034.41212974893 9436.44403695796 5462.98995925841 5861.65755250443 4712.64030842667 9439.14547869704 3307.63962024735 7595.06704242954 6673.49048271238 2506.63820856809 6890.91979922609 3168.18048255162 10439.4722097047 7950.60258940673 4207.73861774202 5095.85670755837
5042.75252951281 9316.55724682175 4720.80718228264 8336.76046634841 2976.29134695969 9748.00431573732 6056.50598306077 7183.36501267546 4925.88568372231 10906.7680518138 7067.95276513136 5329.50900622163 7467.8054544889 3320.26914689104 7586.16761847813 4198.43246805213 9288.59954313312 8385.03646080291 12389.4053408509 7675.5837062931 6342.48606864005 7077.27203881502 1779.878339222 11948.0123605205 10776.7942338126 7184.21607685073 1732.40212297184 8603.23869453369 0.0 9683.20699864857 11489.7808454306 1202.73412836682 1323.2041330366 3170.05000558097 3053.53523781746 11567.9183584104 8607.79213630075 11324.945913256 2792.93636163194 1816.1830605313 9192.81971646532 7407.24870904744 8723.46016300861 9537.00295523748 7349.86214630227 5319.48596122077 1905.68982011618 7395.02322729083 6606.14224540477 6910.82903385812 4219.68979301647 5072.68271055723 10582.1086957759 6890.56171673691 11721.7546797625 7238.02803796229 3004.22821813432 9787.38033852926 7006.5077015413 3089.24087327639 3191.43855195661 9074.30637074345 6738.9592452152 6515.07402269573 9680.46191305415 10858.0732185934 1930.01392032927 6503.6672946798 2449.84068475201 8261.89881620507 5370.70691013187 662.693618888971 9226.90557717493 5042.75252951281
5711.78609097662 4929.88762449441 5559.42461449789 5613.43473378722 7584.4194597769 889.927158400813 5313.22421450521 6606.87509486678 9582.38984521146 7379.04086535974 9860.12066573245 8055.27518093335 8211.48234179562 7012.97060026004 5811.47229519989 12478.7108871182 10496.6444529621 2109.98881807191 3419.81381410724 8162.4091421754 7681.49351736398 3821.55241784035 7963.66707396513 3212.1251439979 10664.94331248 5974.07785427191 10120.2149070905 9150.2517399553 9683.20699864857 0.0 1915.39762890303 10876.3522072736 10724.9818824073 12447.0593287398 6684.58944557793 11184.2179255123 3881.76765118444 8631.21480389796 11496.2461999694 11011.3777529206 4345.21329907138 4810.95945744129 7630.06713963413 7259.64039021382 5459.88243331332 4390.12752955973 7793.39666087949 7806.46944475278 8218.06245408402 6585.57393530294 10072.3311326662 4836.73519785674 1335.28319575018 2822.11356937089 6638.48943716783 4445.28408810263 11103.7094947302 10333.5533392956 7506.26802001265 12562.0144567869 8981.37587484027 3484.3993547543 4750.07562813983 3876.49433884098 6618.26151144274 3025.9786318815 8894.21082757945 7332.2608302577 10360.6683691221 6019.47492798008 6039.59352939561 9469.35892111869 5340.25993851198 5711.78609097662
7188.62157491765 5223.36783668656 7472.61385190598 6227.9021224335 9488.2015150795 1772.48267169721 7193.6398736518 7506.84490844028 10893.8506804551 7314.66672506755 10848.2708660702 9935.75660408662 9056.39538657106 8915.63845006457 6636.32848957373 14045.1121898801 11121.34750653 3924.6913981574 1800.73419601612 9883.32549863384 9507.35249204214 5681.96978739326 9801.42446657287 1835.23342295756 11000.1277960372 7735.51037678099 11804.4566089136 9807.28916626836 11489.7808454306 1915.39762890303 0.0 12689.5661407846 12477.3642607053 14148.2377246869 8533.8976566282 11409.6846070971 4513.54226594288 8598.26733434418 13147.8168703506 12733.1827320013 4697.13040933874 6574.90569107289 8173.53411716402 7573.93603109367 6372.29735685932 6170.51433286172 9587.60472374126 8656.85697199728 9232.18310006272 7550.42390909814 11490.582970748 6736.53334419132 996.207560287515 4702.38283305357 6214.36113325004 6248.25426941818 12705.4047332418 10842.7897223879 8435.66715734542 14294.6714326575 10513.0734279531 3953.46304673122 5925.8552605125 5783.14535029431 6851.18222439093 2451.34213331927 10565.9235454484 8367.36365448325 11984.977971532 6649.19607457872 7938.27619788091 11234.9402322629 5668.35377788613 7188.62157491765
6187.25070769429 10439.1585804206 5801.79852916382 9418.84434451246 3906.527391589 10949.7684082893 7053.77481907098 8194.04053598186 5518.9202825731 11925.0633836456 7698.17832454261 5956.24910390841 8324.44632214213 4333.59869063012 8656.0640079571 3840.27556796316 9953.60991096314 9534.61622283462 13590.3448129617 8303.21252789179 7020.70495018037 8166.24034877994 2933.58782836261 13147.4059361166 11510.685999442 8071.03981602623 2073.77221095196 9391.23498021776 1202.73412836682 10876.3522072736 12689.5661407846 0.0 1035.12270768715 2401.61863912292 4219.74267987237 12295.7128100128 9770.07791691158 12269.9824690626 2494.07408541434 1480.32046605984 10338.7866896869 8402.83483002172 9663.9400183683 10525.8926657052 8444.54597042491 6520.02176820967 3108.30265823716 8293.71331574874 7447.55988932728 7924.50766517513 4673.66038057925 6218.55289661037 11784.1283676002 8076.03697534896 12806.6117634557 8269.73672219526 2975.13754876767 10500.3476658102 7932.2784484037 2165.93486061205 3930.37524352479 10248.0292770956 7885.87183982853 7630.66658992152 10716.4120927493 12050.3827784615 2823.86312896854 7446.92619946157 2700.46632041485 9318.26312784647 6318.728033002 1625.76942916612 10329.3199844852 6187.25070769429
