CustNum 60 StaNum 12
0.0 4152.1928083464 3935.23467736254 5573.66793557729 7188.62157491765 1745.64095571257 4703.23482532401 796.328913486662 2527.6231202189 5535.99002513219 7360.65457462631 5604.60301447436 6132.47203097707 8592.69171476735 6788.88437243743 4411.26533248329 2683.07667507907 7388.70263202966 2590.9757303552 7247.61430850904 3166.46446487273 2147.88814376527 4360.94317982913 3664.49102794546 6743.23509539715 4784.17253718498 5620.99747191087 4407.55391735549 4134.76979000783 2733.72538261715 2865.25103200532 2121.56844490852 3820.65254429178 4111.38097012414 6934.41996145416 7190.80516037877 3326.47220312085 6691.04696305246 5986.5399557874 6200.16522753427 5837.90952244492 1874.33434919652 5365.78178965579 3028.43340525789 4281.83180774668 5095.85670755837 3413.52508881659 5447.73148092218 4764.47790148843 6186.75257218634 5408.01702716238 4283.65040275468 5672.90249240089 2977.22336361906 5196.39740276289 4930.07109904954 4915.651258966 6019.82655185602 5677.13877217242 5549.31717134603 6816.38805872795 1159.43457646915 2170.53182154152 3273.39474384322 4569.58483756973 634.599609216784 3476.7951266026 3581.03029391578 4516.85083721234 2598.5640311066 3207.57031378248 1332.02030658525 1698.63395745331 0.0
4152.1928083464 0.0 6906.93861752818 2729.31708538779 4697.13040933874 5778.2225117939 8379.37224353271 3960.85648010785 1780.95692127956 1642.2591061435 11398.6914763544 9753.77512611205 3128.16048749616 11024.5006520213 4853.1713981546 1476.0878160491 3085.21344925937 11525.7994975227 4598.98941180205 6369.91695705499 6936.21318302601 4745.77214042931 7708.38497733006 2862.0215455258 2918.01095000376 6363.68013113149 7881.54535501101 3477.15152451636 4706.13132918751 2208.57297243158 3645.19982991352 4643.4434528961 4487.72631876184 2452.14250337077 10026.7867913363 3253.85923345237 7119.65486141929 9515.31969159601 1842.82856134586 3832.17968310832 7423.03853879476 5292.05574725743 7657.68499896337 3920.46016472163 5390.12122241429 5122.80206262987 3151.01373964746 5644.02202166624 5465.52529325059 3831.1678999621 5636.38198368839 585.637228504625 9788.50936290147 6236.01077170495 1185.28305161027 2937.17009981615 8259.80698829366 1961.03829980949 9768.97367992568 9377.23703464586 4328.84408050474 4196.19788897939 2126.02402553622 7208.84136585527 8718.66631369917 3676.9014535746 4947.65979399765 7671.05807578836 6229.89382657118 4065.90367935454 944.744502037547 5334.74708357331 2454.05637810981 4152.1928083464
3935.23467736254 6906.93861752818 0.0 9089.62461036048 10893.8506804551 4251.10575632732 6661.63495062695 3436.99984905211 5892.32870172047 8536.81336617467 5417.36841589922 5355.08687096787 7258.42561115024 11421.0002837299 6723.12953924841 6294.15664793619 3902.36155706111 6170.66365527023 2333.98594652608 6030.02061999082 5473.6717009069 5901.11661408834 995.82899291996 7480.53070939514 8522.53572635265 2179.64152284577 8888.4899148912 4768.84061987792 8057.08050429788 4719.76709960482 6797.46162092072 2285.99466616538 3212.9035003725 7804.31721129069 9309.1417108615 10158.6626046473 1786.45376400328 9382.18363622629 8451.30410844672 9898.27908090214 9414.74057157016 5239.26284059711 8648.74032113302 6963.26912593904 2685.07913935074 4020.95081404524 4198.65723135324 3971.78156521678 8648.1627127202 6726.37132299108 9320.21827501577 6715.8092969137 4540.37055623604 985.259690483152 7531.08845873911 5795.57934114592 1441.0163679818 8849.47852024405 6048.92720664425 3085.7966041657 7246.94941516367 5032.2113702011 4889.52535255135 5148.23099218642 4265.81834851616 4521.51524556681 7324.99591381808 3082.48804969703 8182.92832014733 2902.45294899911 6103.47736611673 4243.59125189767 4971.84610761419 3935.23467736254
5573.66793557729 2729.31708538779 9089.62461036048 0.0 1972.41483885432 6761.60271205782 8639.26575955581 5748.55620875152 3201.63418668086 1685.12617830207 12873.6998114559 10774.019124115 5499.36984703044 10014.7769791358 7431.34584644209 4165.653564607 5569.7679804612 12730.5910646731 6921.98194120341 9066.56865547389 7461.79785578982 5022.72879945664 9751.31378993435 2218.20405864904 4604.9125750373 8913.4073309846 7083.29678469337 6203.24178985544 3670.24991010455 4690.34906679795 3458.87465243301 6816.59329080247 7099.64453709838 1559.51852107251 9598.37787678563 2375.78764060578 8880.60366598834 8919.96887487087 3024.03981376122 1132.02087478265 6256.06625111012 5872.34908265241 6916.50106806268 3591.73911474247 7982.56135337831 7834.87543966448 5791.16807633225 8354.79964669348 4207.08570391011 6373.00571457226 4013.54584610873 3268.01227576104 11107.8855568934 8271.97795462464 3254.11430658811 5631.952666271 10316.0357431625 2174.42384665028 10542.1503147855 11121.2854416996 6777.85188775438 5021.00521141026 4244.30135678724 7886.33704876586 9905.88775363594 4951.00118733473 4410.6989649688 9094.71711173588 5404.08148321171 6461.35507240606 3140.40953910326 6355.99520636917 4132.07347888176 5573.66793557729
7188.62157491765 4697.13040933874 10893.8506804551 1972.41483885432 0.0 8115.64339064264 9488.2015150795 7485.65592979315 5022.5749415361 3443.59703081858 14294.6714326575 11989.1164138054 7314.66672506755 9883.32549863384 9304.79866302446 6113.77559958103 7506.84490844028 14006.2236057028 8801.54228198088 11000.1277960372 8533.8976566282 6170.51433286172 11490.582970748 3543.13070312783 6214.36113325004 10848.2708660702 7301.51250976891 8173.53411716402 4215.61779234392 6636.32848957373 4628.05501639016 8650.60089358013 9056.39538657106 3097.98380594021 9935.75660408662 3242.70273102132 10513.0734279531 9168.45805561516 4679.0197185446 996.207560287515 6248.25426941818 7089.9938996438 7193.6398736518 4647.8382517838 9932.24418422072 9807.28916626836 7756.54577125124 10327.1848412397 4432.22509272202 8240.38118968528 3924.6913981574 5223.36783668656 12477.3642607053 10030.6675564472 5103.79589011018 7573.93603109367 12054.0154638061 3750.78410811492 11623.3183455239 12705.4047332418 8598.26733434418 6435.59106665453 6133.5143566547 9019.28624332486 11234.9402322629 6554.02693667282 5161.35142081556 10565.9235454484 5783.14535029431 8367.36365448325 5088.15251983505 7752.81537759154 5925.8552605125 7188.62157491765
1745.64095571257 5778.2225117939 4251.10575632732 6761.60271205782 8115.64339064264 0.0 3022.31280737757 2373.96901084927 4045.04450863736 7024.43643462934 6179.20566400358 4046.9143498882 7876.91134994403 7327.35737362673 8452.27824992053 6150.48392768585 4346.73363141764 5969.66329146106 3829.65145490314 8725.94191151859 1506.21956229829 2048.82289439435 4275.34726358878 4617.58751239554 8464.34779648754 5740.09544497861 4641.11472327605 6057.5715130893 4358.32983124597 4477.09189730108 3492.24511267247 3284.60833685214 5234.40166814437 5211.00686461515 5436.24291250376 8640.02471995008 2919.53905767588 5328.5726735793 7620.90549564232 7173.30669125508 5195.24703960121 1151.35500834875 4399.34557104591 3513.62189156512 5491.10663575876 6514.62255036997 5069.26952366394 6791.77397408403 4762.75085157237 7902.58883867556 5499.67941529355 5970.97143609814 4367.93320272963 3296.18197227094 6874.65924892122 6651.44902411479 4749.98547642164 7554.28427765098 3990.75116950058 4778.84185308501 8531.35511453256 1743.02014732865 3899.56808864807 1531.59562938098 3146.027912022 2103.78244444236 3442.85955657688 2506.93255854716 4031.75614949775 4034.86579365061 4845.13174856924 443.488371280205 3353.13520152583 1745.64095571257
4703.23482532401 8379.37224353271 6661.63495062695 8639.26575955581 9488.2015150795 3022.31280737757 0.0 5389.41791073563 6599.30721382923 9345.47204049523 6019.39667695906 3211.469947582 10794.7490956746 4886.46005210979 11469.5377343395 8998.99980081155 7359.58973907573 5163.06998398573 6794.04868126743 11718.6410136889 1536.86795468084 3708.85833965849 6304.94027100376 6435.31996423885 11219.225038017 8501.40358990293 3278.68313844824 9076.15856168786 5275.16497096676 7416.94900245597 5196.98126497912 6246.53895267222 8226.17656375125 7124.32540828896 2655.56771735274 10828.8310771758 4939.88741450507 2871.32572930815 10180.2216477381 8695.3750416301 4387.39178581745 3094.94076793821 3153.71448686759 5047.54313404114 8400.49160258964 9497.13623019153 8085.49959769185 9741.96753222802 5220.47398018866 10889.8994479153 5921.66300774251 8680.09227872186 4298.99118928972 5851.95288817571 9542.82277799712 9632.64692680958 6607.68749076331 9930.91675942135 2436.31425342333 5765.10159608992 11519.5499487114 4205.4392134348 6753.81354724702 1581.06282882126 3241.13081252164 4892.23029715564 4333.40778733389 3793.64571474102 3928.85837469447 7043.67474933161 7504.62883906923 3382.95544165528 6119.06489726391 4703.23482532401
796.328913486662 3960.85648010785 3436.99984905211 5748.55620875152 7485.65592979315 2373.96901084927 5389.41791073563 0.0 2564.40866347547 5472.12359206215 7437.86092490975 5951.22305419353 5575.81981996915 9385.07250365953 6080.24378560707 3960.52320972729 1972.76967765403 7610.13946647009 1818.86636714391 6464.08313485335 3857.96854466014 2918.24146137032 4010.16554674274 4043.54299036181 6333.92981863148 4044.13413327786 6416.50834203506 3686.85433851056 4771.54792372431 2202.53866255551 3431.3400421289 1391.0535149753 3025.15446109526 4388.1417753514 7694.20118886376 7136.53436436337 3191.96876882376 7472.85761167984 5744.88516690317 6489.57965697285 6610.8376415422 2664.57170234392 6161.24026570585 3632.51229160348 3496.84156925596 4302.21786410946 2696.3283496807 4651.40543302023 5442.56983672373 5538.77428254355 6052.0464660877 3984.90794356233 5854.49371207699 2545.21695091367 4896.83502482983 4294.9469092397 4574.74004002249 5899.62427697965 6138.24307630255 5457.50786829998 6166.21952101007 1910.55502044893 1846.62900548469 3895.93754987783 4852.92427613271 1170.15801558821 4191.23213999027 3732.01799902464 5281.6785783036 1802.38382993126 3035.38501016114 2012.354657952 1634.83593239544 796.328913486662
2527.6231202189 1780.95692127956 5892.32870172047 3201.63418668086 5022.5749415361 4045.04450863736 6599.30721382923 2564.40866347547 0.0 3012.27791837216 9883.9483972285 8065.99130707931 4526.94563627095 9460.73611209354 5858.53936853193 2652.74067172262 2643.8316685096 9902.96190418719 3787.57394986417 6983.43926462565 5157.29363805531 2995.00513452977 6552.96927417421 1919.91260395993 4650.2375370064 5908.33279340146 6306.14948822162 3863.92588810644 3446.64548792731 1896.78097020321 2143.77586148279 3630.91266581354 4250.2033855004 1991.44039126023 8316.00070989131 4663.47952474446 5739.35571608421 7847.87831141007 3604.21670808598 4032.73944543156 6010.55855891741 3511.12622734341 6069.36857905061 2435.20238491575 5061.29376566113 5251.05588043044 3108.15692709093 5739.51676586163 4231.02071026804 4968.18590857606 4595.82868436056 2116.76717618405 8198.25322533565 5071.55052833401 2946.88224240745 3805.2813140278 7117.44980314655 3516.60204398783 8028.58289809454 7999.82626859823 5555.14999653647 2418.34527984416 1175.81314954235 5441.8448325389 7073.0803342879 1974.29603824495 3423.67838894386 6108.04249233075 4730.31244422645 3387.24232792777 942.859237232653 3603.04862187994 933.15936384693 2527.6231202189
5535.99002513219 1642.2591061435 8536.81336617467 1685.12617830207 3443.59703081858 7024.43643462934 9345.47204049523 5472.12359206215 3012.27791837216 0.0 12877.9253671389 11063.7459680644 3873.7471089437 11340.4691667155 5864.27440095395 2804.5150575695 4726.83532955797 12915.0334882797 6237.84613413277 7602.93005111172 8004.10030881861 5636.61638734863 9318.63006111889 3097.22522223692 2922.07135208632 7984.09730412038 8288.07142946655 4950.3626210928 4889.51922400601 3850.61080979528 4231.81796720447 6263.09264048662 6093.8621230844 2438.08507562752 10663.9392817019 1664.67116335747 8660.97105883485 10056.469196447 1342.63823903413 2780.43077134712 7605.64900322324 6347.59897650697 8092.98190299858 4451.2512719774 6999.59785905472 6623.75862499824 4754.48016873848 7143.48730958672 5548.06238770449 4799.4145453228 5496.67433787502 1994.5381475442 11208.7535547468 7838.8194519814 1667.31105629512 4215.44529518246 9874.06207351807 612.382291779692 10979.2801438811 10926.0469293949 5157.56087509457 5325.92279685271 3692.59113242847 8349.30700515767 10084.0254047069 4984.15000089922 5423.06072214018 9111.73294126844 6587.86728976293 5707.81018827191 2460.31830565473 6587.04735588236 3870.94200162067 5535.99002513219
7360.65457462631 11398.6914763544 5417.36841589922 12873.6998114559 14294.6714326575 6179.20566400358 6019.39667695906 7437.86092490975 9883.9483972285 12877.9253671389 0.0 2813.41167270171 12493.2142365031 10460.5007738892 12135.361017642 11221.7526275882 8843.53969048607 1377.35354029975 7396.28073322479 11368.4706502907 6087.73405897981 8173.29626938779 4428.78383995028 10783.0155092151 13578.9519068297 7487.55213034724 9284.01772031225 10069.4760415128 10412.8215545823 9468.24462379427 9670.51723927413 7067.40542489229 8573.05295020555 11346.5004502641 8117.64919005179 14539.7639264932 4354.08390392053 8660.11725342546 13168.9213737074 13347.9516819817 10326.7548161473 7242.38091822231 9137.95725045502 9678.80240921709 8102.29375452802 9436.44403695796 9338.18815579049 9355.93919660964 10658.0725274862 12073.1333142359 11409.119359851 11396.2758527378 1854.02481362706 5522.22761587935 12296.5287669949 11038.8947489888 4128.59834358375 13330.4383277098 3715.01530657687 2332.94932685028 12621.4753323241 7880.04733334082 9279.96310456736 5539.61333452746 3117.66742014751 7953.79188578117 9439.15409765747 3784.95809054091 9582.84787364557 7950.19843050787 10469.4637603899 6548.39967695667 9007.28731898673 7360.65457462631
5604.60301447436 9753.77512611205 5355.08687096787 10774.019124115 11989.1164138054 4046.9143498882 3211.469947582 5951.22305419353 8065.99130707931 11063.7459680644 2813.41167270171 0.0 11462.0212632641 7732.74492563981 11568.7292408028 9911.64056458116 7736.21321163409 2049.53005322785 6584.24330873645 11263.5650628325 3500.03007433456 5823.55513082657 4593.19158262965 8587.74482813403 12284.2100219924 7516.80288464014 6485.56764042978 9263.44232842166 7922.14415176346 8147.10987250152 7391.15144897041 6111.6169957714 7986.37102530785 9215.44079655777 5379.39959897243 12686.0459109799 3660.82844127741 5872.16612234912 11590.8213762255 11090.8064633226 7557.47604453035 4920.68403129467 6348.58781894403 7343.99768505858 7804.52832333802 9103.99118379758 8370.15623636263 9181.12059211608 8067.67319543691 11263.1462644151 8810.15450065682 9879.46482499275 1268.37508356144 4947.68518594161 10794.3037312339 10087.0280341755 4637.80566644526 11582.5084646445 983.797954504654 3160.41242056434 11867.0244114353 5781.20916114173 7741.69732136497 2981.89901699935 1160.61608169207 6095.13980228506 6935.73377792865 2438.22561978999 6905.9251197987 7042.58819608928 8809.99917395407 4479.14938008822 7300.14019070719 5604.60301447436
6132.47203097707 3128.16048749616 7258.42561115024 5499.36984703044 7314.66672506755 7876.91134994403 10794.7490956746 5575.81981996915 4526.94563627095 3873.7471089437 12493.2142365031 11462.0212632641 0.0 13987.574722705 2055.25928274981 1875.63183618751 3731.06879371677 12939.9048507752 5096.9455388496 3971.1448084288 9268.43066496468 7440.29057088313 8230.25834161388 5981.15724465434 1598.86509838787 5800.08588120249 10832.8574706606 2500.59709438258 7801.29674024726 3400.08419031724 6632.69084190163 5454.46395464486 4077.24710573858 5573.10007856457 12769.5136949064 4663.30705697455 8172.25638668135 12347.8595585573 2702.78378444475 6626.01080502076 10482.5097883451 7750.7369568639 10596.3088439972 6920.61260799852 4834.06093830677 3837.84790439454 3158.96563744456 4271.75888452568 8571.79635103425 1031.16461226563 8764.27263323869 2566.87576150131 11170.5715360272 6972.52105894359 2246.66913233458 1464.14572671603 8697.50972466448 3617.77814078733 11710.0107685944 10230.9853320012 1283.8266129533 6653.22508431857 4047.50250783314 9405.85515003388 10325.4040524838 5905.78655299731 7933.55151719584 9104.54663490272 9237.56879253398 4547.14311032873 3606.79289590934 7462.32666836008 4716.09610850826 6132.47203097707
8592.69171476735 11024.5006520213 11421.0002837299 10014.7769791358 9883.32549863384 7327.35737362673 4886.46005210979 9385.07250365953 9460.73611209354 11340.4691667155 10460.5007738892 7732.74492563981 13987.574722705 0.0 15160.2380405274 12113.3084566231 11188.4899514066 9313.41619448891 11088.0980179794 15831.9230796321 5953.62502350062 6670.95503831844 11157.4855708878 8290.60950115922 13912.3775619939 13066.8715601853 3154.82958345305 12873.7208627284 6452.04703745605 10931.3588780767 7383.7457352826 10557.6058090173 12408.0163451636 8909.81050621406 2353.42547884175 12387.0342603855 9768.2909701818 2041.88617708194 12524.5134320479 9497.65208802363 3758.79218620002 6720.63190226789 3392.28245612893 7104.73323840497 12780.5754763794 13687.240603605 11902.5319440906 14023.2037381185 5816.02323258531 14371.1170296966 6056.68855528083 11502.7304391921 8964.19514414507 10535.9989706602 12182.6596372353 13144.4173987153 11484.4442102367 11947.9789363305 6768.82826651268 10608.5144438492 14979.0656515307 7623.42328704882 10125.5964618557 6283.95041180161 8064.28669752514 8469.95271083704 6078.12128330308 8674.03795063625 4800.38076065 11183.527235511 10385.7554468856 7515.86210084181 9417.49773282045 8592.69171476735
6788.88437243743 4853.1713981546 6723.12953924841 7431.34584644209 9304.79866302446 8452.27824992053 11469.5377343395 6080.24378560707 5858.53936853193 5864.27440095395 12135.361017642 11568.7292408028 2055.25928274981 15160.2380405274 0.0 3394.53357668342 4111.22035803093 12786.6142218255 4984.98391669224 1988.88499995413 9936.54445264025 8492.71055702503 7717.85055890217 7573.40772278175 3565.94597530742 4834.12342821238 12035.664529653 2395.17069664943 9290.77138108265 4229.29314927743 7997.74106903921 5474.39813757983 3608.12001703746 7277.35118372271 13696.3756194705 6717.66070713625 8013.53564847574 13379.7712645026 4751.29401706748 8563.36329895103 11854.6513224555 8598.01454993613 11787.5067767563 8288.77827887129 4049.49230431457 2750.56775128348 3384.04285111312 2993.66108942469 10075.1899157918 1064.91267175259 10369.1829442662 4267.76621035852 11058.7577583785 6721.45288459537 4201.0593127145 2053.30617312049 8095.24168030026 5655.81604413126 11979.1115930821 9807.32459732421 916.431428978483 7576.61242993437 5037.69007446112 9963.34568924496 10408.2530048415 6748.07741688931 9249.97743836567 9134.50272362453 10548.9477305551 4557.67408979568 5051.93553291866 8088.90254685296 5745.34356716205 6788.88437243743
4411.26533248329 1476.0878160491 6294.15664793619 4165.653564607 6113.77559958103 6150.48392768585 8998.99980081155 3960.52320972729 2652.74067172262 2804.5150575695 11221.7526275882 9911.64056458116 1875.63183618751 12113.3084566231 3394.53357668342 0.0 2416.06839450787 11524.4236460714 3972.68743417963 4904.07721642236 7486.82231470496 5574.77700531663 7194.9439644231 4204.31556444206 2379.58620147878 5347.1828362225 8958.8351159396 2153.71847026934 5980.2725796965 1774.40044131225 4770.96259123556 4185.33554191005 3443.87239552493 3882.94723001382 10908.4708560492 4151.45446885849 6868.67461262929 10475.8327048035 2220.68220223849 5284.92904345827 8631.7090555158 5926.95793914458 8721.61487956899 5060.47663248817 4340.30027812765 3828.86249328709 2153.0063603518 4346.41403910395 6758.79741928815 2401.50669841321 7003.85464188579 902.002010042977 9755.7671667962 5796.36571017184 1313.5043374359 1467.78954983981 7715.80700501952 2851.13015383888 10071.5013806324 9055.27745679779 2946.47368331253 4819.82167332596 2255.74221379625 7664.44629668189 8806.59880621322 4110.94586535014 6067.16984025721 7644.32221327476 7372.8876146914 3397.55051366834 1743.85191023554 5721.54354215706 2884.09453751989 4411.26533248329
2683.07667507907 3085.21344925937 3902.36155706111 5569.7679804612 7506.84490844028 4346.73363141764 7359.58973907573 1972.76967765403 2643.8316685096 4726.83532955797 8843.53969048607 7736.21321163409 3731.06879371677 11188.4899514066 4111.22035803093 2416.06839450787 0.0 9222.80480332703 1568.88860150087 4672.88704548011 5825.65484330501 4544.81135450543 4783.13297775519 4554.65345462198 4738.8157521341 3343.79553722074 8125.0943687247 1724.49717381378 5867.31045412024 888.81026088515 4467.60245286866 1779.74053801092 1606.43160193682 4605.89471645735 9611.92526595035 6302.46727097351 4492.34279496191 9337.92554159623 4548.98404271667 6545.91045523464 8130.82106202435 4523.22505929028 7871.23523777456 4736.61990888438 2436.46085017632 2687.10399433295 730.453648628197 3144.30364154102 6626.04272195954 3583.65146327176 7101.9939338056 2826.88231649061 7451.51551043881 3382.08556095535 3628.81810276131 2361.80231506592 5310.34352464484 4982.35962408669 8022.11161962513 6647.56662810331 4207.48073724696 3566.12146633915 1471.84177279385 5866.84563899057 6595.75392309514 2718.78333316214 5554.05292827465 5374.42414570316 6789.59745011427 1002.72736926396 2430.5967316389 3977.88251451035 2026.61195395367 2683.07667507907
7388.70263202966 11525.7994975227 6170.66365527023 12730.5910646731 14006.2236057028 5969.66329146106 5163.06998398573 7610.13946647009 9902.96190418719 12915.0334882797 1377.35354029975 2049.53005322785 12939.9048507752 9313.41619448891 12786.6142218255 11524.4236460714 9222.80480332703 0.0 7888.43056589736 12198.7573483672 5547.4060127924 7835.70933072677 5230.71614752232 10567.7254994078 13902.9443021256 8325.27696528165 8435.54607661567 10600.4663433969 9966.62649520133 9750.56691518565 9391.20587118766 7488.50120457333 9181.82146756247 11177.3710768495 7000.48295174098 14558.7279844701 4794.6947258856 7609.76156947113 13341.9103222715 13094.6979350915 9546.5397570068 6919.66915808286 8316.69775839128 9358.39079072774 8823.17639094208 10160.6815524889 9788.29274128519 10141.3960981709 10116.9456103359 12618.4881129201 10858.8463724737 11593.0638608387 1771.64014981689 6068.94575127175 12506.3141445918 11512.4715376481 5047.36830942366 13408.2446900861 2735.92832413837 3229.4145450643 13194.9309307981 7712.26863213998 9448.79050498954 5023.45031161977 2835.95006565674 7931.79560965005 8980.52175678938 3882.76929882312 8945.61838901874 8409.20302055819 10582.5620065747 6383.29324330985 9081.99308325171 7388.70263202966
2590.9757303552 4598.98941180205 2333.98594652608 6921.98194120341 8801.54228198088 3829.65145490314 6794.04868126743 1818.86636714391 3787.57394986417 6237.84613413277 7396.28073322479 6584.24330873645 5096.9455388496 11088.0980179794 4984.98391669224 3972.68743417963 1568.88860150087 7888.43056589736 0.0 4929.96391256696 5324.67788068091 4733.76672676605 3223.23077083914 5568.27530055215 6249.95443185662 2247.73700431271 8189.88486185825 2713.06648927618 6532.87724818622 2396.44740508557 5156.20711975023 547.688096850128 1453.55468785567 5770.61782483345 9265.73658050535 7842.2193083274 3095.52598569232 9127.0002589231 6117.47648619762 7816.27656185765 8426.40201251325 4397.35085031386 7935.45408036268 5382.042880669 1700.32086528754 2704.87775680382 1946.31612752941 2962.12549145017 7229.64701473645 4730.99635411638 7811.14213369301 4384.75353128498 6131.77591079325 1877.00249860328 5197.65273465536 3644.58637134981 3743.97921395747 6527.58516222573 7012.30477021514 5146.09574262277 5314.78751943285 3728.83527172951 2677.74730420262 5221.52071448215 5423.99335275347 2968.27954152212 6001.35727062895 4152.74201083444 7099.68110855675 575.975664295824 3842.87407325044 3580.20771978372 2935.01809459898 2590.9757303552
7247.61430850904 6369.91695705499 6030.02061999082 9066.56865547389 11000.1277960372 8725.94191151859 11718.6410136889 6464.08313485335 6983.43926462565 7602.93005111172 11368.4706502907 11263.5650628325 3971.1448084288 15831.9230796321 1988.88499995413 4904.07721642236 4672.88704548011 12198.7573483672 4929.96391256696 0.0 10230.8952720198 9214.91171514987 6975.48352798791 8845.24148946262 5532.54973412489 3884.02915711615 12793.5569264687 3121.69767616883 10406.8772580882 5133.63394689338 9036.39338587705 5475.83857925939 3493.23595518354 8668.80649759001 14141.4077900914 8609.84365670052 7604.74662904044 13936.7885859356 6604.23615181281 10188.6436093121 12790.0405910923 9121.59683982389 12539.1740731488 9318.8601237582 3461.92952271717 2226.08983575262 3995.4246136608 2082.67872507611 11185.2433497981 2940.11220718461 11579.2678645249 5805.63622139306 10558.5693093395 6317.51342502816 5943.40476243429 3436.28801991707 7240.37349456949 7473.71725032806 11819.0442244741 9049.60932373944 2904.37942017192 8225.95120942128 5956.64192000779 10150.0379536827 10118.9841889666 7378.88103625697 10195.8869834123 8848.24651454622 11451.9566293566 4696.34077791097 6332.14287735762 8431.37017653052 6623.698276093 7247.61430850904
3166.46446487273 6936.21318302601 5473.6717009069 7461.79785578982 8533.8976566282 1506.21956229829 1536.86795468084 3857.96854466014 5157.29363805531 8004.10030881861 6087.73405897981 3500.03007433456 9268.43066496468 5953.62502350062 9936.54445264025 7486.82231470496 5825.65484330501 5547.4060127924 5324.67788068091 10230.8952720198 0.0 2439.09476013322 5290.30695202717 5244.59999445266 9737.02759050258 7152.81503683218 3576.08213545674 7544.51450618691 4423.4985728539 5884.19297021908 4010.08894719472 4777.76611244324 6738.48041740843 5910.99925520241 3955.17968699595 9546.39207623597 3884.30431432658 3922.04824202578 8758.82828500237 7666.10626484195 4399.13415071605 1659.14355522595 3365.55159598469 3920.18210501094 6968.05008120169 8017.08711727027 6552.70096105557 8285.08633576843 4585.21597855911 9353.20327077559 5333.30933700989 7205.26651403036 4239.40271295156 4582.77409830509 8083.47056636401 8096.19074973616 5681.99285828821 8572.80179489089 3097.31013409671 5237.03832085283 9982.84433737597 2740.08292434714 5235.1736591006 549.765913850506 2990.71903216297 3375.87663003965 3437.07465401479 2988.77707618206 3505.92696867627 5541.05897544532 6038.89621703377 1847.8111809715 4616.86486036013 3166.46446487273
2147.88814376527 4745.77214042931 5901.11661408834 5022.72879945664 6170.51433286172 2048.82289439435 3708.85833965849 2918.24146137032 2995.00513452977 5636.61638734863 8173.29626938779 5823.55513082657 7440.29057088313 6670.95503831844 8492.71055702503 5574.77700531663 4544.81135450543 7835.70933072677 4733.76672676605 9214.91171514987 2439.09476013322 0.0 6129.76628913799 2805.98092869025 7643.15497153059 6930.44296612932 3580.43518224942 6207.8352219601 2313.53576739255 4263.62163247622 1577.13188992855 4269.06048425197 5889.23855103338 3472.82273838324 5334.9721683319 7135.4699260883 4859.3884741872 4917.62198934969 6505.77072419399 5267.62107183395 3692.81636555211 930.915930177494 3326.85107178612 1522.68848828939 6414.28032513346 7137.95275242519 5246.38851618953 7525.58906754194 2780.18228710036 7732.74647053516 3494.58898841012 5111.63144031337 6334.85916833233 4916.21619799564 5927.43759336974 6491.50705189189 6645.71358197785 6223.19310170364 5525.18227588162 6823.30268840368 8350.02372446678 1012.49886852701 3468.82755667305 2876.7891260722 5080.2399624608 1843.87902285154 1443.08263500895 4555.11761885979 2369.04404891403 4688.01662914729 3933.88034797316 1796.65565191165 2763.40971853659 2147.88814376527
4360.94317982913 7708.38497733006 995.82899291996 9751.31378993435 11490.582970748 4275.34726358878 6304.94027100376 4010.16554674274 6552.96927417421 9318.63006111889 4428.78383995028 4593.19158262965 8230.25834161388 11157.4855708878 7717.85055890217 7194.9439644231 4783.13297775519 5230.71614752232 3223.23077083914 6975.48352798791 5290.30695202717 6129.76628913799 0.0 8006.70833862541 9461.3430891507 3095.56428932039 8821.73207419803 5749.09533255814 8379.7233350329 5558.78743036403 7204.80221624875 3068.45153481832 4202.38136689185 8392.76200938987 8958.03739615939 10960.6708425228 1406.18642443031 9117.16499006713 9316.99969432137 10495.1304592516 9464.92110557879 5364.70123786865 8593.52582973327 7338.25456083314 3675.4906067914 5007.88289019489 5137.68841128385 4936.64398100133 8909.30047506499 7717.14731326017 9612.96759866644 7560.74920189191 3663.99656795166 1486.00777568818 8402.09404734538 6766.19353063316 564.796491651967 9665.06440141025 5371.13307512253 2095.83972947497 8241.3447162545 5362.11359679047 5633.42775107254 4888.11938620815 3578.90700861921 4983.95174023326 7572.59619032004 2542.80781871064 8300.94490075662 3799.13732099017 6863.55060600186 4370.10182179741 5620.34871586743 4360.94317982913
3664.49102794546 2862.0215455258 7480.53070939514 2218.20405864904 3543.13070312783 4617.58751239554 6435.31996423885 4043.54299036181 1919.91260395993 3097.22522223692 10783.0155092151 8587.74482813403 5981.15724465434 8290.60950115922 7573.40772278175 4204.31556444206 4554.65345462198 10567.7254994078 5568.27530055215 8845.24148946262 5244.59999445266 2805.98092869025 8006.70833862541 0.0 5652.50978603204 7758.29060091781 5201.99188788566 5741.96127287764 1865.94152424779 3813.0349274842 1242.15539392831 5319.11185491405 6159.9955912661 695.055586158694 7573.52303288847 4423.57697119976 6979.7223911126 6959.24492923646 4233.98268305309 2571.67518735332 4606.48333966989 3670.91505407819 5001.30958576968 1399.73072361404 6950.29168346809 7169.42379691764 5025.23258616289 7659.29562726178 2607.94650833622 6605.14219725066 2799.6578713196 3414.37580310533 8984.76730457208 6573.86552426146 3949.57937130189 5545.75461649134 8566.45229002669 3709.50656416679 8329.29821976284 9162.57492539329 7143.95850383739 2904.72398778751 3082.84763497993 5675.85736209188 7760.07015444986 3031.64557690976 2328.62908094901 7033.31361379016 3505.45236643761 5230.95983362699 2533.53345867477 4234.82756949171 2638.8820406528 3664.49102794546
6743.23509539715 2918.01095000376 8522.53572635265 4604.9125750373 6214.36113325004 8464.34779648754 11219.225038017 6333.92981863148 4650.2375370064 2922.07135208632 13578.9519068297 12284.2100219924 1598.86509838787 13912.3775619939 3565.94597530742 2379.58620147878 4738.8157521341 13902.9443021256 6249.95443185662 5532.54973412489 9737.02759050258 7643.15497153059 9461.3430891507 5652.50978603204 0.0 7259.79013942187 10780.9105890537 3896.9463222956 7518.27564492039 4153.93479146613 6551.29251879998 6518.49239377908 5443.42035640766 5105.3083052847 12942.8634913923 3258.1888425007 9225.16113709205 12432.4972729001 1580.90721539407 5674.70858656126 10258.7234409068 8124.66984181522 10561.3521687723 6820.49931526313 6266.80950461141 5378.92067907823 4325.19561333493 5834.60442291425 8244.95770813847 2611.56697232943 8301.8086244397 2541.15406870535 12133.6205858304 8110.5243949408 1736.78255135702 2844.16492741504 9960.71533621978 2477.03987039181 12419.0015035707 11382.075756392 2685.0877599166 7013.82788013445 4572.7166715561 9956.60364066625 11184.0674073911 6382.2329838627 7846.43439353102 10023.6293036453 9112.03174572442 5676.4741441078 3721.22350020262 8027.64470971724 5127.95934494735 6743.23509539715
4784.17253718498 6363.68013113149 2179.64152284577 8913.4073309846 10848.2708660702 5740.09544497861 8501.40358990293 4044.13413327786 5908.33279340146 7984.09730412038 7487.55213034724 7516.80288464014 5800.08588120249 13066.8715601853 4834.12342821238 5347.1828362225 3343.79553722074 8325.27696528165 2247.73700431271 3884.02915711615 7152.81503683218 6930.44296612932 3095.56428932039 7758.29060091781 7259.79013942187 0.0 10290.7964322834 3365.41032637243 8780.60567631057 4225.1635130786 7402.01239854452 2663.32692602018 1905.2817479256 7898.32138422185 11095.0761063418 9475.66422159261 3881.0893963013 11058.4972496857 7564.90499792048 9882.13037174719 10612.0665228726 6495.55881780866 10039.2793341491 7629.60824158885 1009.20030016578 2090.3787414244 3235.26696965537 1891.37927634352 9475.29486373798 5067.76609385987 10058.7067521077 6006.67452257895 6718.50224488873 2689.44563554734 6659.97937003468 4415.84738217145 3362.89624487471 8156.74686110993 8168.22660100462 5165.75843113543 5496.62002473081 5939.62558805648 4743.64585034348 6930.34466315081 6405.33657536479 5207.25194646519 8235.36604788711 5174.99178967165 9299.12585194212 2528.05685336656 5773.47038117216 5585.38994325545 5121.16450726266 4784.17253718498
5620.99747191087 7881.54535501101 8888.4899148912 7083.29678469337 7301.51250976891 4641.11472327605 3278.68313844824 6416.50834203506 6306.14948822162 8288.07142946655 9284.01772031225 6485.56764042978 10832.8574706606 3154.82958345305 12035.664529653 8958.8351159396 8125.0943687247 8435.54607661567 8189.88486185825 12793.5569264687 3576.08213545674 3580.43518224942 8821.73207419803 5201.99188788566 10780.9105890537 10290.7964322834 0.0 9782.11902075701 3424.64419954592 7812.72309577402 4236.76133764715 7683.07168875595 9432.62659856424 5850.28221780621 2642.26722392844 9453.68781504175 7419.48355383653 1869.77635801194 9426.42871805187 6738.2855804146 1222.96935708395 3800.1920566732 255.381291514397 3961.87674354535 9889.66570516137 10696.3239540582 8825.90896779468 11065.1434978368 2918.38850252065 11227.6301446457 3383.3791636528 8351.97991123672 7519.12029263543 7937.25173388034 9047.04809767189 10008.5775703675 9239.40643676202 8899.81548779845 5700.94930063225 8772.32613632172 11832.3588087813 4570.02875280475 6998.03831842475 4064.90775599184 6364.95864274847 5415.57989868028 2934.91478173367 6561.09101384113 1700.47250678963 8215.86206797916 7231.08132513815 4717.90048648737 6290.72224221585 5620.99747191087
4407.55391735549 3477.15152451636 4768.84061987792 6203.24178985544 8173.53411716402 6057.5715130893 9076.15856168786 3686.85433851056 3863.92588810644 4950.3626210928 10069.4760415128 9263.44232842166 2500.59709438258 12873.7208627284 2395.17069664943 2153.71847026934 1724.49717381378 10600.4663433969 2713.06648927618 3121.69767616883 7544.51450618691 6207.8352219601 5749.09533255814 5741.96127287764 3896.9463222956 3365.41032637243 9782.11902075701 0.0 7285.98605522436 2019.03433563521 5920.63254731457 3152.93097490512 1576.79822367432 5612.4004254608 11333.7119615403 6283.72868360577 5806.12130686336 11047.1081243962 4297.4830674435 7290.45868235383 9706.75267034739 6240.37673195561 9530.13234001999 6204.9772375749 2369.88402735417 1675.19755026362 994.112482349277 2193.56984883466 8065.28506912158 2018.07512743365 8459.23588077367 2979.21498278141 8844.84124605222 4555.72200415674 3435.84810299929 1059.01124834843 6204.70142790747 4998.3841979076 9626.59608825393 7779.17890872321 2606.21608316249 5254.45625073667 2847.13113724985 7568.35120753536 8106.81042756169 4412.60553932641 7102.62549199581 6846.54786765517 8375.74551001742 2221.03371322572 3262.29355460512 5697.55437526931 3530.71288995769 4407.55391735549
4134.76979000783 4706.13132918751 8057.08050429788 3670.24991010455 4215.61779234392 4358.32983124597 5275.16497096676 4771.54792372431 3446.64548792731 4889.51922400601 10412.8215545823 7922.14415176346 7801.29674024726 6452.04703745605 9290.77138108265 5980.2725796965 5867.31045412024 9966.62649520133 6532.87724818622 10406.8772580882 4423.4985728539 2313.53576739255 8379.7233350329 1865.94152424779 7518.27564492039 8780.60567631057 3424.64419954592 7285.98605522436 0.0 5275.97792506709 1402.84627674466 6159.10030702266 7417.17181936485 2458.30557654708 5933.62543366359 6033.26143082814 7151.61196384413 5250.10762484853 6083.64683165693 3470.8739941167 2741.99088902891 3217.38545793596 3249.22935182658 1152.85693603966 8103.46394281715 8553.24354002189 6454.40769819363 9008.98944178748 784.844061237502 8364.01144342458 1280.61327636294 5239.92941171368 8561.75425059104 7083.82374694614 5813.50481007494 7240.525884486 8910.1316137687 5498.39205528423 7470.21735533491 9135.98041620196 8926.10862292089 3029.52362014697 4462.51110037625 4943.3226590597 7298.04465729351 3603.69003550094 986.458525377622 6860.25748224176 1734.64276100346 6329.39725830362 4251.09339177306 4104.69037707439 3840.78572367157 4134.76979000783
2733.72538261715 2208.57297243158 4719.76709960482 4690.34906679795 6636.32848957373 4477.09189730108 7416.94900245597 2202.53866255551 1896.78097020321 3850.61080979528 9468.24462379427 8147.10987250152 3400.08419031724 10931.3588780767 4229.29314927743 1774.40044131225 888.81026088515 9750.56691518565 2396.44740508557 5133.63394689338 5884.19297021908 4263.62163247622 5558.78743036403 3813.0349274842 4153.93479146613 4225.1635130786 7812.72309577402 2019.03433563521 5275.97792506709 0.0 3903.10783623697 2495.90456370926 2428.42893162597 3793.27483745411 9508.17623274126 5445.82172898217 5121.66054931676 9160.98590070972 3763.8730853105 5683.7481233119 7694.47333606966 4423.60157517209 7563.24997736855 4186.59397567958 3295.93641758499 3356.73316818961 1212.20243308221 3850.46967469785 6052.52737216747 3503.4114462092 6468.29470034333 2002.07038140426 7982.5094437851 4112.73687734017 2857.77231724078 2246.59535331074 6100.1352195728 4131.60499744243 8336.92473072936 7337.21317416857 4130.25301296066 3364.91621525014 829.531878331001 6006.82248670635 7035.88900757534 2560.14005858902 5087.76073548157 5869.98569676452 6368.08047456914 1857.35071909785 1550.15052205469 4065.04250035546 1526.17556850307 2733.72538261715
2865.25103200532 3645.19982991352 6797.46162092072 3458.87465243301 4628.05501639016 3492.24511267247 5196.98126497912 3431.3400421289 2143.77586148279 4231.81796720447 9670.51723927413 7391.15144897041 6632.69084190163 7383.7457352826 7997.74106903921 4770.96259123556 4467.60245286866 9391.20587118766 5156.20711975023 9036.39338587705 4010.08894719472 1577.13188992855 7204.80221624875 1242.15539392831 6551.29251879998 7402.01239854452 4236.76133764715 5920.63254731457 1402.84627674466 3903.10783623697 0.0 4805.81470742594 6014.35363554862 1927.44939944995 6456.75253372773 5641.89467348399 6064.00270072316 5896.13444413499 5250.46500283629 3703.49782506237 3867.61416718527 2472.34434495508 4012.56354007611 291.427829257597 6706.32343230292 7154.45452101328 5066.4334740716 7607.51894547449 2159.7613614764 7111.19570439096 2664.54447155317 4120.03060220522 7849.45411541817 5842.44023497117 4815.18257446715 5944.74280962835 7751.50488837762 4837.39264579182 7101.2601653251 8170.47274111695 7694.53275797428 1878.38403680492 3080.83189410398 4453.84216372479 6607.5962795428 2282.91024206871 1306.28417523966 5968.68851859807 2605.40544448642 4933.48773729869 3027.89411194165 3146.44317565103 2442.22692692367 2865.25103200532
2121.56844490852 4643.4434528961 2285.99466616538 6816.59329080247 8650.60089358013 3284.60833685214 6246.53895267222 1391.0535149753 3630.91266581354 6263.09264048662 7067.40542489229 6111.6169957714 5454.46395464486 10557.6058090173 5474.39813757983 4185.33554191005 1779.74053801092 7488.50120457333 547.688096850128 5475.83857925939 4777.76611244324 4269.06048425197 3068.45153481832 5319.11185491405 6518.49239377908 2663.32692602018 7683.07168875595 3152.93097490512 6159.10030702266 2495.90456370926 4805.81470742594 0.0 1992.16387653125 5580.58304876529 8720.84005332815 7897.15176614866 2722.50285890125 8589.62640600206 6259.43345825441 7657.93870450233 7955.90060094284 3884.4331027643 7429.3195272311 5015.91195701211 2223.00764183575 3251.52869506301 2299.79693805041 3507.81915721699 6833.62304926806 5161.01267153289 7439.70842815581 4495.85633499088 5721.90760670744 1618.36634441953 5350.00764270006 4024.67942279157 3616.81356647216 6597.69859139877 6506.39082106449 4870.3807971062 5758.53107873986 3276.313705888 2603.53130823525 4674.66016293985 4954.15967980776 2560.99417860348 5577.27471612845 3694.66077762146 6638.1027731835 932.305308521406 3820.17600193911 3044.14560369601 2728.88243428763 2121.56844490852
