CustNum 60 StaNum 12
0.0 4044.80935181771 1906.92030942523 6463.81912008388 1736.74396543381 5573.66793557729 7212.32343923438 796.328913486662 4250.36444878675 3227.77990906402 5620.99747191087 5677.13877217242 6186.75257218634 6743.23509539715 6019.82655185602 6858.47520352823 2775.67159655498 3063.75389488283 7215.56658057247 2876.59288940596 3935.23467736254 6816.38805872795 3882.20399819909 5432.79091602009 5251.0222561903 2438.5660304295 3820.65254429178 4784.17253718498 4077.38564727302 4283.65040275468 1998.36277420735 4411.26533248329 5547.46050551194 3974.03686326636 3068.88767862987 7132.94609820968 780.536351548103 3408.19736785059 2167.21014974527 3594.54449066281 3557.40864317134 5388.42148169241 5986.5399557874 3326.47220312085 3166.46446487273 5059.93357337835 9008.58397090136 3256.05372415947 4308.89467423326 5672.90249240089 4152.1928083464 4407.55391735549 6154.92766853465 4915.651258966 3421.94852966743 6187.25070769429 8592.69171476735 7360.65457462631 2590.9757303552 5808.46440596946 3028.43340525789 2170.53182154152 5300.6374763188 3359.18068251518 3207.57031378248 4569.58483756973 4135.17035118091 1159.43457646915 3432.90195966844 6015.61024562341 1332.02030658525 3305.48994043889 4103.4787959502 0.0
4044.80935181771 0.0 2974.47822120615 10423.8866397265 2446.17027489323 8698.40753054789 10066.6012562853 3379.13890397243 2663.27075213032 6233.82998320117 9400.62150455359 7091.35858686148 5676.06382231643 7628.26488978032 8205.18584084206 10646.3204320639 4821.35230843247 2375.11739950487 10482.2087703592 1168.53112972154 1152.72898518865 6170.92238803969 6040.98864731955 8952.94954802325 9166.67145127882 3104.40161768027 2203.63413671125 1077.06020710511 4104.79552930407 6042.75285615814 2158.9336443923 5509.7563939 5765.91373929069 7958.43329668647 6713.98003921047 6111.98230596665 3995.0082021977 4768.22605267001 4223.26039396975 6181.32429358345 7563.83672148697 8202.94256734149 7716.01443070028 2804.81369095001 6159.88041546484 8936.28824282184 12586.1178409783 7078.0325639599 7320.82027522215 5681.34523100868 6313.73351559111 3780.37709840237 9322.05513538819 2490.03596917298 7253.2224410094 6647.04717971417 12100.3513812212 6556.24079058972 1779.23136349396 5446.92129942944 7011.59713660466 4455.21519841519 3924.6063867921 6011.54404305915 5601.81400350247 5330.8900259027 3756.14839666636 5200.92121591498 4422.64806380227 8776.40397243017 4683.02900032841 6896.5890361614 6784.04583082075 4044.80935181771
1906.92030942523 2974.47822120615 0.0 8187.18761748358 1863.37327764318 5733.19977985559 7155.24962533169 1148.65293448804 2364.68538779301 3260.26109844302 7469.46519678525 7169.23907058445 4437.77717667408 5489.33049710893 5456.03927503045 8692.85718486787 1936.56671057228 1204.20522032945 9122.24060229438 2010.59123820439 3417.03873219912 5060.85644011306 5525.52391478415 5989.21370055948 6348.16272090698 582.41011489008 1986.63790696393 3363.05595048657 4912.88944921833 3365.33437904859 1883.47813128317 3121.57686748282 6601.67742683212 5709.82634359653 4971.78720381615 7772.79013734756 2435.65589736806 2155.70092264859 3584.76692319989 3253.02516481641 5270.231007416 7239.6578641411 5135.96995632692 3749.56044592819 5004.91550050905 6091.64594056657 10889.6353408086 4244.91326177032 6176.97475097898 6652.6800991267 3501.19175705937 2543.55590853205 8055.63253755372 4758.87597697783 5280.32975708531 7369.04028200362 10485.5283365933 8100.93061931487 1195.67970866782 6648.34181655537 4330.51336091608 1491.22234298858 3399.6779125891 3066.63866145472 2687.79852208561 5762.58474682928 4799.24647591923 2902.91701590653 1972.46487044238 5870.27217160582 3160.68380933073 3973.83903828352 3855.95950027117 1906.92030942523
6463.81912008388 10423.8866397265 8187.18761748358 0.0 7982.60983991331 6615.33449155251 7923.73580928222 7235.67659027741 10519.2043588488 6565.13174280162 1543.03830927684 7242.23495852959 11538.4128862131 10739.4957430536 8627.93805011194 1319.35572079565 7746.68560700933 9390.89792440746 3590.18114888815 9268.45613123214 10032.0496692436 12115.3469000911 6020.49517899652 5452.04456398807 3639.56328462387 8574.85210326428 10173.8229000335 11238.5368244779 8452.51367281342 8463.24955264078 8270.40739796445 9177.54179587182 8739.9124426546 2491.02953101643 3867.72323721716 10882.2088289965 6432.45642602644 8523.98470567662 6658.7278228033 7234.66128515985 2920.49226562029 4632.56722427455 9276.17834376158 8684.15246818149 4952.82804315682 3907.63573990941 3521.47407744357 4675.52425722747 4402.16432480532 9020.10814766909 7935.59847091695 10302.1303618901 3706.07051626234 10518.9416837464 3212.28673328595 8718.34536690264 3456.22503696916 10803.5393062506 9051.79484569597 9465.51755859996 4139.8552533397 7457.14006929879 11302.600246417 7113.69713061564 7436.02388036996 7840.17777244757 8803.11453097864 5326.00084029783 8815.90433218648 7585.38577886819 5790.74736427716 5347.77997976625 7173.37455263167 6463.81912008388
1736.74396543381 2446.17027489323 1863.37327764318 7982.60983991331 0.0 7085.17054510134 8646.94820608727 1336.63404264207 3549.69444851221 4624.16808098041 6960.676796085 5476.03883194569 6157.99035354909 7352.41177011033 7162.67425944028 8207.52465639777 3646.39805546092 2460.3638701552 8167.98311714714 1320.04093927899 2199.01138048207 6763.47140680186 4017.29193593563 7080.28461581954 6987.18932665802 2395.53348351008 3012.83617563306 3347.36301413249 3050.35146567355 5156.9354716556 287.819331833644 4981.42360149378 4750.76436102052 5527.97993162417 4278.74716214134 5938.02583804075 1550.37896945653 3999.83669349927 2039.33883924824 4814.69116595348 5144.43900194288 6010.18704223982 6933.13478706077 1917.91418066713 3848.07054820975 6792.45323968746 10193.2565164757 4972.060496879 5040.31205151581 4793.10744117183 5205.88176961242 4163.50338915335 7027.83296325335 3244.37302872082 4807.08075161086 5537.81770767011 9724.24469559384 6250.52863927329 1559.3361062809 4785.71545701107 4764.29897516507 3082.09803768501 4828.22581335192 4596.27239121892 4307.09920093053 3953.35797948872 2941.99961202191 2842.73005836624 3835.7694574561 7394.5219327315 2244.10954409039 4950.08426694274 5392.21225215166 1736.74396543381
5573.66793557729 8698.40753054789 5733.19977985559 6615.33449155251 7085.17054510134 0.0 1708.73949115918 5748.55620875152 7092.76328185561 2487.94413589285 7083.29678469337 10542.1503147855 6373.00571457226 4604.9125750373 2174.42384665028 7807.88385531344 3920.49070560204 6498.68177343307 9566.14995014775 7721.37342674221 9089.62461036048 6777.85188775438 8664.18984484119 1205.1007386662 2994.18789441589 5630.37010065422 7099.64453709838 8913.4073309846 9618.81254275666 3268.01227576104 7264.42486461068 4165.653564607 10939.4059648438 5324.41148937482 6372.41610970866 12679.2256076594 6264.38535157533 4257.14988933331 7553.58717994529 2559.61393266522 5057.32219787332 9039.04199426769 3024.03981376122 8880.60366598834 7461.79785578982 2709.35968665912 10133.1449162482 2859.40179722496 8071.49401739771 11107.8855568934 2729.31708538779 6203.24178985544 9008.15599085371 10316.0357431625 5946.7681154758 11443.7339793335 10014.7769791358 12873.6998114559 6921.98194120341 11308.9863545824 3591.73911474247 4244.30135678724 7096.1056419136 2699.74681483262 3140.40953910326 9905.88775363594 9704.58845657663 5021.00521141026 4678.23767301506 972.066771270669 6355.99520636917 2401.29906185506 1985.88298654167 5573.66793557729
7212.32343923438 10066.6012562853 7155.24962533169 7923.73580928222 8646.94820608727 1708.73949115918 0.0 7315.84842526659 8180.56200134783 4025.83498687937 8577.05433858044 12250.1274961987 6858.32019201118 4590.47828263565 2263.84277862 9181.49896652148 5247.01686942625 7767.39373845953 11081.4051995888 9165.32699277018 10562.9100929864 7134.18761588209 10372.8321876455 2556.74757034317 4308.04289980386 6962.61323318934 8279.61624023352 10157.3983667461 11279.3673234312 4198.9797585392 8805.10492870703 5009.13158969632 12632.0947635135 6921.34628420049 8060.68973819406 14339.6611352893 7925.57846881777 5392.98729931214 9236.65013937176 3902.23036723426 6689.20927628021 10698.7059668073 3167.28176383308 10487.0306755951 9167.25738740309 4083.91176982422 11434.100639041 4559.60729988687 9751.63895564444 12795.3967826796 3794.04374977272 7158.19750740176 10597.5619670326 11844.762414068 7606.65151741264 13147.4059361166 11373.7468526082 14547.1126843445 8314.77269820061 12984.3694230808 5279.71584701506 5673.43460678581 7935.9165464769 4094.62618857931 4472.31403760328 11601.9191446688 11347.1328567488 6718.11892409435 5795.76798427619 1290.27495373037 8050.2596282957 4107.33905615006 3299.72156898319 7212.32343923438
796.328913486662 3379.13890397243 1148.65293448804 7235.67659027741 1336.63404264207 5748.55620875152 7315.84842526659 0.0 3461.96721338932 3290.7941293247 6416.50834203506 6138.24307630255 5538.77428254355 6333.92981863148 5899.62427697965 7652.85575325825 2446.74321767652 2272.80024438455 7988.37922851424 2227.49019317557 3436.99984905211 6166.21952101007 4429.90189298957 5768.83080940143 5801.41666688415 1711.98703734366 3025.15446109526 4044.13413327786 4164.81532607639 3984.90794356233 1528.42159950856 3960.52320972729 5766.17989885972 4744.67498121955 3857.54744124009 7161.51506665089 1298.40019363132 2947.57992238194 2545.78982891678 3513.94673467032 4319.95358138937 6092.31318941508 5744.88516690317 3191.96876882376 3857.96854466014 5582.88944203406 9803.72147195357 3733.27944673778 5028.33225534802 5854.49371207699 3960.85648010785 3686.85433851056 6912.88797502297 4574.74004002249 4217.67125551705 6477.62387088981 9385.07250365953 7437.86092490975 1818.86636714391 5921.38176303832 3632.51229160348 1846.62900548469 4546.47548917401 3289.49950416273 3035.38501016114 4852.92427613271 4138.38908378713 1910.55502044893 2889.99149688636 6070.10396260339 2012.354657952 3646.49990394197 4079.1397880844 796.328913486662
4250.36444878675 2663.27075213032 2364.68538779301 10519.2043588488 3549.69444851221 7092.76328185561 8180.56200134783 3461.96721338932 0.0 4880.45450786016 9833.9758973935 8998.42964744042 3014.55002733291 5078.96019059572 6083.81865533509 11055.7212333537 3283.2995793048 1190.70347355102 11443.6129010079 2649.55933169988 3719.63264943476 3527.52480476556 7558.11758390183 7660.40814181182 8377.65699377551 1946.5193804794 553.870034736114 2182.08745078745 6289.01250595083 3982.55487982192 3380.09943605296 3237.26331336556 8027.64402918793 8055.53082898969 7318.53133822006 8686.27502226793 4669.59486422115 2836.77720673274 5572.98168670688 4560.81584667177 7612.18157155708 9456.16400999192 5432.84912689534 4957.36457983675 7233.25752088654 8090.44401767572 13251.8096744034 6321.9618198482 8425.71517332263 8001.16813887479 4415.71769875722 1183.32301801817 10353.2542168251 5134.03822447272 7644.7060040961 8877.81511604868 12842.2864835259 9103.76032174449 1992.14372948744 7855.85418134237 6546.39764851105 3253.99777665059 1336.75387180314 4470.896035807 4005.15937790558 7379.8311548492 6032.90271813927 5265.82396534861 2416.91056649606 6919.95462888205 5425.86971852008 5900.4583826699 5108.51223973156 4250.36444878675
3227.77990906402 6233.82998320117 3260.26109844302 6565.13174280162 4624.16808098041 2487.94413589285 4025.83498687937 3290.7941293247 4880.45450786016 0.0 6467.91115323079 8630.74920730814 5031.53484609487 4327.6953937026 2895.01606785392 7490.61668621257 1597.16612067428 4120.22558842998 8732.20634294572 5236.04336880779 6601.74294342563 5581.71465604611 6748.96275996113 2796.32557156164 3641.52462596539 3216.54828918591 4789.96781959248 6520.35665904731 7304.3467648486 1902.60440627902 4790.9011478689 2635.64450154229 8747.0202784116 4497.65965348152 4874.31620098852 10356.2688648252 3976.19211945508 2195.39847779355 5338.21248033299 681.912616847629 4091.08282493473 7618.17191569169 3111.69150242778 6463.81464239013 5687.7179692647 3328.69278289367 9869.66284828243 1889.60820781864 6551.18246304146 8886.18424158991 1414.50396079588 4202.03783302107 7926.74817847008 7839.69639698586 4704.40683415506 9337.57358321367 9613.02482053966 10588.4344756692 4454.61752692663 9035.23253285948 2508.29748940599 1785.91747154302 5189.70530711837 552.406401489287 954.466401237557 7742.94817443664 7346.23156277087 2980.21152651868 2586.39264987842 2795.19413492005 4233.87295249888 1235.01431064429 927.961267215688 3227.77990906402
5620.99747191087 9400.62150455359 7469.46519678525 1543.03830927684 6960.676796085 7083.29678469337 8577.05433858044 6416.50834203506 9833.9758973935 6467.91115323079 0.0 5700.94930063225 11227.6301446457 10780.9105890537 8899.81548779845 1247.54874134835 7389.36960820512 8662.90239131888 2507.45565675261 8276.13982869233 8888.4899148912 11832.3588087813 4547.04876177637 6023.7929453654 4310.78638103136 7925.9841536593 9432.62659856424 10290.7964322834 7059.04333150313 8351.97991123672 7245.68492794341 8958.8351159396 7235.17938439012 1973.06703092587 2688.96690897036 9378.05073717329 5429.76226470368 8180.647318357 5412.57118992816 7149.41511850534 2399.30030813863 3095.78033147855 9426.42871805187 7419.48355383653 3576.08213545674 4500.10016194415 3469.71434264449 4651.79677224517 2890.90810258329 7519.12029263543 7881.54535501101 9782.11902075701 2281.49484948309 9239.40643676202 2199.16319757679 7184.9582096364 3154.82958345305 9284.01772031225 8189.88486185825 7976.16556325665 3961.87674354535 6998.03831842475 10754.7128029741 6987.66615533225 7231.08132513815 6364.95864274847 7430.98461548063 4570.02875280475 8414.55594458152 8021.00539791591 4717.90048648737 5346.0332320201 7217.61306651144 5620.99747191087
5677.13877217242 7091.35858686148 7169.23907058445 7242.23495852959 5476.03883194569 10542.1503147855 12250.1274961987 6138.24307630255 8998.42964744042 8630.74920730814 5700.94930063225 0.0 11594.3999737959 12419.0015035707 11524.3511189649 6541.302655111 8452.81017254847 7936.39183409043 4949.96067493503 6438.32645281964 6048.92720664425 12210.4446726104 1888.18584073334 9926.92099035123 8798.03854587806 7748.66822448304 8449.67989097537 8168.22660100462 3056.42076613514 9951.10796039 5620.68928658237 10071.5013806324 1967.38235047102 5953.09193118127 4329.29879087399 3927.23745361518 4914.17114094547 9060.00861240232 3594.73692916205 9138.02390407694 5945.19901720472 2694.46860576799 11611.6410187033 4287.9517230732 3097.31013409671 8807.76738434522 7353.59082592272 7700.10509471922 2922.21107958354 2250.71415908264 9768.97367992568 9626.59608825393 3962.57759853896 5478.13596286072 4969.6101335758 1549.3678246486 6768.82826651268 3715.01530657687 7012.30477021514 2770.77409275764 7017.32521003355 7846.82932899578 10298.8463372058 8903.85672701689 8835.02552220744 1793.95016193537 3472.89497835659 5653.40915841164 9027.91928825153 11231.2783033837 4434.22888575532 8158.20236941411 9557.65511120006 5677.13877217242
6186.75257218634 5676.06382231643 4437.77717667408 11538.4128862131 6157.99035354909 6373.00571457226 6858.32019201118 5538.77428254355 3014.55002733291 5031.53484609487 11227.6301446457 11594.3999737959 0.0 2611.56697232943 4596.33016583206 12352.1748167437 3838.3422659891 3750.78229487269 13226.5438660885 5555.21570075081 6726.37132299108 629.661057053224 9959.99738186746 7325.72062447689 8609.8854857752 3855.39598144439 3514.86685567036 5067.76609385987 9120.6422673631 3246.17004211228 6068.46437437722 2401.50669841321 10857.7600911788 9280.4091303253 9070.44489073043 11669.7941936643 6834.99404203949 3047.08775637451 8020.76165832659 4412.30531670204 8838.82245424238 11569.6879313206 3698.55179807212 7824.02080819642 9353.20327077559 8287.06956570618 14693.5088406726 6892.85818602181 10482.7765107222 10862.6896424875 3831.1678999621 2018.07512743365 12244.6988351815 8147.50439849078 9182.53496433545 11675.9747623201 14371.1170296966 12073.1333142359 4730.99635411638 10764.881314063 7402.53226430785 4265.64110440832 1827.45837458061 4481.08722571114 4112.97231543792 10109.5355758217 8912.4490060127 6864.62341117084 2839.30514345847 5806.55121033687 7512.79671360422 6265.32608232741 4693.58653219017 6186.75257218634
6743.23509539715 7628.26488978032 5489.33049710893 10739.4957430536 7352.41177011033 4604.9125750373 4590.47828263565 6333.92981863148 5078.96019059572 4327.6953937026 10780.9105890537 12419.0015035707 2611.56697232943 0.0 2477.03987039181 11758.3713323019 3969.72834289735 5339.80302179978 13057.9243001319 7173.85495532133 8522.53572635265 2685.0877599166 10614.3067880795 5749.03979834522 7359.66812570295 4985.57807911973 5443.42035640766 7259.79013942187 10399.7011171586 2541.15406870535 7360.4284376995 2379.58620147878 12069.9468465339 8817.01960172505 9111.21540362179 13233.8322042317 7505.74228792288 3387.896309187 8858.65974907373 3654.02239549935 8416.85341017958 11817.0631934226 1580.90721539407 9225.16113709205 9737.02759050258 7038.82586557324 14141.9433949971 6140.37720848811 10727.6183463801 12133.6205858304 2918.01095000376 3896.9463222956 12227.3692222843 9960.71533621978 9012.3890243478 12806.6117634557 13912.3775619939 13578.9519068297 6249.95443185662 12137.6535499824 6820.49931526313 4572.7166715561 4228.11488427523 3842.27459021191 3721.22350020262 11184.0674073911 10286.2122416872 7013.82788013445 3516.9772438225 3797.27799295844 8027.64470971724 5445.68179480028 3578.52164698037 6743.23509539715
6019.82655185602 8205.18584084206 5456.03927503045 8627.93805011194 7162.67425944028 2174.42384665028 2263.84277862 5899.62427697965 6083.81865533509 2895.01606785392 8899.81548779845 11524.3511189649 4596.33016583206 2477.03987039181 0.0 9750.65267801636 3532.58073671732 5840.77841476084 11311.3685994684 7432.9166945524 8849.47852024405 4891.8444210894 9643.72693636771 3362.91526604712 5085.33608667861 5141.67353249377 6253.16279621496 8156.74686110993 10046.6939667223 2164.11808922046 7266.47628635481 2851.13015383888 11567.2069401446 7006.31953211242 7689.27215498133 13061.0723957003 6792.94509071017 3437.02584204114 8175.10274483424 2425.38682286971 6661.32009960654 10435.1822482654 930.796209112825 9073.32658546593 8572.80179489089 4778.07422860844 12115.2036963389 4308.87579033005 9389.54706244516 11688.2993790589 1961.03829980949 4998.3841979076 10618.0351996183 10214.4296648605 7421.52710480427 12192.8170778204 11947.9789363305 13330.4383277098 6527.58516222573 11798.2516930156 5060.04840230983 4080.60459026613 5716.11362363551 2661.08044652265 2864.35993607983 10583.7198365688 10037.7277343693 5875.22733423287 3797.5152212563 1320.27341366957 7114.10405238117 3648.08338084983 1967.19005400784 6019.82655185602
6858.47520352823 10646.3204320639 8692.85718486787 1319.35572079565 8207.52465639777 7807.88385531344 9181.49896652148 7652.85575325825 11055.7212333537 7490.61668621257 1247.54874134835 6541.302655111 12352.1748167437 11758.3713323019 9750.65267801636 0.0 8518.41540255017 9890.21053030911 2341.91039220802 9523.42789234625 10120.0701762124 12948.3038733137 5612.20046057228 6673.76067509118 4875.8969754124 9137.27443213453 10663.0313582092 11538.3375827373 8188.45923995769 9390.82665494924 8492.29270393637 10043.7090455117 8215.95463642808 3075.78793118115 3932.82271417538 10347.9756224463 6677.30501584417 9308.12900161788 6627.73992380499 8171.15646166834 3521.82888989195 3850.05258151938 10345.3019479342 8620.37929999332 4748.04760470554 5121.52316344551 2383.60211844445 5623.43288535077 3920.99931159351 8506.39791650158 8893.23715608922 10967.3267716642 2705.61372670156 10429.1233685059 3439.72043219624 8071.03981602623 2206.95548158552 10212.7468817368 9432.97653243713 8984.13233605548 4991.40090530711 8157.85797985932 11948.697537216 8026.10390868655 8303.29968241771 7408.07622013311 8574.79746048491 5790.07885578811 9561.92552373346 8770.55617764933 5964.2210472009 6315.73938609262 8179.9612645837 6858.47520352823
2775.67159655498 4821.35230843247 1936.56671057228 7746.68560700933 3646.39805546092 3920.49070560204 5247.01686942625 2446.74321767652 3283.2995793048 1597.16612067428 7389.36960820512 8452.81017254847 3838.3422659891 3969.72834289735 3532.58073671732 8518.41540255017 0.0 2578.55489216162 9433.44236745019 3939.95922153213 5351.64315869466 4444.51913476709 6645.15996971379 4383.70180224374 5163.20189606786 1721.72642886063 3208.90472693975 4993.21930081689 6607.09445805049 1538.59745805245 3737.25611105699 1686.14382289333 8209.4578574945 5444.26017454231 5321.21575819381 9575.28898189409 3544.39457773063 791.278184238208 4913.11518733483 1367.65386479223 5001.48439178954 7945.88407716787 3301.36208748902 5563.68260277256 5804.92336502971 4862.29928611381 10855.3090027048 3201.75878399607 6850.24087149486 8301.04160229337 1571.88088337171 2661.62897061714 8495.90058920367 6691.67238766197 5367.92557946024 8904.57084734522 10534.5907195951 9868.75547340914 3069.58427411582 8363.56385013057 3610.31281154456 610.599434980152 3666.99503735812 1224.49405607143 784.33977412636 7278.89118637434 6559.85939582066 3135.98741597132 1078.24047038322 3957.42258463126 4060.73354922835 2680.15648128359 1966.40971996955 2775.67159655498
3063.75389488283 2375.11739950487 1204.20522032945 9390.89792440746 2460.3638701552 6498.68177343307 7767.39373845953 2272.80024438455 1190.70347355102 4120.22558842998 8662.90239131888 7936.39183409043 3750.78229487269 5339.80302179978 5840.77841476084 9890.21053030911 2578.55489216162 0.0 10252.9890560731 1856.02471172816 3183.36508176034 4338.17729184483 6426.21156979593 6912.58922924581 7441.85798956661 922.491202190811 783.70797100148 2414.73175831718 5370.11536871275 3676.663315096 2335.95923932399 3141.70306031881 7108.23703346098 6914.00426656581 6130.25680585041 7985.38104160886 3483.68966520172 2406.98205356318 4442.61276871348 3941.55795992753 6474.39796354583 8280.63290307234 5341.54646423073 4076.72077945276 6053.05714437516 7170.68338304127 12070.2260931914 5350.54403306655 7243.04443482544 7112.01774161974 3982.30619704447 1733.55757583918 9164.23764541357 4620.91325107848 6469.09392828036 7932.2784484037 11656.4269087664 8367.38137443225 981.239838637761 7022.31715534375 5496.81781923429 2363.98066672705 2379.62177672179 3802.27046370378 3358.92708415617 6383.22727920149 5165.35184959861 4102.35216578683 2049.02822225066 6479.64284635329 4237.92492874699 5005.05799274044 4532.55300292833 3063.75389488283
7215.56658057247 10482.2087703592 9122.24060229438 3590.18114888815 8167.98311714714 9566.14995014775 11081.4051995888 7988.37922851424 11443.6129010079 8732.20634294572 2507.45565675261 4949.96067493503 13226.5438660885 13057.9243001319 11311.3685994684 2341.91039220802 9433.44236745019 10252.9890560731 0.0 9464.97084844132 9738.10339550086 13847.9646074709 4668.49460632239 8526.25076203821 6816.85116245772 9646.37722141645 10978.0439191374 11481.4884081093 7280.06283429671 10563.7194453741 8429.84282072173 11078.5994355405 6843.74743371428 4305.0785339084 4173.67977276237 8877.07186400054 6791.4775605061 10213.5239458424 6260.77892426106 9403.91065829221 4665.52753823808 2454.12525880665 11778.3947137771 8043.28452944989 4328.76609600021 7007.28857848279 2407.10081630291 7012.15533794023 3163.85230085911 7138.16020567131 10140.0369828673 11595.3144459926 1170.60985916753 9720.64519596636 4073.82312111076 6489.97468107665 1826.2314741872 8651.84809927063 9603.79998523328 7650.98874105818 6278.46468954729 8962.39222389136 12513.0780448756 9219.9927138405 9402.27934978015 6247.89774689251 7707.64552239796 6368.66438420574 10387.3187414151 10491.4232711042 6030.22203794611 7694.13552872228 9545.29932392613 7215.56658057247
2876.59288940596 1168.53112972154 2010.59123820439 9268.45613123214 1320.04093927899 7721.37342674221 9165.32699277018 2227.49019317557 2649.55933169988 5236.04336880779 8276.13982869233 6438.32645281964 5555.21570075081 7173.85495532133 7432.9166945524 9523.42789234625 3939.95922153213 1856.02471172816 9464.97084844132 0.0 1416.56216329669 6117.19578460098 5174.03440146414 7894.53870625401 8027.49413311454 2301.4455618661 2098.37515487085 2028.48628863952 3641.67692250375 5301.27686012107 1042.16985134664 4903.96135518098 5378.7113566372 6797.04114302596 5597.24966911949 6133.76097428958 2851.45198732946 4039.4225092483 3253.19262885993 5263.16359947456 6399.15705453773 7257.13139398704 7042.89549988211 2307.85941518298 5137.21819134217 7804.72656302875 11511.2670839181 5949.9034667234 6320.63196439056 5352.31459083035 5491.3906143975 3546.15895844694 8316.83915974594 2813.39602074652 6112.54680534236 6232.32669315104 11039.1127802699 6523.75006658642 931.27892062035 5219.67367442742 5855.58324717266 3495.06150099302 3985.89072565524 5073.99832644554 4698.11243365223 4762.16826093341 3384.99470588902 4032.39023619712 3755.43248579192 7880.82053181178 3562.52846308826 5806.82390997732 5865.70638150699 2876.59288940596
3935.23467736254 1152.72898518865 3417.03873219912 10032.0496692436 2199.01138048207 9089.62461036048 10562.9100929864 3436.99984905211 3719.63264943476 6601.74294342563 8888.4899148912 6048.92720664425 6726.37132299108 8522.53572635265 8849.47852024405 10120.0701762124 5351.64315869466 3183.36508176034 9738.10339550086 1416.56216329669 0.0 7246.94941516367 5166.73504664036 9197.23073209526 9183.66166675437 3715.26858099184 3212.9035003725 2179.64152284577 3015.78359028392 6715.8092969137 1941.18275776501 6294.15664793619 4635.66001510265 7628.72663918025 6211.20118197947 4982.43031466915 3664.37036614203 5450.71013311456 3522.2323532377 6663.09256493834 7269.3848014188 7382.51607225356 8451.30410844672 1786.45376400328 5473.6717009069 8984.29015252223 11931.0345598405 7152.12822576099 6581.12606341176 4540.37055623604 6906.93861752818 4768.84061987792 8568.50142810687 1441.0163679818 6821.63209277506 5518.9202825731 11421.0002837299 5417.36841589922 2333.98594652608 4295.61838321291 6963.26912593904 4889.52535255135 5021.70275709624 6468.41950796012 6103.47736611673 4265.81834851616 2642.1603496291 5032.2113702011 5155.29828326431 9281.70615672727 4243.59125189767 7081.7274770208 7263.90083496493 3935.23467736254
6816.38805872795 6170.92238803969 5060.85644011306 12115.3469000911 6763.47140680186 6777.85188775438 7134.18761588209 6166.21952101007 3527.52480476556 5581.71465604611 11832.3588087813 12210.4446726104 629.661057053224 2685.0877599166 4891.8444210894 12948.3038733137 4444.51913476709 4338.17729184483 13847.9646074709 6117.19578460098 7246.94941516367 0.0 10584.9720275877 7776.83632546597 9122.61886347835 4478.47839701231 4049.00174820897 5496.62002473081 9706.27339299349 3749.61846898941 6666.05775171862 2946.47368331253 11445.6251193131 9879.85929357356 9695.07401705075 12210.0635560118 7462.97615517089 3653.80901384419 8641.64740744447 4945.36835858627 9439.9618930788 12199.2380733836 3969.53309994648 8400.77530798434 9982.84433737597 8798.35350436477 15295.6836324422 7456.43671988847 11112.1359829796 11444.3774129053 4328.84408050474 2606.21608316249 12870.358043638 8655.16274185922 9799.19302023954 12269.9824690626 14979.0656515307 12621.4753323241 5314.78751943285 11334.8862328577 7985.49518164345 4885.67556994401 2257.08778455544 5029.45250001579 4680.38438871704 10711.4640450341 9488.08390851152 7489.03467510776 3461.31719283706 6149.49852472836 8142.23090684593 6816.69560766302 5185.26828705678 6816.38805872795
3882.20399819909 6040.98864731955 5525.52391478415 6020.49517899652 4017.29193593563 8664.18984484119 10372.8321876455 4429.90189298957 7558.11758390183 6748.96275996113 4547.04876177637 1888.18584073334 9959.99738186746 10614.3067880795 9643.72693636771 5612.20046057228 6645.15996971379 6426.21156979593 4668.49460632239 5174.03440146414 5166.73504664036 10584.9720275877 0.0 8083.11680592018 7052.28622020669 6107.45764311209 7027.48913335227 7095.97637097444 2634.78660230748 8119.27684477374 4220.79711835952 8293.39989582153 2751.68681938253 4316.78708633043 2590.58927341972 4880.02687534398 3151.61912419246 7289.61937799902 1985.50632375203 7268.12506128385 4232.02130257592 2239.31755106451 9752.93598914519 3413.96970530147 1286.83726444658 7033.77984789935 6991.74930252338 5832.75532333605 1692.86862088584 3019.95375652789 7912.24327525205 8047.9699655375 3507.15990573228 5052.15080258906 3293.82398060052 2933.58782836261 6441.26115263929 4848.94245482336 5574.5257781178 3447.82497460747 5168.26950226401 6046.8224080208 8805.41784694318 7035.12144512967 6985.36927441547 1820.22629983176 3052.44057723245 3769.36557089349 7293.95073607269 9344.20692498252 2589.55108454729 6274.93234681428 7676.56076807633 3882.20399819909
5432.79091602009 8952.94954802325 5989.21370055948 5452.04456398807 7080.28461581954 1205.1007386662 2556.74757034317 5768.83080940143 7660.40814181182 2796.32557156164 6023.7929453654 9926.92099035123 7325.72062447689 5749.03979834522 3362.91526604712 6673.76067509118 4383.70180224374 6912.58922924581 8526.25076203821 7894.53870625401 9197.23073209526 7776.83632546597 8083.11680592018 0.0 1813.7429586274 6002.12564065568 7585.83961399992 9302.56651684617 9339.48567938353 4109.28102347116 7294.67210105523 5005.51756578922 10521.8432308132 4383.08584252933 5642.84592096013 12377.0668760655 6035.0062202524 4885.55916095456 7216.11353675036 3133.97239450734 4179.93449887815 8203.54292136322 4174.91474780163 8752.50552693564 6830.0103368736 1552.24354644503 8973.50097298887 2301.2613085773 7298.54358789232 10714.7813887331 3529.43437887673 6895.67100154816 8048.47024134321 10320.6332507954 5126.986100038 10949.7684082893 8877.21648454649 12527.2091138376 7181.44667300287 10964.6588190409 2914.91226895377 4558.97883521351 7844.93887648315 3194.32657497045 3660.89445309548 9477.00099303974 9477.53562672118 4663.2448775393 5300.49960051746 2169.37211337642 5982.42322825212 2132.17016306833 2680.0124615942 5432.79091602009
5251.0222561903 9166.67145127882 6348.16272090698 3639.56328462387 6987.18932665802 2994.18789441589 4308.04289980386 5801.41666688415 8377.65699377551 3641.52462596539 4310.78638103136 8798.03854587806 8609.8854857752 7359.66812570295 5085.33608667861 4875.8969754124 5163.20189606786 7441.85798956661 6816.85116245772 8027.49413311454 9183.66166675437 9122.61886347835 7052.28622020669 1813.7429586274 0.0 6523.81162565981 8188.76127589829 9705.13969159368 8735.42502789193 5373.15535085338 7242.97169449126 6213.08474460176 9678.15363837374 2917.06796710899 4476.69923397827 11672.090958934 5665.03382944852 5831.1204132447 6603.61769556898 4205.56642680342 2854.5603346793 6778.44245541671 5821.67718367503 8398.26811643344 5765.57426234658 325.43610707177 7160.92669492611 2103.82436902588 5990.84193620988 9903.9210795078 4794.63758612037 7819.19374620757 6446.61443562878 10119.5907594443 3835.20110575084 9983.10748142872 7074.16592393155 11753.8894842855 7474.51497803525 10222.0978213696 2239.85936631898 5125.52171230807 8817.45688362473 4168.86851889973 4595.98675145367 8640.62286736514 8949.11350476599 4220.43161686837 6209.0346467225 3966.1906093466 5387.11071243465 2485.60851462202 3945.52432635969 5251.0222561903
2438.5660304295 3104.40161768027 582.41011489008 8574.85210326428 2395.53348351008 5630.37010065422 6962.61323318934 1711.98703734366 1946.5193804794 3216.54828918591 7925.9841536593 7748.66822448304 3855.39598144439 4985.57807911973 5141.67353249377 9137.27443213453 1721.72642886063 922.491202190811 9646.37722141645 2301.4455618661 3715.26858099184 4478.47839701231 6107.45764311209 6002.12564065568 6523.81162565981 0.0 1669.81321217217 3303.80855027107 5442.20475049667 3000.54856408748 2378.57315502406 2644.72746456024 7145.82292134357 6117.75661024518 5482.15821163183 8250.16736879433 3007.52904525036 1739.18550634846 4166.50783406947 3087.9916095304 5672.79859814477 7802.3922891396 4743.99305497477 4240.2187901639 5568.83981457007 6250.58820538988 11365.7406098978 4437.19592350201 6733.83992614038 7187.5595616355 3219.01522748946 1975.88944898462 8593.21333918952 5108.69462658322 5751.38990809173 7924.50766517513 10974.5073951012 8593.53078125237 1386.07518563434 7164.3728261566 4613.09590401738 1445.67929324631 2867.06121020356 2931.09473205101 2505.45816833979 6324.55483456459 5306.84099950899 3358.7307491696 1484.10637848023 5672.35219796467 3721.69052569521 4082.6427866008 3688.05616769505 2438.5660304295
3820.65254429178 2203.63413671125 1986.63790696393 10173.8229000335 3012.83617563306 7099.64453709838 8279.61624023352 3025.15446109526 553.870034736114 4789.96781959248 9432.62659856424 8449.67989097537 3514.86685567036 5443.42035640766 6253.16279621496 10663.0313582092 3208.90472693975 783.70797100148 10978.0439191374 2098.37515487085 3212.9035003725 4049.00174820897 7027.48913335227 7585.83961399992 8188.76127589829 1669.81321217217 0.0 1905.2817479256 5736.11044886397 4108.64226414431 2834.82180917548 3443.87239552493 7475.22408985854 7695.49302513584 6878.25314645966 8161.40028241132 4189.77831603516 2887.93449155324 5044.01945787827 4543.18736467822 7256.57865014619 8953.44670518537 5663.40674970645 4405.65495207907 6738.48041740843 7911.95741328402 12828.8745433869 6106.23896492936 7933.86786723999 7450.67001159188 4487.72631876184 1576.79822367432 9876.45091669516 4640.89749331039 7236.23788316317 8324.44632214213 12408.0163451636 8573.05295020555 1453.55468785567 7310.52122962139 6272.88446062686 3077.74520242504 1887.87652166329 4427.15150128025 3969.15186245467 6826.36821844583 5482.99569721435 4878.84572579412 2484.66345264345 7002.44782595883 4949.8719386851 5734.06797954026 5116.38832047673 3820.65254429178
4784.17253718498 1077.06020710511 3363.05595048657 11238.5368244779 3347.36301413249 8913.4073309846 10157.3983667461 4044.13413327786 2182.08745078745 6520.35665904731 10290.7964322834 8168.22660100462 5067.76609385987 7259.79013942187 8156.74686110993 11538.3375827373 4993.21930081689 2414.73175831718 11481.4884081093 2028.48628863952 2179.64152284577 5496.62002473081 7095.97637097444 9302.56651684617 9705.13969159368 3303.80855027107 1905.2817479256 0.0 5173.408699022 6006.67452257895 3070.6216692535 5347.1828362225 6815.12082761061 8753.28080722418 7618.85247997191 7023.93083177626 4861.03454821707 4767.23802729284 5239.2746722049 6355.82338735334 8341.03233156806 9236.54520702164 7564.90499792048 3881.0893963013 7152.81503683218 9452.77577036433 13539.7506791953 7601.37442924629 8328.20725153713 6718.50224488873 6363.68013113149 3365.41032637243 10328.0847123842 3362.89624487471 8114.79430009571 7698.17832454261 13066.8715601853 7487.55213034724 2247.73700431271 6459.16311112622 7629.60824158885 4743.64585034348 3247.97424161689 6216.56491229097 5773.47038117216 6405.33657536479 4815.10772398918 5939.62558805648 4374.88828039116 8873.91779353715 5585.38994325545 7332.15044851423 6944.97590595751 4784.17253718498
4077.38564727302 4104.79552930407 4912.88944921833 8452.51367281342 3050.35146567355 9618.81254275666 11279.3673234312 4164.81532607639 6289.01250595083 7304.3467648486 7059.04333150313 3056.42076613514 9120.6422673631 10399.7011171586 10046.6939667223 8188.45923995769 6607.09445805049 5370.11536871275 7280.06283429671 3641.67692250375 3015.78359028392 9706.27339299349 2634.78660230748 9339.48567938353 8735.42502789193 5442.20475049667 5736.11044886397 5173.408699022 0.0 8141.87503995255 3076.76481358101 8024.66639110297 1741.22516383036 6397.02207270204 4672.27166636999 3060.79823952733 3355.05708860085 7032.42586437393 2140.51066532173 7634.08809559426 6174.28843063889 4828.70052073443 9908.02723859598 1340.0353241118 3500.35263923469 8632.67928610128 9623.55517373013 7050.25542966355 4303.04566001491 1748.57250765008 8122.06429381253 7103.6334349351 6129.28554756182 2491.63309430109 5401.1131717899 2591.3154663658 9069.11987937857 3287.39724093834 4391.53409491517 1756.65352375119 6567.59668821346 6011.10290141977 7623.64708064831 7402.19318667028 7188.71887066352 1262.53149074176 437.618200063356 4676.57251687848 6884.46419288665 10092.6898976951 3377.11094660269 7271.69036343758 8167.45320635972 4077.38564727302
4283.65040275468 6042.75285615814 3365.33437904859 8463.24955264078 5156.9354716556 3268.01227576104 4198.9797585392 3984.90794356233 3982.55487982192 1902.60440627902 8351.97991123672 9951.10796039 3246.17004211228 2541.15406870535 2164.11808922046 9390.82665494924 1538.59745805245 3676.663315096 10563.7194453741 5301.27686012107 6715.8092969137 3749.61846898941 8119.27684477374 4109.28102347116 5373.15535085338 3000.54856408748 4108.64226414431 6006.67452257895 8141.87503995255 0.0 5226.32158184395 902.002010042977 9747.92224551484 6379.00614990013 6574.18230631246 11094.2644932453 5060.30406028715 1275.38591769046 6438.19783357046 1228.62733567078 5961.56679114441 9275.91742104627 1776.52867543871 7073.95319826468 7205.26651403036 5049.06538427423 11767.9812227803 3789.38307388325 8186.57459428631 9839.38826674692 585.637228504625 2979.21498278141 9704.75700256992 8102.02430099459 6500.4553889528 10439.1585804206 11502.7304391921 11396.2758527378 4384.75353128498 9897.83173075206 4402.36662125467 2145.46687688269 3833.5234093193 1365.75665288663 1180.82370878785 8813.81433334725 8085.49043616686 4475.4303195325 1635.85909616197 2950.24845241996 5529.94931980153 3117.72060898933 1448.63076515724 4283.65040275468
1998.36277420735 2158.9336443923 1883.47813128317 8270.40739796445 287.819331833644 7264.42486461068 8805.10492870703 1528.42159950856 3380.09943605296 4790.9011478689 7245.68492794341 5620.68928658237 6068.46437437722 7360.4284376995 7266.47628635481 8492.29270393637 3737.25611105699 2335.95923932399 8429.84282072173 1042.16985134664 1941.18275776501 6666.05775171862 4220.79711835952 7294.67210105523 7242.97169449126 2378.57315502406 2834.82180917548 3070.6216692535 3076.76481358101 5226.32158184395 0.0 5001.69348118363 4800.38319622915 5815.00112297978 4562.28633439845 5889.31210615112 1838.19735518044 4038.25520385941 2258.46527694483 4947.64539943391 5430.29735765007 6249.49103354966 7002.1931691732 1866.98822522152 4104.94141613651 7043.19283620897 10469.1766625077 5213.94545417549 5293.42191305304 4825.29481602398 5305.91681922266 4060.2596304111 7285.57784252925 3051.7370539493 5094.31375633614 5608.20424110922 9997.15355997475 6220.49082955342 1391.65767574665 4786.78045493524 5026.43431162817 3193.18150927614 4679.44039480021 4734.32436789829 4424.70941568059 4047.7065310438 2928.27264816725 3118.34011886116 3846.31031188361 7543.89946415663 2528.20067291827 5168.41148789617 5533.09680313448 1998.36277420735
4411.26533248329 5509.7563939 3121.57686748282 9177.54179587182 4981.42360149378 4165.653564607 5009.13158969632 3960.52320972729 3237.26331336556 2635.64450154229 8958.8351159396 10071.5013806324 2401.50669841321 2379.58620147878 2851.13015383888 10043.7090455117 1686.14382289333 3141.70306031881 11078.5994355405 4903.96135518098 6294.15664793619 2946.47368331253 8293.39989582153 5005.51756578922 6213.08474460176 2644.72746456024 3443.87239552493 5347.1828362225 8024.66639110297 902.002010042977 5001.69348118363 0.0 9690.52107661008 6991.72906182083 6995.00275002453 10888.0417727641 5159.22010271511 1013.58214692922 6495.50294619851 2011.12576666767 6559.56740127561 9631.8952901425 2220.68220223849 6868.67461262929 7486.82231470496 5891.25696833083 12406.6675661317 4511.5246122658 8536.28721995593 9755.7671667962 1476.0878160491 2153.71847026934 10163.7379553803 7715.80700501952 7005.24096092961 10428.2445400141 12113.3084566231 11221.7526275882 3972.68743417963 9766.85267599526 5060.47663248817 2255.74221379625 2952.57662637857 2083.65168996436 1743.85191023554 8806.59880621322 7920.63035361451 4819.82167332596 1160.64206040916 3795.10900089333 5721.54354215706 3870.64994978718 2332.33308718817 4411.26533248329
