CustNum 80 StaNum 16
0.0 5620.99747191087 6858.47520352823 6164.4526757075 5488.00036989277 6743.23509539715 3421.94852966743 5547.46050551194 4915.651258966 2733.72538261715 3477.90979876784 4216.07107929645 3820.65254429178 2146.29023494261 7190.80516037877 4134.76979000783 3594.54449066281 5711.78609097662 1906.92030942523 5677.13877217242 4407.55391735549 6439.14495817001 5813.23582638385 4152.1928083464 6050.14273251358 5251.0222561903 5392.07067063899 4111.38097012414 3314.12262086592 5573.66793557729 5388.42148169241 4802.99909570295 3557.40864317134 4131.83653421959 3603.3558933804 3413.52508881659 3882.20399819909 4964.38875132005 6254.81747343177 3063.75389488283 2167.21014974527 1745.64095571257 3408.19736785059 3910.15932890932 3664.49102794546 5153.87819456267 4930.07109904954 5837.90952244492 6463.81912008388 3333.16201644405 2147.88814376527 6186.75257218634 5042.75252951281 4179.22879124342 7381.75515337995 6019.82655185602 4283.65040275468 6284.90704145618 5535.99002513219 6473.71687149904 2876.59288940596 7388.70263202966 2865.25103200532 8592.69171476735 3520.19752647815 5095.85670755837 4044.80935181771 5672.90249240089 6803.13057950672 7188.62157491765 6154.92766853465 4250.36444878675 3166.46446487273 1736.74396543381 4048.25016302171 2683.07667507907 3256.05372415947 4360.94317982913 4764.47790148843 7247.61430850904 2590.9757303552 3740.75056467876 3273.39474384322 1698.63395745331 4103.4787959502 6015.61024562341 4569.58483756973 3480.7536302498 2598.5640311066 3432.90195966844 4877.0920438249 4862.06436145712 3785.1227714027 3359.18068251518 3476.7951266026 5300.6374763188 797.33227384993 0.0
5620.99747191087 0.0 1247.54874134835 11496.8024124929 7723.78592950096 10780.9105890537 2199.16319757679 7235.17938439012 9239.40643676202 7812.72309577402 9053.22837542683 6939.19795978733 9432.62659856424 6663.23947659989 9453.68781504175 3424.64419954592 7149.41511850534 5435.65646932165 7469.46519678525 5700.94930063225 9782.11902075701 6703.63609296943 5061.04311045633 7881.54535501101 8830.82747482801 4310.78638103136 10990.1004697868 5850.28221780621 8921.63299539566 7083.29678469337 3095.78033147855 7461.40152622554 2399.30030813863 8803.33445436405 3283.59999325391 8825.90896779468 4547.04876177637 6425.42590271103 1227.96796558017 8662.90239131888 5412.57118992816 4641.11472327605 8180.647318357 5263.80229977028 5201.99188788566 790.85724648274 10008.5775703675 1222.96935708395 1543.03830927684 4849.8643274648 3580.43518224942 11227.6301446457 6209.76966907321 4096.64806476191 2301.41870522359 8899.81548779845 8351.97991123672 11905.6988503562 8288.07142946655 12073.3479269805 8276.13982869233 8435.54607661567 4236.76133764715 3154.82958345305 9112.36550800183 10696.3239540582 9400.62150455359 7519.12029263543 9950.75589832722 7301.51250976891 2281.49484948309 9833.9758973935 3576.08213545674 6960.676796085 8352.13996963452 8125.0943687247 4651.79677224517 8821.73207419803 2918.38850252065 12793.5569264687 8189.88486185825 9330.04030440818 4064.90775599184 6290.72224221585 7217.61306651144 8021.00539791591 6364.95864274847 2344.95629148776 8215.86206797916 8414.55594458152 9676.31412011491 8019.41460232283 3356.17111061069 6987.66615533225 2934.91478173367 10754.7128029741 5563.05947089124 5620.99747191087
6858.47520352823 1247.54874134835 0.0 12666.7496938739 8528.25433383648 11758.3713323019 3439.72043219624 8215.95463642808 10429.1233685059 8980.07160731304 10298.6875017677 7864.78874562284 10663.0313582092 7896.10876094948 10180.5265403463 4262.87448496456 8171.15646166834 5974.07785427191 8692.85718486787 6541.302655111 10967.3267716642 7501.72703195077 5824.79998857783 8893.23715608922 9882.75945972007 4875.8969754124 12234.30668281 6720.54062598265 10163.8921449609 7807.88385531344 3850.05258151938 8544.89940077702 3521.82888989195 10020.4640410847 4254.83667159339 10022.041219854 5612.20046057228 7195.2304103827 1164.18542987841 9890.21053030911 6627.73992380499 5878.57992762849 9308.12900161788 6337.65761796494 6115.861341906 1792.2545236662 11149.2976632587 1551.84220215669 1319.35572079565 5979.04161935789 4789.16537446431 12352.1748167437 7184.21607685073 5117.93775276972 1890.80639306622 9750.65267801636 9390.82665494924 13141.1065660432 9144.84873906302 13297.3544498078 9523.42789234625 9264.88047729095 5277.76874159067 2206.95548158552 10337.2790045822 11921.7004248911 10646.3204320639 8506.39791650158 10808.3894921897 7735.51037678099 2705.61372670156 11055.7212333537 4748.04760470554 8207.52465639777 9420.40691241897 9329.45761815702 5623.43288535077 10025.6287062961 3610.46555649949 14001.8819893154 9432.97653243713 10574.6259276119 5207.27540137599 7454.07174355783 8179.9612645837 8770.55617764933 7408.07622013311 3578.60472064801 9449.40731612308 9561.92552373346 10782.3263523586 9133.67759420644 4280.53878266899 8026.10390868655 3976.61543312371 11948.697537216 6769.99456945151 6858.47520352823
6164.4526757075 11496.8024124929 12666.7496938739 0.0 6411.36131788691 3756.22125504718 9375.50014752203 10377.8265820281 7404.44930600669 3686.73346616345 3996.27348961151 5887.27868820332 2903.40252605671 6721.69122732676 6761.69556703814 8855.79103817456 5060.12087629898 8916.3745607877 4291.38623146398 11289.3517340253 1756.99907193516 11778.6375749512 11645.360667123 4583.10683477375 9829.84492323932 9250.51398278737 3350.17076485068 6951.85613363261 3783.87993486486 7246.10981633244 11530.5925807914 9246.87568455069 9147.06725904393 6608.94735348378 8598.54758918809 2750.92788049609 9763.69516992077 7219.71229708821 11824.2000796662 3354.39987292691 7785.94326805203 7804.27869157966 3457.58669118819 9535.01622631179 7193.93272159191 10876.9781889632 1659.46627656642 11365.8242184798 11949.5659755086 9125.44582029819 7934.17603988902 1148.7097109838 10342.4789221682 10174.3237444977 13469.7536918291 5616.61820024662 4006.53439472533 2672.37297547291 5753.09722839201 2066.33090134546 5001.737960496 12081.60479782 7530.34973989715 14604.9645808287 2948.14541731348 2081.49174178438 4914.63532591998 10353.9282727393 5359.12055508153 9164.42241521276 12312.944451919 2353.13397516485 9296.06745016771 5813.77013514484 3741.31368195245 3481.37936936196 7395.50744021008 7020.32295021809 9640.37451559133 1857.10644495333 4287.64034343393 3774.67399523206 9307.08668397218 5212.68588133388 5435.96824718379 6766.25080128923 9709.09051680947 9587.97712175929 3872.34783090874 3135.86225558174 2323.80194111799 8834.35010125824 8661.45516418605 5081.83390904573 8757.23903565211 1016.48713554457 5977.30114540584 6164.4526757075
5488.00036989277 7723.78592950096 8528.25433383648 6411.36131788691 0.0 3677.79851673412 6384.94907259973 10983.1868108533 10038.7877951213 4163.73887160005 7160.6753323833 1272.45955113537 6509.94613389654 7558.83281451149 1834.00509779653 4302.22257150853 2085.90368694313 2979.39353875872 5338.80873930975 10751.2249998465 5483.68780667562 11651.3985650424 10640.3201759463 2031.00835965185 11520.4196397846 3813.28497919032 8292.84083761384 1913.10381943021 6814.21147837565 928.183451717073 9450.78601059132 10290.7237107021 5562.26533726154 9146.95221035289 4495.71710377053 5177.11080132098 8863.14003148788 1345.07153397998 7407.11313137975 5970.02289346383 7573.63401698696 6855.26669596965 3624.60592992486 9131.27131839048 2604.94922089668 6936.59000554568 4829.71970751092 6980.6296344441 7380.45196385068 8486.02081503312 5302.5076854208 5497.61178437113 10356.0989533093 8935.6519525872 10024.2342566014 1276.28657564774 2506.32170903333 8432.44539258449 756.944813947757 8120.00549517135 7349.0584669361 12803.7968985885 3811.3912883577 10731.7056305725 6124.08089779825 7143.12628861097 8254.00778057079 11130.7289189756 2316.58303620886 2753.17346550338 9534.91693257838 6446.63721334537 7718.57403165977 6857.41239592359 2866.8874879355 5052.47183981017 3240.02540922505 9477.15442586167 4918.80872071394 8249.27519373175 6498.96338157298 7233.67326798333 8100.09053560315 3900.01949443037 1484.23299644608 537.258939781304 9967.91388763672 7015.19931553029 5998.44838878218 4037.27114513124 4100.90561396801 10327.1105489943 4384.90214320841 2281.6414862314 4921.88453184277 6331.14948582797 4696.34012186521 5488.00036989277
6743.23509539715 10780.9105890537 11758.3713323019 3756.22125504718 3677.79851673412 0.0 9012.3890243478 12069.9468465339 9960.71533621978 4153.93479146613 6486.7300585015 3915.63990163662 5443.42035640766 8264.90884482841 3258.1888425007 7518.27564492039 3654.02239549935 6638.48943716783 5489.33049710893 12419.0015035707 3896.9463222956 13148.2858116364 12537.0815399132 2918.01095000376 12047.8275744851 7359.66812570295 6731.70754301522 5105.3083052847 6152.95946434695 4604.9125750373 11817.0631934226 11107.1414981998 8416.85341017958 9060.10329425424 7514.15274438621 4325.19561333493 10614.3067880795 4914.66327873174 10710.9427374033 5339.80302179978 8858.65974907373 8464.34779648754 3387.896309187 10643.0546189779 5652.50978603204 10032.1528639317 2844.16492741504 10258.7234409068 10739.4957430536 10076.36483525 7643.15497153059 2611.56697232943 11721.7546797625 10863.1493613145 13019.5948587817 2477.03987039181 2541.15406870535 6350.84189375894 2922.07135208632 5805.91965073637 7173.85495532133 13902.9443021256 6551.29251879998 13912.3775619939 5201.63297638752 5378.92067907823 7628.26488978032 12133.6205858304 1775.96281968063 6214.36113325004 12227.3692222843 5078.96019059572 9737.02759050258 7352.41177011033 2704.76028957075 4738.8157521341 6140.37720848811 9461.3430891507 8244.95770813847 5532.54973412489 6249.95443185662 6402.86910195623 9956.60364066625 5127.95934494735 3578.52164698037 3797.27799295844 11184.0674073911 9482.8350375054 5676.4741441078 3516.9772438225 2280.96156704502 10901.9313765941 7477.9013031468 3842.27459021191 7846.43439353102 4228.11488427523 6147.37099430593 6743.23509539715
3421.94852966743 2199.16319757679 3439.72043219624 9375.50014752203 6384.94907259973 9012.3890243478 0.0 6015.92392026347 7331.5964732879 5711.78007875373 6861.34363871341 5375.00657173434 7236.23788316317 4608.20222992048 8207.48649431707 2528.09675509203 5363.86749096615 4836.73519785674 5280.32975708531 4969.6101335758 7641.69043834193 5987.18879105802 4596.53110502041 6097.18415946927 7352.5875730748 3835.20110575084 8795.14055564114 4478.93062323086 6724.17904689467 5946.7681154758 3093.13131205796 5935.00215443817 982.088679927244 6798.52797761397 2046.5279601282 6671.31780042316 3293.82398060052 5236.24096681742 2955.97237297225 6469.09392828036 3474.85991045452 2595.15766185165 6152.57033508321 3898.894252366 3783.91147233588 1808.12189798164 7941.64115785643 2600.37074158442 3212.28673328595 3322.74379392381 1450.15351893442 9182.53496433545 5072.68271055723 3069.02154979967 4118.09851197246 7421.52710480427 6500.4553889528 9706.8063963895 6817.30895313589 9881.10234447197 6112.54680534236 7543.11359656684 2586.1635557809 5232.08422437516 6920.45747561679 8503.35024227379 7253.2224410094 6267.91242593724 8431.49240378955 6736.53334419132 3222.61185827958 7644.7060040961 2029.31138470997 4807.08075161086 6440.34088524426 5959.98551787594 3144.92561150411 6867.68098225341 2574.418058241 10617.0234208377 5993.34832594032 7135.91121936288 2577.71374185241 4213.35434294446 5560.51599511832 6783.01089322913 5015.17981392009 732.466367921555 6017.90549362743 6346.19490697287 7674.83891611397 6380.18251034089 2239.27672024617 5170.17438032882 1581.74555483319 8599.06769995958 3404.64123628456 3421.94852966743
5547.46050551194 7235.17938439012 8215.95463642808 10377.8265820281 10983.1868108533 12069.9468465339 6015.92392026347 0.0 3765.83418240109 7916.12951225688 6413.87297129393 9721.63018968286 7475.22408985854 3817.73850330027 12726.617772706 8334.40402645584 9141.99760146813 10514.0189813011 6601.67742683212 1967.38235047102 8841.73748449524 1673.7155062176 2783.6886358237 9680.46863369722 1834.6195772766 9678.15363837374 7859.63517620452 9393.40604038468 6596.11343192918 10939.4059648438 4465.79498942207 1189.90444691868 6920.06753982361 4116.19330419807 7755.69510520939 7999.33000465021 2751.68681938253 10267.5823662013 8427.44633578903 7108.23703346098 3410.06918042186 4184.80721335099 8687.19918931557 2119.61741733733 8801.51966646775 7408.91686708952 9725.37187147072 8248.27443219578 8739.9124426546 2736.36165908619 6125.48679002864 10857.7600911788 1031.74261545467 3141.1153055364 7346.92262504145 11567.2069401446 9747.92224551484 9071.36887293909 11078.8562986995 9621.53336397054 5378.7113566372 1845.93503513813 7652.91556562847 8669.84811286067 7458.19536350377 8523.9722537602 5765.91373929069 295.143728197599 12329.0902500024 12280.4805646884 5788.08514383197 8027.64402918793 3986.61810932033 4750.76436102052 9462.77195730935 7412.43770197262 8222.96125637732 3792.40363454985 8561.55475636568 10633.623291053 6130.95170874919 6670.08906388795 3439.0094395905 7238.43946637807 9643.01353319497 11498.0390812741 1045.79264298208 5349.84206391858 6632.1474117957 8564.94980371032 9944.41737841213 1830.12917117916 7978.23600944357 8906.63017675122 7355.99490923049 9363.0424476252 6312.51263178821 5547.46050551194
4915.651258966 9239.40643676202 10429.1233685059 7404.44930600669 10038.7877951213 9960.71533621978 7331.5964732879 3765.83418240109 0.0 6100.1352195728 3523.43121828618 8803.22118102784 4640.89749331039 2858.7571657968 11513.1129201945 8910.1316137687 7964.40632084201 10627.4042032957 4758.87597697783 5478.13596286072 6204.70142790747 5435.63369468087 6188.99319364838 8259.80698829366 2546.09457168196 10119.5907594443 4393.80254758535 8956.33668621936 3831.50248065468 10316.0357431625 7282.35163517152 2626.0807103613 7928.55624089956 913.624994905673 8335.04117170714 5635.73540758205 5052.15080258906 9773.38289550379 10241.4644401325 4620.91325107848 3860.803585078 4749.98547642164 6847.86508052083 4385.31437162293 8566.45229002669 9096.48007114671 7235.31085493286 9921.78451749222 10518.9416837464 4527.05575305961 6645.71358197785 8147.50439849078 4320.34264041117 5616.49778140681 10124.3426422306 10214.4296648605 8102.02430099459 5583.53219497282 9874.06207351807 6213.37647422641 2813.39602074652 5047.36830942366 7751.50488837762 11484.4442102367 4796.84818042738 5359.7166903642 2490.03596917298 3598.64355551827 10715.2141929721 12054.0154638061 8557.97461901562 5134.03822447272 5681.99285828821 3244.37302872082 7736.88333149664 5310.34352464484 8170.76741616747 564.796491651967 9425.79847201854 7240.37349456949 3743.97921395747 3679.11871612036 5251.23698739598 6184.91981222935 8558.26633259531 10575.3517504329 3709.48271583599 6925.35843573028 4318.36696625858 6568.82276128379 7683.42902302408 1936.54131052736 8541.61098792043 7758.75187168529 8088.65926997528 6413.65083574111 5652.56008796198 4915.651258966
2733.72538261715 7812.72309577402 8980.07160731304 3686.73346616345 4163.73887160005 4153.93479146613 5711.78007875373 7916.12951225688 6100.1352195728 0.0 2997.95724431672 3091.72337531747 2428.42893162597 4116.76143241847 5445.82172898217 5275.97792506709 2131.21145378318 5811.47229519989 1377.54995742179 8336.92473072936 2019.03433563521 9022.01521554159 8528.19693435646 2208.57297243158 7972.83147102383 5880.39597527786 4278.40234686002 3793.27483745411 2650.54840510036 4690.34906679795 8083.78231210384 6967.85207948416 5461.12785554701 5187.2041464397 4961.20814304176 1212.20243308221 6595.7899467615 4362.58827950202 8150.67772659169 1812.1683941556 4747.5383961815 4477.09189730108 781.088735074393 6548.39792492185 3813.0349274842 7190.69091281517 2246.59535331074 7694.47333606966 8286.66614377323 6016.60150013227 4263.62163247622 3503.4114462092 7586.16761847813 6911.69520229258 9823.5169429189 4131.60499744243 2002.07038140426 4703.98082071328 3850.61080979528 4616.9294924189 3303.6091403534 9750.56691518565 3903.10783623697 10931.3588780767 2025.2837595518 3356.73316818961 4107.21646691027 7982.5094437851 4627.11023529461 6636.32848957373 8741.69235053412 2517.91459165559 5884.19297021908 3218.97588383473 1643.35134059406 888.81026088515 3863.03343622086 5558.78743036403 6052.52737216747 5133.63394689338 2396.44740508557 3073.15973682528 6006.82248670635 1526.17556850307 2720.40621262881 4678.71888819742 7035.88900757534 5978.30317709151 1857.35071909785 699.424164268559 2145.2121695858 6803.52363645777 5045.26552378125 2001.77559848567 5087.76073548157 3025.94464992637 2353.38186647498 2733.72538261715
3477.90979876784 9053.22837542683 10298.6875017677 3996.27348961151 7160.6753323833 6486.7300585015 6861.34363871341 6413.87297129393 3523.43121828618 2997.95724431672 0.0 6050.99568750455 1126.29472524882 2976.91756496197 8387.22106853479 7426.32319450464 5106.27990796083 8518.77119134105 2012.28418337587 7499.89055394474 2681.30312062 7882.46549119745 7962.75378547959 5192.73290345491 5851.80804459096 8347.56457510967 1943.04445001458 6573.84419901248 354.23416395667 7649.01155119799 8240.85339768265 5264.16704995071 7031.2198760566 2662.95239924494 6955.49311704314 2203.37777399126 6201.95879882045 7253.47575821672 9731.80664421908 1224.29004050085 4251.09399164814 4607.24467847584 3628.54205204647 5829.73343742972 6411.1047246977 8623.80766454514 3717.15276993654 9315.80026254453 9941.64663394087 5544.75928154464 5624.46839211147 4641.02043846491 6474.05407888867 6692.03806151276 10635.293038184 7064.16292053003 4900.1614977453 2985.75645518368 6832.50192291597 3367.41209795639 1062.14207776447 8089.29638400161 6044.8726178803 11911.8303332697 1286.48615651221 2129.20732076442 1157.0607177865 6374.27073327976 7408.94000208388 9561.87664428682 9255.04612145401 1652.03865819788 6077.70543716127 2232.77983627961 4512.505851745 2110.6475323183 6243.94656404052 3076.70970410977 8126.80080181233 4321.85694379448 898.766627029794 296.80579901587 5924.57002844194 3772.2756632433 5704.96762894082 7676.6759336826 5821.53779780451 6803.33458151356 1196.73044775885 3273.19175580916 4206.72630029578 4838.10623421279 7109.2901285422 4950.22290134183 6900.01467939334 2981.16069213699 3825.36977216471 3477.90979876784
4216.07107929645 6939.19795978733 7864.78874562284 5887.27868820332 1272.45955113537 3915.63990163662 5375.00657173434 9721.63018968286 8803.22118102784 3091.72337531747 6050.99568750455 0.0 5507.48303843504 6289.3416582365 3026.07853723828 3609.15384696802 964.422019481803 3034.38861243505 4154.32190673715 9544.38612397381 4688.49169162412 10426.4595422702 9470.10607377053 1310.95785854252 10248.7343119371 3524.78328148578 7339.31156943751 1200.45308280076 5713.45984689981 1600.12426171551 8383.38967637051 9019.01457420603 4642.98205874461 7919.02410333291 3655.62690317664 4210.39824730472 7657.29034264112 1347.5091583161 6800.61231998818 4898.7593510901 6311.56802749416 5614.63498781491 2698.45271060872 7896.38895932516 1749.0985338968 6171.42801489822 4234.56637847551 6351.1312221014 6824.31188823532 7256.04309074277 4176.08819679601 5137.97583957995 9112.52363547058 7759.92195185411 9215.66141329735 2052.13042894311 1896.10553829284 7616.67753227124 1460.54741519074 7388.40347498617 6155.0995726384 11546.9604801243 2796.64230860695 10038.7247904007 5108.51785832645 6287.1155076635 7109.16079430984 9865.45633323629 3058.34677104084 3549.12049730715 8580.997994989 5520.94580830897 6549.69391206561 5602.24621899615 2149.05598147106 3969.75423654959 2296.06806301515 8239.92413181628 4329.33754104853 7657.15176020115 5336.38256080753 6151.67327149986 6904.91950443929 2637.96888992421 451.331575400258 1804.03618642397 8711.20909284877 5955.90283974425 4865.94108623681 3119.14332665208 3583.90031076358 9055.66523321781 3594.9092546978 1100.7747713291 4030.80160643076 5623.06940814235 3425.56969305228 4216.07107929645
3820.65254429178 9432.62659856424 10663.0313582092 2903.40252605671 6509.94613389654 5443.42035640766 7236.23788316317 7475.22408985854 4640.89749331039 2428.42893162597 1126.29472524882 5507.48303843504 0.0 3876.46920094646 7571.11442087982 7417.17181936485 4543.18736467822 8211.48234179562 1986.63790696393 8449.67989097537 1576.79822367432 8895.55299356248 8857.48934076246 4487.72631876184 6974.81341195423 8188.76127589829 1856.66314227256 6205.29953226383 880.787881835827 7099.64453709838 8953.44670518537 6344.14646718052 7256.57865014619 3788.49472875724 7008.05278143797 1339.49560249644 7027.48913335227 6790.85402232486 9991.26814183867 783.70797100148 5044.01945787827 5234.40166814437 2887.93449155324 6727.69821839923 6159.9955912661 8927.24195456724 2629.60473711724 9555.15530333725 10173.8229000335 6375.09902437147 5889.23855103338 3514.86685567036 7467.8054544889 7482.05274579551 11177.2187570611 6253.16279621496 4108.64226414431 2493.18860305193 6093.8621230844 2657.28778045736 2098.37515487085 9181.82146756247 6014.35363554862 12408.0163451636 405.27422630461 1284.45901186611 2203.63413671125 7450.67001159188 6490.27642642914 9056.39538657106 9876.45091669516 553.870034736114 6738.48041740843 3012.83617563306 3718.54672214073 1606.43160193682 6106.23896492936 4202.38136689185 8161.44493447413 3493.23595518354 1453.55468785567 972.832732884306 6660.20886044291 3594.76183100391 5116.38832047673 7002.44782595883 6826.36821844583 7286.49632933402 1224.53450885398 2484.66345264345 3180.02371802297 5945.75431153398 7134.16481420622 4427.15150128025 7027.43671950298 1887.87652166329 3945.34960691713 3820.65254429178
2146.29023494261 6663.23947659989 7896.10876094948 6721.69122732676 7558.83281451149 8264.90884482841 4608.20222992048 3817.73850330027 2858.7571657968 4116.76143241847 2976.91756496197 6289.3416582365 3876.46920094646 0.0 9191.1161911125 6051.38429600971 5566.78203527003 7819.06542189286 2784.78356988617 4574.91743753809 5093.26713078617 5075.55495917072 4993.71924600755 6016.23592310012 3971.07813373522 7269.03318716302 4804.02087393571 6256.91912214295 3044.60734076141 7703.46480796147 5343.21909946889 2856.00802871404 5113.62835742088 2204.46775105009 5476.71682998318 4205.7275247654 3233.93857602899 7106.42824364386 7560.96860184343 3377.08707503005 1352.66988609354 2026.52109412526 4894.40346920361 2859.79252750685 5803.37922792758 6410.48987068012 5928.33442101496 7206.76287778716 7820.48892628395 2577.86241547451 3795.81473830541 7093.33415401394 3630.67104749286 3741.56283694637 7922.44095204283 7957.88692848759 6012.48099646629 5936.43755383521 7526.44509898438 6344.32772778714 1940.16994947256 5640.12240900076 4914.15348812566 9249.50137587562 3774.04716273613 5073.89371056295 2870.69606978505 3869.40978486472 8633.85601463374 9334.00177139318 6451.64852942222 4423.96664782501 3297.89691025763 938.963068658259 5702.85038168222 3597.14973878699 5362.05761956993 2334.33537930845 6575.02486006728 7289.74827743404 2437.99346420299 3270.35983772119 3039.47103240967 3666.19536243448 6122.5145520778 8092.99191261255 3016.28870891471 4318.8426148551 2873.02283841884 4752.43458502225 6126.8808018425 2777.01873772957 5682.89002981787 5339.65867131357 5238.44002287549 5725.97059912094 2931.67313881556 2146.29023494261
7190.80516037877 9453.68781504175 10180.5265403463 6761.69556703814 1834.00509779653 3258.1888425007 8207.48649431707 12726.617772706 11513.1129201945 5445.82172898217 8387.22106853479 3026.07853723828 7571.11442087982 9191.1161911125 0.0 6033.26143082814 3624.5076168197 4326.49188189486 6754.9190307546 12565.072125783 6283.72868360577 13452.2496892323 12468.7675412187 3253.85923345237 13161.8837971277 5338.0960509937 9218.08699432909 3728.58604072251 8033.13659270855 2375.78764060578 11280.5719999178 11981.1344040966 7363.86769582615 10605.1848954661 6280.97498116354 6244.21067900094 10677.102374862 3032.85629327802 9034.89248938735 7163.96459815028 9319.19315495236 8640.02471995008 4759.53952649867 10922.3053985823 4423.57697119976 8663.0016501492 5405.88791794386 8629.00605263308 8974.65289486273 10282.0808319151 7135.4699260883 5682.95095670329 12136.1210402258 10762.1255603681 11753.7553251176 1323.26015997181 3487.33390957584 9130.23879887855 1664.67116335747 8696.93936003348 8742.41886516063 14558.7279844701 5641.89467348399 12387.0342603855 7221.07096412073 7948.55478538237 9527.33016463047 12861.3417537061 1482.23279485922 3242.70273102132 11333.7335273981 7388.68079849901 9546.39207623597 8424.01392019122 3876.18365443863 6302.46727097351 5064.48762786485 10960.6708425228 6582.75100487074 8609.84365670052 7842.2193083274 8407.95856812504 9919.14630905212 5534.06843302042 3087.41360311867 1438.18044214139 11724.6899021038 8845.52563331077 7297.76024490832 5120.56097159802 4659.27162356614 11968.0738034188 6153.92217670272 3853.27207333947 6719.31413610081 6952.96786692876 6414.82790425465 7190.80516037877
4134.76979000783 3424.64419954592 4262.87448496456 8855.79103817456 4302.22257150853 7518.27564492039 2528.09675509203 8334.40402645584 8910.1316137687 5275.97792506709 7426.32319450464 3609.15384696802 7417.17181936485 6051.38429600971 6033.26143082814 0.0 4011.83685292318 2309.39170080269 5482.10695172467 7470.21735533491 7285.98605522436 8477.11943255666 7124.00170614879 4706.13132918751 9457.49156639009 1345.18490615102 9209.63103722794 2458.30557654708 7184.63237004495 3670.24991010455 5551.43251546584 8051.91948766758 1548.45773188995 8202.24551448822 591.93256271877 6454.40769819363 5709.77535269171 3002.00028043035 3192.69653599961 6643.47219970025 5301.83611673266 4358.32983124597 5399.88097147851 6229.74280849561 1865.94152424779 2635.60947045531 7240.525884486 2741.99088902891 3230.88825146262 5598.27860293473 2313.53576739255 8364.01144342458 7458.65984120234 5559.41304645509 5726.06149372785 5498.39205528423 5239.92941171368 9876.84708689661 4889.51922400601 9869.88224345337 6987.59945249398 9966.62649520133 1402.84627674466 6452.04703745605 7032.79812684381 8553.24354002189 8148.15329311781 8561.75425059104 6554.51024964139 4215.61779234392 5367.69092750047 7678.11864357003 4423.4985728539 5860.93812380153 5328.90064925882 5867.31045412024 1471.22893966009 8379.7233350329 784.844061237502 10406.8772580882 6532.87724818622 7647.21987726426 4943.3226590597 3840.78572367157 3945.27431241642 4598.26076057135 7298.04465729351 3258.55269770403 6329.39725830362 5728.19348726288 6762.81743889598 8371.70159245905 372.555913507084 3902.11053476301 986.458525377622 8295.38241916396 3608.9392500227 4134.76979000783
3594.54449066281 7149.41511850534 8171.15646166834 5060.12087629898 2085.90368694313 3654.02239549935 5363.86749096615 9141.99760146813 7964.40632084201 2131.21145378318 5106.27990796083 964.422019481803 4543.18736467822 5566.78203527003 3624.5076168197 4011.83685292318 0.0 3881.76765118444 3253.02516481641 9138.02390407694 3761.99666627383 9970.11433417523 9142.34435630364 736.294726866228 9537.74409311218 4205.56642680342 6375.49065196437 1891.89499498511 4765.25110486341 2559.61393266522 8237.87739798289 8363.26510647491 4770.06872540925 7068.22609871492 3917.25417454038 3247.85041784149 7268.12506128385 2281.32147401959 7171.5921749495 3941.55795992753 5750.81029419111 5152.979401031 1752.96154869162 7427.46924569289 2198.86075690121 6415.89287162121 3400.91000741414 6712.04320172592 7234.66128515985 6807.44172039889 4023.87517879574 4412.30531670204 8607.79213630075 7436.07537996605 9370.78994871119 2425.38682286971 1228.62733567078 6672.28841581929 1959.91959035079 6467.22552210859 5263.16359947456 10982.8578690124 2912.65789812264 10294.9294032981 4144.5661859075 5337.04169460323 6181.32429358345 9264.67116344703 3259.43942079408 4513.54226594288 8583.82352254834 4560.81584667177 6255.25662261225 4814.69116595348 1350.0120053328 3013.61022183222 2561.53904006033 7404.53138964642 4780.94605756594 6784.66954505585 4418.1325779461 5198.43339482444 6549.15456908326 1913.87542206684 603.730410963015 2618.62380487501 8159.05228372644 5860.27144736273 3929.50489584465 2170.50448984167 2815.96342763745 8343.79444365647 3910.4103628752 236.239502900737 4216.9538131362 4719.39191392367 2844.93279307594 3594.54449066281
5711.78609097662 5435.65646932165 5974.07785427191 8916.3745607877 2979.39353875872 6638.48943716783 4836.73519785674 10514.0189813011 10627.4042032957 5811.47229519989 8518.77119134105 3034.38861243505 8211.48234179562 7819.06542189286 4326.49188189486 2309.39170080269 3881.76765118444 0.0 6507.94474966684 9758.29640369124 7630.06713963413 10756.7368170894 9430.92487509193 4345.21329907138 11496.2461999694 1124.8707408376 10067.9551691232 2024.26735400396 8218.06245408402 2079.11541251199 7845.01065400874 10120.2149070905 3857.84939306574 9831.82986761399 2822.11356937089 7012.9440713742 7963.66707396513 1754.22775435246 4810.95945744129 7506.26802001265 7310.40918814819 6401.32296362606 5613.43473378722 8439.21690089025 2118.62972242083 4664.01942425448 7259.64039021382 4445.28408810263 4711.63603063624 7793.39666087949 4390.12752955973 8165.35022483434 9683.20699864857 7847.05552917853 7681.49351736398 4248.09715327677 4929.88762449441 10496.6444529621 3724.1249150597 10333.5533392956 8335.21993862637 12199.9658476945 2933.31368255176 8162.4091421754 7806.46944475278 9150.2517399553 9433.14604868577 10724.9818824073 5257.69495145208 1915.39762890303 7560.21228728034 8328.03484573553 6684.58944557793 7417.1199261178 5175.06097782806 6606.87509486678 2458.27733678522 10072.3311326662 2534.42294306899 10664.94331248 7683.6506662343 8682.44635704067 7186.31711952933 4750.07562813983 3484.3993547543 3025.9786318815 9469.35892111869 5565.95744180476 7332.2608302577 6019.47492798008 6618.26151144274 10360.6683691221 2611.45934113669 3908.59793216209 3272.54934089442 8599.11326112702 4996.85962109049 5711.78609097662
1906.92030942523 7469.46519678525 8692.85718486787 4291.38623146398 5338.80873930975 5489.33049710893 5280.32975708531 6601.67742683212 4758.87597697783 1377.54995742179 2012.28418337587 4154.32190673715 1986.63790696393 2784.78356988617 6754.9190307546 5482.10695172467 3253.02516481641 6507.94474966684 0.0 7169.23907058445 2543.55590853205 7788.02916708487 7439.83268301865 3501.19175705937 6596.98843834031 6348.16272090698 3728.49409614294 4578.51117843553 1726.71848189869 5733.19977985559 7239.6578641411 5617.91355787058 5270.231007416 3850.26592862472 5047.1018416592 1559.0650267734 5525.52391478415 5290.03130562317 8005.35030129886 1204.20522032945 3584.76692319989 3514.23014917652 2155.70092264859 5381.78563937709 4398.84568745145 6946.94893553017 3214.88343178784 7568.60895924136 8187.18761748358 4907.05763877854 3909.49531711406 4437.77717667408 6341.93118259448 5906.20091610993 9286.26669429786 5456.03927503045 3365.33437904859 4479.80597866107 5122.62303957501 4604.59324336736 2010.59123820439 8424.0123778253 4084.73355587957 10485.5283365933 1644.76526814806 3229.0745144728 2974.47822120615 6652.6800991267 5998.57917245902 7606.17127623122 8055.63253755372 2364.68538779301 5004.91550050905 1863.37327764318 3017.02843272062 854.575566253297 4244.91326177032 4209.12993551008 6209.82525044241 5346.86563513152 1195.67970866782 2194.2480455472 5026.22016278948 1759.99266335112 3855.95950027117 5870.27217160582 5762.58474682928 5384.66391086098 850.01966941288 1972.46487044238 3347.37517508732 5431.26241404321 5183.64470112528 3066.63866145472 5047.60487271437 3399.6779125891 1959.06797247502 1906.92030942523
5677.13877217242 5700.94930063225 6541.302655111 11289.3517340253 10751.2249998465 12419.0015035707 4969.6101335758 1967.38235047102 5478.13596286072 8336.92473072936 7499.89055394474 9544.38612397381 8449.67989097537 4574.91743753809 12565.072125783 7470.21735533491 9138.02390407694 9758.29640369124 7169.23907058445 0.0 9626.59608825393 1027.52517265899 822.448435204643 9768.97367992568 3801.94971500143 8798.03854587806 9177.65073721462 8985.66934831295 7605.33552717161 10542.1503147855 2694.46860576799 2879.68190506923 5945.19901720472 5616.5671952365 6936.19974473315 8693.26935156869 1888.18584073334 9837.50967820813 6926.49800362765 7936.39183409043 3594.73692916205 3990.75116950058 9060.00861240232 1790.63050192425 8329.29821976284 6025.54469342183 10383.8344614827 6823.68134214186 7242.23495852959 2346.39078013966 5525.18227588162 11594.3999737959 1157.85302261077 1911.47027055583 5475.65376348313 11524.3511189649 9951.10796039 10367.4519444097 10979.2801438811 10843.2052639902 6438.32645281964 2735.92832413837 7101.2601653251 6768.82826651268 8344.96077836831 9623.4698414087 7091.35858686148 2250.71415908264 12396.3830403484 11623.3183455239 3962.57759853896 8998.42964744042 3097.31013409671 5476.03883194569 9725.15286544994 8022.11161962513 7700.10509471922 5371.13307512253 7530.33424888457 11819.0442244741 7012.30477021514 7783.62676656387 2657.09293794943 7337.23171926785 9557.65511120006 11231.2783033837 1793.95016193537 4241.18553536082 7422.34865519957 9027.91928825153 10466.3292121256 3596.90698256284 7148.44418207944 8903.85672701689 6489.94510771324 10298.8463372058 6327.37440470552 5677.13877217242
4407.55391735549 9782.11902075701 10967.3267716642 1756.99907193516 5483.68780667562 3896.9463222956 7641.69043834193 8841.73748449524 6204.70142790747 2019.03433563521 2681.30312062 4688.49169162412 1576.79822367432 5093.26713078617 6283.72868360577 7285.98605522436 3761.99666627383 7630.06713963413 2543.55590853205 9626.59608825393 0.0 10168.8215656925 9946.61251548956 3477.15152451636 8482.87732990549 7819.19374620757 2942.90524893979 5612.4004254608 2383.20749563667 6203.24178985544 9778.25795503546 7752.76378120827 7457.3089858719 5336.62890695853 6980.11769426218 994.112482349277 8047.9699655375 6032.72074332247 10161.4611950234 1733.55757583918 6081.90706856544 6057.5715130893 2016.63596032414 7854.69497031102 5741.96127287764 9183.10288468699 1059.01124834843 9706.75267034739 10302.1303618901 7417.66573385839 6207.8352219601 2018.07512743365 8723.46016300861 8443.69557184655 11724.3735944557 4998.3841979076 2979.21498278141 2950.28770964225 4950.3626210928 2705.44413742867 3546.15895844694 10600.4663433969 5920.63254731457 12873.7208627284 1426.07259947897 1675.19755026362 3780.37709840237 8844.84124605222 5081.37457168638 8173.53411716402 10556.4999703762 1183.32301801817 7544.51450618691 4163.50338915335 2619.1416273757 1724.49717381378 5855.02859464674 5749.09533255814 8065.28506912158 3121.69767616883 2713.06648927618 2549.5682660299 7568.35120753536 3530.71288995769 4250.95787643502 5926.86416732227 8106.81042756169 7836.66621017999 2221.03371322572 1615.64518596532 1686.12038626331 7412.45766694638 7062.15813136477 3721.47622903192 7102.62549199581 1009.41110922862 4237.78634577228 4407.55391735549
6439.14495817001 6703.63609296943 7501.72703195077 11778.6375749512 11651.3985650424 13148.2858116364 5987.18879105802 1673.7155062176 5435.63369468087 9022.01521554159 7882.46549119745 10426.4595422702 8895.55299356248 5075.55495917072 13452.2496892323 8477.11943255666 9970.11433417523 10756.7368170894 7788.02916708487 1027.52517265899 10168.8215656925 0.0 1679.22434213661 10575.9547846197 3371.99474535108 9809.44331854215 9436.15890942594 9920.65995590165 8028.29064806607 11479.8378810664 3654.32774786447 2827.18007578218 6959.52983868367 5737.59586030173 7935.97781243664 9270.6531463367 2821.15303687972 10780.1136476055 7931.04296082883 8449.03022193147 4290.81343046648 4822.61867211707 9767.25932149053 2542.66309246847 9275.34395254512 7047.15808135225 10984.8736577737 7839.58294624258 8246.48445992552 3171.4932342113 6480.75912220525 12166.0103937106 1447.93331082623 2920.29622317103 6323.17415944938 12376.7013557185 10721.9909522865 10643.2734895672 11845.7295801058 11165.2308650957 6825.68822312561 1770.09602269117 8057.59283527795 7570.62752212039 8832.8984225332 10010.2144202859 7335.54854660083 1880.8870041294 13218.898253489 12610.9240825341 4867.68574948162 9449.12826894485 4077.04684224453 6008.2398224616 10474.9861361414 8630.61462628119 8653.67082260636 5435.01332269709 8552.43433283111 12164.7170018908 7492.77837262122 8153.46195109957 3604.19084993947 8126.60003015787 10414.9894767372 12141.2780081433 2069.75635936234 5261.04539195111 7948.3394009791 9701.22237106867 11123.6476764756 3499.12712675621 8150.25105464134 9734.42850953993 7494.1127672598 10772.700411039 7133.82456132153 6439.14495817001
5813.23582638385 5061.04311045633 5824.79998857783 11645.360667123 10640.3201759463 12537.0815399132 4596.53110502041 2783.6886358237 6188.99319364838 8528.19693435646 7962.75378547959 9470.10607377053 8857.48934076246 4993.71924600755 12468.7675412187 7124.00170614879 9142.34435630364 9430.92487509193 7439.83268301865 822.448435204643 9946.61251548956 1679.22434213661 0.0 9803.87202266457 4617.7283006693 8425.94660745063 9710.59152969388 8819.70124594415 8037.79950469279 10362.6711028315 1983.4485083097 3632.71191703691 5578.31264401034 6255.20363171983 6620.34980134738 8988.37603305529 1932.60159897667 9651.32221638867 6288.65053168184 8294.74854791389 3864.70923542211 4074.93511086539 9221.25269712106 2134.04185223302 8144.78727103529 5456.19560233563 10645.5693827069 6223.2929762388 6603.01384999385 2532.78750849844 5348.59019002278 11877.4584156893 1902.04519273207 1711.10550776778 4676.4111997622 11486.2654669061 10031.5198968463 10883.3082556034 10922.2487368318 11326.4486059788 6909.21130112527 3448.13766079713 6903.91847311534 5956.88439136212 8720.21033855224 10067.6012644078 7648.08463403377 3069.76091538523 12397.4561293729 11322.6503628507 3192.51425925572 9398.43863417967 2922.45200438347 5849.72132590877 9832.67117032785 8293.80739167945 7503.86276774208 6039.28715166442 7106.10858996351 12281.948939268 7406.41000265841 8252.93132396683 2595.03916671981 7415.32062673226 9522.16282019869 11101.0964317584 2479.60203723524 3865.45211951907 7774.42621227176 9226.17601745644 10671.948924071 4349.20387295061 6823.73574124323 8911.99262298725 6161.87246867951 10672.4371599194 6395.39484835134 5813.23582638385
4152.1928083464 7881.54535501101 8893.23715608922 4583.10683477375 2031.00835965185 2918.01095000376 6097.18415946927 9680.46863369722 8259.80698829366 2208.57297243158 5192.73290345491 1310.95785854252 4487.72631876184 6016.23592310012 3253.85923345237 4706.13132918751 736.294726866228 4345.21329907138 3501.19175705937 9768.97367992568 3477.15152451636 10575.9547846197 9803.87202266457 0.0 9972.62780148041 4794.63758612037 6261.89258937526 2452.14250337077 4841.33488381511 2729.31708538779 8949.98108966604 8850.31483866723 5505.25874509393 7351.4218240424 4638.42358952895 3151.01373964746 7912.24327525205 2636.7741722641 7881.20244598027 3982.30619704447 6319.39764149174 5778.2225117939 1599.83584994119 8035.64522953239 2862.0215455258 7144.22417667036 2937.17009981615 7423.03853879476 7935.59847091695 7428.13846245831 4745.77214042931 3831.1678999621 9192.81971646532 8103.52469831144 10106.5861821335 1961.03829980949 585.637228504625 6426.61906574832 1642.2591061435 6150.79470767431 5491.3906143975 11525.7994975227 3645.19982991352 11024.5006520213 4107.28774343504 5122.80206262987 6313.73351559111 9788.50936290147 2651.32166929086 4697.13040933874 9315.621005917 4415.71769875722 6936.21318302601 5205.88176961242 867.07171227169 3085.21344925937 3273.60709023394 7708.38497733006 5465.52529325059 6369.91695705499 4598.98941180205 5244.16302032888 7208.84136585527 2454.05637810981 862.994687208443 2514.78240918247 8718.66631369917 6584.53024066532 4065.90367935454 2008.06010365952 2273.48121051571 8783.09467485647 4622.82190614375 930.391144150166 4947.65979399765 4369.43982725252 3444.42604170898 4152.1928083464
