CustNum 80 StaNum 16
0.0 5196.39740276289 3594.54449066281 4407.55391735549 4802.99909570295 3421.94852966743 4308.89467423326 7247.61430850904 4281.83180774668 4054.40037517112 1037.76983189623 3733.63615340927 2733.72538261715 6743.23509539715 6788.88437243743 4930.07109904954 7207.71595003041 4935.48637223904 5181.44042764917 796.328913486662 4131.83653421959 6254.81747343177 4283.65040275468 3326.47220312085 2872.89358631481 4044.80935181771 4216.07107929645 3166.46446487273 5573.66793557729 5365.78178965579 3068.88767862987 3314.12262086592 1874.33434919652 6284.90704145618 2147.88814376527 3948.69415623229 5095.85670755837 7132.94609820968 7215.56658057247 3974.03686326636 6019.82655185602 1736.74396543381 5535.99002513219 4360.94317982913 3935.23467736254 6816.38805872795 6439.14495817001 4527.15434158156 1906.92030942523 4077.38564727302 5672.90249240089 6643.77219287893 3256.05372415947 7212.32343923438 5547.46050551194 4764.47790148843 6792.55748764602 4703.23482532401 5059.93357337835 2775.67159655498 6187.25070769429 6186.75257218634 7994.63030176557 6164.4526757075 4876.93912110308 2406.67937560857 1588.49306255022 3333.16201644405 4964.38875132005 1745.64095571257 8592.69171476735 5432.79091602009 7693.62335465937 5042.75252951281 3063.75389488283 5713.87488301458 7190.80516037877 5813.23582638385 5251.0222561903 6200.16522753427 7629.6200303161 3273.39474384322 5344.76772660508 1159.43457646915 4135.17035118091 4569.58483756973 3581.03029391578 1332.02030658525 634.599609216784 6015.61024562341 3480.7536302498 3432.90195966844 3207.57031378248 3306.02108852068 3476.7951266026 3359.18068251518 4228.33242553 0.0
5196.39740276289 0.0 1919.53612796072 3435.84810299929 9771.6403174542 7282.4129458281 9039.06690357876 5943.40476243429 5653.55048596224 8150.20304327581 6148.34520085866 6041.73736542579 2857.77231724078 1736.78255135702 4201.0593127145 2595.98826965689 10751.5375999216 9845.46492742807 7763.35526896073 4896.83502482983 8022.04394053758 9003.04617579046 915.346214183422 7964.5743495415 8014.12640672017 6794.51120187659 2245.60198818819 8083.47056636401 3254.11430658811 8826.30764096553 7401.77301391023 5287.03840493124 6450.00431399444 6308.86356710695 5927.43759336974 8710.270419817 5103.52232802749 11988.1427622814 11322.3970224157 7081.45969669818 1574.35257992818 6050.37666588062 1667.31105629512 8402.09404734538 7531.08845873911 3523.73792400572 11635.3869009288 4450.44314695719 4234.10361200617 9049.08200806816 10751.0471429912 3356.68658286383 4414.02245545739 3805.73778542087 10661.4896038209 6554.73716047929 5050.27593621516 9542.82277799712 5433.22002705891 2452.23000583809 11354.4575107983 3136.90181226381 6312.95707991632 4090.0953647796 7943.99513647026 2950.65387469902 6421.10354042856 8512.89594478445 3398.5070043934 6874.65924892122 12182.6596372353 4280.95633022673 4276.43968733177 10231.4448760872 4419.72858554853 3947.74998906376 2848.23437844228 10927.4026128798 5758.00917782283 4382.86558202105 3594.69712595994 8334.90845705465 9231.33765729535 5345.82684310914 8985.36194361196 9729.07365631912 8628.62772222672 6432.64158107424 4772.51397774577 2679.38158963625 7766.92325296893 2380.85260086009 2044.98951338056 7788.35119077889 6112.17838531329 2114.46715305384 1115.90624269728 5196.39740276289
3594.54449066281 1919.53612796072 0.0 3761.99666627383 8363.26510647491 5363.86749096615 7161.78734116668 6784.66954505585 5423.24629572321 6232.89356376418 4442.6882567292 5509.8167792889 2131.21145378318 3654.02239549935 5397.9704491526 3400.91000741414 8859.02194034502 7993.99149913131 5923.92832111004 3513.94673467032 7068.22609871492 7171.5921749495 1228.62733567078 6704.78272235983 6467.43735970092 6181.32429358345 964.422019481803 6255.25662261225 2559.61393266522 6924.36574889791 5502.85933231904 4765.25110486341 4602.43379428746 6672.28841581929 4023.87517879574 7407.85343159463 5337.04169460323 10663.0901783262 9403.91065829221 5178.64604462917 2425.38682286971 4814.69116595348 1959.91959035079 7404.53138964642 6663.09256493834 4945.36835858627 9970.11433417523 2905.77136753645 3253.02516481641 7634.08809559426 9264.67116344703 3332.46445425455 2561.53904006033 3902.23036723426 9141.99760146813 4780.94605756594 5987.31815507341 7679.07846628009 3885.13250140242 1367.65386479223 9770.07791691158 4412.30531670204 7320.00436076009 5060.12087629898 7296.07416764892 1918.49677501326 4619.75368908249 6807.44172039889 2281.32147401959 5152.979401031 10294.9294032981 3133.97239450734 4410.57687941165 8607.79213630075 3941.55795992753 4763.15915992543 3624.5076168197 9142.34435630364 4205.56642680342 3577.29641540818 4141.12202729953 6549.15456908326 7313.68741779642 3520.78151356656 7640.55597413639 8159.05228372644 7160.43760766669 4710.4823639245 3070.55512334382 2618.62380487501 5860.27144736273 2170.50448984167 583.466138118332 6590.13378412948 4216.9538131362 236.239502900737 1546.43620261847 3594.54449066281
4407.55391735549 3435.84810299929 3761.99666627383 0.0 7752.76378120827 7641.69043834193 8709.13207308626 3121.69767616883 2369.88402735417 8379.30245425312 5415.66351262428 3018.78646489611 2019.03433563521 3896.9463222956 2395.17069664943 1059.01124834843 11452.1652415324 9277.74497361078 8948.78962693625 3686.85433851056 5336.62890695853 10161.4611950234 2979.21498278141 5806.12130686336 6499.3494998955 3780.37709840237 4688.49169162412 7544.51450618691 6203.24178985544 9530.13234001999 7422.93717341796 2383.20749563667 6240.37673195561 2950.28770964225 6207.8352219601 6558.40258768358 1675.19755026362 9674.12926532377 11595.3144459926 7905.84578387956 4998.3841979076 4163.50338915335 4950.3626210928 5749.09533255814 4768.84061987792 2606.21608316249 10168.8215656925 6579.64213476943 2543.55590853205 7103.6334349351 8844.84124605222 6653.99260349283 5855.02859464674 7158.19750740176 8841.73748449524 8065.28506912158 2468.34351089094 9076.15856168786 7514.47274602574 2661.62897061714 9663.9400183683 2018.07512743365 3768.89212875984 1756.99907193516 4879.23518596304 2456.59591708834 5993.27497606013 7417.66573385839 6032.72074332247 6057.5715130893 12873.7208627284 6895.67100154816 7650.14008785967 8723.46016300861 1733.55757583918 1310.49912918108 6283.72868360577 9946.61251548956 7819.19374620757 7290.45868235383 7027.14461853219 7568.35120753536 9648.15524063511 5254.45625073667 6894.62982549511 8106.81042756169 6846.54786765517 5697.55437526931 4412.60553932641 5926.86416732227 7836.66621017999 1615.64518596532 3262.29355460512 5533.1867610016 7102.62549199581 3721.47622903192 2538.59072195816 4407.55391735549
4802.99909570295 9771.6403174542 8363.26510647491 7752.76378120827 0.0 5935.00215443817 4625.56287250114 9453.74395415551 6030.43922540179 5807.50007951459 4214.36465744054 5094.47650479564 6967.85207948416 11107.1414981998 9951.83355693423 8669.26620900491 8323.02380925593 4258.87750754612 8064.08414755539 4891.88936362393 2926.90578301181 8597.05332632157 8865.75674657412 1947.2699899709 2046.76844141958 4580.54057559163 9019.01457420603 3964.94334631292 10333.9799966467 7273.8594313303 5200.6599347341 5463.36809223691 4837.72265035626 7883.6813916138 5760.23674803938 1210.48521139069 7360.79178606871 2347.98778211995 7453.50029018054 6947.79042454417 10775.889721336 3754.73749446247 10319.7035833861 2609.89383276969 3446.67884963019 10348.0189271465 2827.18007578218 9024.57246336964 5617.91355787058 729.254455934754 1110.8521041168 11434.6371466667 7737.75596624456 11999.2622235541 1189.90444691868 8381.84219816576 9448.70608056836 4421.43214097736 9285.01151627615 7332.23242690653 2073.77221095196 9770.78834087465 10236.0762796325 9246.87568455069 4198.97398445918 6821.52575255261 4496.21738991162 2643.0728292729 9689.60822738922 3720.74411734701 9267.39981823901 10032.6316521069 12472.344152889 1732.40212297184 6022.06959354982 8803.49679519914 11981.1344040966 3632.71191703691 9376.11936068677 10844.7948184466 12432.5874740574 3430.26140071489 6687.63131358045 5370.36335789143 861.343340568299 1208.22602281179 1241.38909783291 4055.11759622551 5400.56733570549 10817.2148589832 5347.39589994262 7590.37842365586 7917.55302961073 2236.43795013992 7103.51133480502 8131.29771305733 8697.63829547228 4802.99909570295
3421.94852966743 7282.4129458281 5363.86749096615 7641.69043834193 5935.00215443817 0.0 2179.57805527272 10617.0234208377 7692.44281121768 874.99805643379 2719.27688165257 7075.50418109238 5711.78007875373 9012.3890243478 9940.03166357302 7941.64115785643 3816.06019388084 3129.40864849034 2151.09633277603 4217.67125551705 6798.52797761397 2955.97237297225 6500.4553889528 5496.05673610952 4078.67169749893 7253.2224410094 5375.00657173434 2029.31138470997 5946.7681154758 1944.05072199207 734.716586304446 6724.17904689467 1621.24290670639 9706.8063963895 1450.15351893442 5740.78079816782 8503.35024227379 8103.80831891631 4073.82312111076 1027.40773870509 7421.52710480427 4807.08075161086 6817.30895313589 6867.68098225341 6821.63209277506 9799.19302023954 5987.18879105802 4076.77224130604 5280.32975708531 5401.1131717899 6267.91242593724 7141.37690915669 3144.92561150411 7606.65151741264 6015.92392026347 2574.418058241 10093.7762595117 2752.74791849995 3867.11358615894 5367.92557946024 6218.55289661037 9182.53496433545 11343.3874320292 9375.50014752203 7865.25947584083 5286.7115982143 2027.69161127903 3322.74379392381 5236.24096681742 2595.15766185165 5232.08422437516 5126.986100038 7966.41978052581 5072.68271055723 6469.09392828036 8946.375089799 8207.48649431707 4596.53110502041 3835.20110575084 5946.31832800825 8333.95276624522 2577.71374185241 2024.90229198416 2393.92227387617 5712.96290916074 5015.17981392009 4855.24450031934 2586.21828334363 3241.56158810071 6783.01089322913 732.466367921555 6346.19490697287 5332.8778668891 5669.72633578755 1581.74555483319 5170.17438032882 6655.16395873451 3421.94852966743
4308.89467423326 9039.06690357876 7161.78734116668 8709.13207308626 4625.56287250114 2179.57805527272 0.0 11425.5307700357 8163.12016025994 1526.03509105803 3294.17183162572 7372.72157352833 6992.59012912343 10727.6183463801 11096.1692865731 9223.50848675831 3741.83843750013 950.055933846682 3864.2770538431 5028.33225534802 6372.46842922079 4088.21109714448 8186.57459428631 4915.57519174857 3312.71166928127 7320.82027522215 7340.6133307103 1197.31969479238 8071.49401739771 2736.90110481082 1710.21562880971 7238.83877992882 2610.9116259829 10253.1964982379 3166.93981811018 4864.01718501183 9213.35235807244 6487.3096671914 3163.85230085911 3087.96187364663 9389.54706244516 5040.31205151581 8800.67317687173 6308.09338404543 6581.12606341176 11112.1359829796 3949.01617402202 6241.8458963898 6176.97475097898 4303.04566001491 4628.27404589781 9269.70260975397 5224.60016248132 9751.63895564444 4344.35192436696 4663.65236087117 11049.6875056195 573.620038865676 6039.50450448731 6850.24087149486 4333.59869063012 10482.7765107222 12196.2600339783 10464.066198893 7628.03756169439 6616.27565715187 2748.83277609143 2125.99594198388 7358.03399902622 2699.60302998447 4853.04864607869 7298.54358789232 10125.2424496903 3320.26914689104 7243.04443482544 10009.794545162 10271.6315808258 2442.45907791113 5990.84193620988 8121.7725916767 10449.5867517462 1433.58656431626 2071.02677516837 3722.33646023208 4707.21975472871 3490.82592453958 3860.29598758002 3017.0286194145 4445.78987357596 8867.31134782809 1462.51180463121 7681.76856157544 7007.75635368504 5187.56883070469 3759.89829653656 6944.58959438609 8257.54443769185 4308.89467423326
7247.61430850904 5943.40476243429 6784.66954505585 3121.69767616883 9453.74395415551 10617.0234208377 11425.5307700357 0.0 3461.92952271717 11298.7337766922 8175.28555693683 4393.44039882563 5133.63394689338 5532.54973412489 1988.88499995413 3436.28801991707 14430.984798979 11864.9040760807 12041.9033994856 6464.08313485335 6592.00668756109 13240.7504031496 5805.63622139306 7604.74662904044 8737.09171895878 4880.2493466081 7657.15176020115 10230.8952720198 9066.56865547389 12539.1740731488 10316.3026636226 4253.21854645907 9121.59683982389 1689.58431966348 9214.91171514987 8260.2686868316 2226.08983575262 10900.1188927132 14449.4459447437 10965.1362659773 7473.71725032806 6477.68819335498 7602.93005111172 6975.48352798791 6030.02061999082 2904.37942017192 12164.7170018908 9659.77168979245 5346.86563513152 8938.33820213368 10558.5693093395 9299.98925522186 8976.08076933174 9735.05663367712 10633.623291053 11185.2433497981 916.652716873857 11718.6410136889 10610.8642441318 5778.28793224584 11510.685999442 2940.11220718461 792.176458150235 1857.10644495333 5556.66413322361 5567.46272633052 8819.27083431953 9836.65733689493 9000.79818485037 8725.94191151859 15831.9230796321 9886.50752480637 10188.4994524843 10776.7942338126 4196.60768293875 2038.02373884304 8609.84365670052 12281.948939268 10920.0780255204 10188.6436093121 9399.60594225866 10150.0379536827 12586.0471475001 8225.95120942128 8616.36757273901 10118.9841889666 8848.24651454622 8431.37017653052 7378.88103625697 8615.76493108935 10728.3671666506 4713.87958617258 6332.14287735762 7277.35642443305 10195.8869834123 6777.24348391045 5368.60420165886 7247.61430850904
4281.83180774668 5653.55048596224 5423.24629572321 2369.88402735417 6030.43922540179 7692.44281121768 8163.12016025994 3461.92952271717 0.0 8259.47406453361 5048.53393144058 937.775234990858 3295.93641758499 6266.80950461141 4049.49230431457 3426.10489580495 11432.6883017218 8513.56810181801 9422.8548599419 3496.84156925596 3268.06594008743 10529.7806390347 5014.86733353238 4149.86865886117 5299.43922896545 1557.23866927505 6386.1259920202 6968.05008120169 7982.56135337831 9635.12677073565 7265.91204308275 968.39497898067 6097.57611420189 2091.21356784705 6414.28032513346 4825.87367094159 1338.86275235601 7663.82518655493 11273.4386998685 8239.43389132733 7157.94460299746 3126.54686605414 6999.59785905472 3675.4906067914 2685.07913935074 4629.81717625567 8707.54659062264 7865.48542700115 2621.64341689211 5487.62584069919 7140.47017004247 8641.29117368344 6848.99399754115 9183.23871554203 7199.2753357044 8827.16237512876 3425.13025897355 8400.49160258964 8680.61172433816 4073.92704154824 8070.54188206135 4157.44681603103 4253.45094423773 3358.25386591491 2555.49285442783 3587.17014471468 5736.35209084203 6436.70417386146 7652.78448674258 5491.10663575876 12780.5754763794 8430.54323358518 9689.46519737617 7315.04159575144 1521.9074857503 2964.09611899119 8474.90208154445 8840.73466168445 8947.03546799386 8977.74311963807 9178.52950558928 6819.72079184005 9547.72738172447 5404.05710209671 5181.47501074694 6657.72974116383 5386.31810553402 5266.12817383054 4613.36936712772 7904.34067545479 7663.79589367843 3389.75731471989 4844.84535150952 3826.17811537214 7639.26004073226 5297.50880726419 4617.82139573886 4281.83180774668
4054.40037517112 8150.20304327581 6232.89356376418 8379.30245425312 5807.50007951459 874.99805643379 1526.03509105803 11298.7337766922 8259.47406453361 0.0 3213.14633011512 7581.25934746688 6490.15988218512 9877.83505566209 10707.9160856118 8731.61885653351 3173.33915397683 2450.78968211558 2364.44183798158 4846.0045221935 7044.96794418358 2799.02181447093 7359.27306331091 5662.79384738556 4133.52183727515 7683.34563015778 6248.91631905339 1856.4167413295 6783.19883915097 1530.29428553709 993.950958582085 7296.45083422343 2181.4813626275 10309.3925044649 2266.98539854507 5794.45770496822 9148.10492352798 7847.41672893171 3247.22395256495 1589.17935921651 8294.15748287522 5257.2987754821 7689.04062054217 7063.93410196061 7137.36430054128 10601.1768520511 5465.82013844722 4883.13354395784 5952.0895367096 5356.76422148864 5987.11592849524 7973.33138438242 4007.99648592688 8425.71039668894 5716.40451066239 3150.79277585053 10812.95782391 2072.02171470589 4579.23855237559 6188.56123309039 5801.79852916382 9980.34659045301 12039.3425944215 10125.5909508884 8193.25501455984 6073.44159205826 2523.21854996964 3167.1527162521 6076.05895030959 2899.77056146905 4539.16253919198 5917.25215102685 8770.78658658518 4720.80718228264 7117.83475746987 9688.74639406952 9064.37921159739 3962.83063342957 4506.21549657072 6723.71816730054 9171.37602703357 2377.89411979848 1291.99804168464 3131.4392540404 5713.02595808792 4774.7702049995 4841.96224294324 3016.97585502622 3967.15317415854 7635.60572943521 602.945349116634 7141.04185470048 6187.17256568155 5877.63922777316 2379.45881579004 6036.56738269666 7502.38337831611 4054.40037517112
1037.76983189623 6148.34520085866 4442.6882567292 5415.66351262428 4214.36465744054 2719.27688165257 3294.17183162572 8175.28555693683 5048.53393144058 3213.14633011512 0.0 4375.9066038243 3770.116283978 7736.86970311207 7805.09286948272 5965.84520942267 6386.21136976275 3898.27660120666 4706.03722911574 1735.32567997161 4215.47776700987 5660.64320286507 5243.74408847609 3099.36210128416 2177.02629008267 4534.16470391668 4940.59199555088 2134.54559699707 6149.95767510542 4632.78308250763 2221.38697978503 4088.38658299012 1099.80460336723 7108.93698801474 1775.22650040502 3571.42867808305 5986.17106382123 6561.20885524662 6276.86565187859 3468.89271573663 6853.19593547839 2088.00596585335 6332.96471937946 4354.58622063166 4161.24078470089 7850.95121134845 5527.43120347477 4823.8246928068 2883.76375301167 3519.85225251276 4958.77133427041 7281.72102344372 3531.39358925295 7836.93888819307 4797.11285440582 4555.19347361414 7765.01024672255 3671.04822222548 5172.2062317667 3768.81634599829 5357.10422369283 7221.42338196514 8935.87441248659 7170.02506281765 5185.89249032624 3433.35521492371 697.609870689265 2370.43384858971 5489.48854910164 727.845489547386 7733.87056148696 5820.05199715767 8297.28903718692 4177.41152608628 3979.09303303751 6715.62457564738 7960.87160485096 4801.25125909304 5307.33950388235 6630.4606282398 8335.87435420578 2240.54559737531 4499.48417522202 1156.82074268961 3677.42869207885 3774.87365359202 2974.21772426748 295.277245961083 1380.86446598168 6704.28497436728 2615.59454603295 4468.90330583167 4121.98707452914 3184.79049691554 3218.22305692924 4207.0007298431 5221.17611501061 1037.76983189623
3733.63615340927 6041.73736542579 5509.8167792889 3018.78646489611 5094.47650479564 7075.50418109238 7372.72157352833 4393.44039882563 937.775234990858 7581.25934746688 4375.9066038243 0.0 3405.13029159054 6858.71179388163 4931.86504449891 4066.94581522105 10748.8928086278 7671.37722580638 8915.05130736777 2995.72444632802 2379.3767938377 9972.43980743351 5307.13836088443 3213.26052425781 4406.64846049941 769.642008594374 6452.13362349847 6185.96613955438 8049.12485317221 9005.09952794812 6593.98308722587 761.480434512121 5458.67757391405 2948.79925620539 5880.22792627891 3888.81055654879 2267.52783177368 6775.47417559603 10511.0852021107 7703.69675629124 7471.22855536361 2345.91277082035 7240.80253654814 2792.18034308015 1796.41699319777 5452.73143424973 7772.22546789644 7701.2610665611 2382.93149758602 4550.27928208991 6204.88103987254 8814.9201566288 6591.75674835977 9373.60486328242 6261.7931072206 8432.17121212274 4356.05960461633 7577.95567396607 8448.09961529966 4142.93579960896 7132.77428288996 4940.6848332657 5183.83736681076 4231.71949792359 1908.98829921775 3597.82987309423 5073.04059869217 5570.8391217535 7646.10214911866 4743.12526217694 12067.6286195879 8366.52464100998 9883.36267971414 6384.75221291361 1630.56742465775 3814.77282426043 8794.36773196975 7937.98807534395 8693.62491282966 8978.72326895251 9458.38257533117 5998.42284354962 8858.47698929766 4889.03768658716 4244.25403071927 5726.07788554949 4458.01432484554 4565.09515660776 4161.24267928348 8083.76889656474 6979.81849430977 3678.59676762724 4927.05414902054 2888.69173182165 7186.63806159916 5351.43157937112 4952.12423318631 3733.63615340927
2733.72538261715 2857.77231724078 2131.21145378318 2019.03433563521 6967.85207948416 5711.78007875373 6992.59012912343 5133.63394689338 3295.93641758499 6490.15988218512 3770.116283978 3405.13029159054 0.0 4153.93479146613 4229.29314927743 2246.59535331074 9499.99094639226 7662.12740442108 6932.96318445004 2202.53866255551 5187.2041464397 8150.67772659169 2002.07038140426 5121.66054931676 5329.63677724878 4107.21646691027 3091.72337531747 5884.19297021908 4690.34906679795 7563.24997736855 5569.27043622691 2650.54840510036 4423.60157517209 4703.98082071328 4263.62163247622 5874.09084243772 3356.73316818961 9146.36547772693 9732.56428444763 5909.2129856007 4131.60499744243 3218.97588383473 3850.61080979528 5558.78743036403 4719.76709960482 4130.25301296066 9022.01521554159 4693.87927644956 1377.54995742179 6254.40947897171 7982.5094437851 5410.52206536101 3863.03343622086 5968.47950241007 7916.12951225688 6052.52737216747 4478.77038824683 7416.94900245597 5586.87500302471 780.480115950782 8656.0640079571 3503.4114462092 5787.49363927262 3686.73346616345 5243.63366824978 439.379568602994 4243.89929063318 6016.60150013227 4362.58827950202 4477.09189730108 10931.3588780767 5161.5960307128 6478.23241342342 7586.16761847813 1812.1683941556 3278.60262686884 5445.82172898217 8528.19693435646 5880.39597527786 5683.7481233119 6077.54905222547 6006.82248670635 7733.80726641169 3364.91621525014 6160.96551133133 7035.88900757534 5869.98569676452 4065.04250035546 2560.14005858902 4678.71888819742 5978.30317709151 699.424164268559 1550.15052205469 4935.23961479047 5087.76073548157 2001.77559848567 1750.09545386144 2733.72538261715
6743.23509539715 1736.78255135702 3654.02239549935 3896.9463222956 11107.1414981998 9012.3890243478 10727.6183463801 5532.54973412489 6266.80950461141 9877.83505566209 7736.86970311207 6858.71179388163 4153.93479146613 0.0 3565.94597530742 2844.16492741504 12483.3725648312 11511.2077037748 9476.87097061787 6333.92981863148 9060.10329425424 10710.9427374033 2541.15406870535 9225.16113709205 9472.90965181928 7628.26488978032 3915.63990163662 9737.02759050258 4604.9125750373 10561.3521687723 9111.21540362179 6152.95946434695 8124.66984181522 6350.84189375894 7643.15497153059 9985.42895932144 5378.92067907823 13233.8322042317 13057.9243001319 8817.01960172505 2477.03987039181 7352.41177011033 2922.07135208632 9461.3430891507 8522.53572635265 2685.0877599166 13148.2858116364 6076.40844578222 5489.33049710893 10399.7011171586 12133.6205858304 4306.33944389226 6140.37720848811 4590.47828263565 12069.9468465339 8244.95770813847 4619.99143105835 11219.225038017 7038.82586557324 3969.72834289735 12806.6117634557 2611.56697232943 5691.16741750463 3756.22125504718 8752.59156988719 4372.5635655962 8065.94074563485 10076.36483525 4914.66327873174 8464.34779648754 13912.3775619939 5749.03979834522 4961.75799908748 11721.7546797625 5339.80302179978 3816.89170833055 3258.1888425007 12537.0815399132 7359.66812570295 5674.70858656126 4041.47268812267 9956.60364066625 10967.3941684063 7013.82788013445 10286.2122416872 11184.0674073911 10023.6293036453 8027.64470971724 6382.2329838627 3797.27799295844 9482.8350375054 3516.9772438225 3721.22350020262 9009.89138101763 7846.43439353102 3842.27459021191 2516.18282379566 6743.23509539715
6788.88437243743 4201.0593127145 5397.9704491526 2395.17069664943 9951.83355693423 9940.03166357302 11096.1692865731 1988.88499995413 4049.49230431457 10707.9160856118 7805.09286948272 4931.86504449891 4229.29314927743 3565.94597530742 0.0 2053.30617312049 13727.670979086 11672.8489011138 11078.2731253992 6080.24378560707 7307.16504839736 12315.0244054184 4267.76621035852 8013.53564847574 8845.68815601303 5606.72746936387 6163.86136798998 9936.54445264025 7431.34584644209 11787.5067767563 9768.89348384797 4488.70883756869 8598.01454993613 3163.96534468443 8492.71055702503 8742.56687831322 2750.56775128348 11705.4970992309 13941.6220617827 10112.7871503565 5655.81604413126 6503.12705160306 5864.27440095395 7717.85055890217 6723.12953924841 916.431428978483 12477.4826446686 8300.06207770665 4938.61654509518 9341.74742817649 11058.7577583785 7519.71420208922 7821.75354421524 7915.64310169553 11081.9159260191 10075.1899157918 1107.74519054786 11469.5377343395 9282.75417570935 4683.43315113302 11927.195419582 1064.91267175259 2149.53371428778 705.041086414159 6541.80798780706 4659.35242084408 8368.73391952977 9800.35961071852 7470.11701776377 8452.27824992053 15160.2380405274 8366.50963157673 8347.25127106916 11039.7795059255 4042.7752089325 1155.04295827464 6717.66070713625 12324.5537599733 9603.52231393995 8563.36329895103 7510.4669412726 9963.34568924496 11960.2692995246 7576.61242993437 9090.82611470342 10408.2530048415 9134.50272362453 8088.90254685296 6748.07741688931 6871.41996856513 10181.1733837429 3626.73109876513 5051.93553291866 7715.42363240997 9249.97743836567 5446.90600832969 3869.47923125694 6788.88437243743
4930.07109904954 2595.98826965689 3400.91000741414 1059.01124834843 8669.26620900491 7941.64115785643 9223.50848675831 3436.28801991707 3426.10489580495 8731.61885653351 5965.84520942267 4066.94581522105 2246.59535331074 2844.16492741504 2053.30617312049 0.0 11707.8822009767 9863.67771921194 9026.30424837484 4294.9469092397 6355.91558064724 10264.4978246551 2369.45553649274 6731.42287028185 7286.02667441951 4832.01110452131 4234.56637847551 8096.19074973616 5631.952666271 9762.38780555707 7815.65465009031 3404.09507393305 6668.18046665254 3724.35474451951 6491.50705189189 7491.0743723186 2590.16649859427 10656.7523849254 11976.2762830409 8073.84175168819 4168.04710865149 4989.40689909843 4215.44529518246 6766.19353063316 5795.57934114592 1888.64181581055 10984.8736577737 6304.79771370512 3214.88343178784 7998.54108587317 9746.57735534581 5926.75956107213 5773.07234281896 6395.78046895276 9725.37187147072 8025.21927643388 2597.74033844367 9632.64692680958 7278.05181791704 2634.19100298138 10525.8926657052 1259.51410266398 3924.63971123484 1659.46627656642 5936.93266924839 2658.21781200201 6475.9065591687 8114.25528083802 5572.63289620224 6651.44902411479 13144.4173987153 6462.6426039198 6871.18796964819 9537.00295523748 2671.88181765925 1398.96864649459 5405.88791794386 10645.5693827069 7595.52399261087 6752.56589171862 6172.77451973242 8181.70290740669 9966.17456446283 5610.62249927723 7818.11226244142 8940.43236540361 7702.0609728683 6257.9238587496 4804.95964612442 5221.83542251706 8224.28997656266 1596.52723681652 3014.28274276967 6475.34127359852 7201.13350642268 3426.91425653902 1934.29677189344 4930.07109904954
7207.71595003041 10751.5375999216 8859.02194034502 11452.1652415324 8323.02380925593 3816.06019388084 3741.83843750013 14430.984798979 11432.6883017218 3173.33915397683 6386.21136976275 10748.8928086278 9499.99094639226 12483.3725648312 13727.670979086 11707.8822009767 0.0 4112.03833482477 3124.20144727639 8003.02490337916 10052.7005658133 2098.61655138537 10064.3027786807 8615.22364339949 7020.60610207098 10823.7187461835 8622.35292450505 4740.91621665448 8665.19801874338 1950.95919246571 4166.78102455163 10469.1762091442 5344.63701509366 13479.0276712754 5244.93097385845 8603.84380867615 12302.8376591288 9969.4323665966 1463.34401157573 3686.21643659231 10554.0698073511 8415.88046886886 9944.33331355784 10018.2715520366 10206.3884321454 13539.2895271359 6989.49574869384 6724.33699044943 9088.81557562764 8041.22138148038 8163.46518692261 9752.59561959443 6346.14410420018 10081.3485366981 7869.02824793303 4458.28109410369 13908.2313131442 3904.77119590916 6004.71076813202 9095.01851290744 7629.10638643162 12932.2755852776 15159.3087362867 13178.0392029326 11263.0326163088 9068.34420564301 5696.33676296496 5864.73961580986 8032.70463405303 6031.61681454182 1441.48007929422 7554.37844891226 10302.7436078801 6844.29635540328 10269.1239772228 12753.625097757 11040.9490157622 5315.09268976361 5773.69754680843 8213.68944876683 10945.3022863228 5133.28277289651 1890.6005523636 6209.96899220806 8448.49632128917 7145.75565437937 7601.5596827441 6184.13171303003 7057.62165397896 9619.82326056023 3771.37891164963 10112.2347637339 8944.83377267121 8867.74080496305 4642.25816755561 8699.48082655408 10282.0648423025 7207.71595003041
4935.48637223904 9845.46492742807 7993.99149913131 9277.74497361078 4258.87750754612 3129.40864849034 950.055933846682 11864.9040760807 8513.56810181801 2450.78968211558 3898.27660120666 7671.37722580638 7662.12740442108 11511.2077037748 11672.8489011138 9863.67771921194 4112.03833482477 0.0 4741.48617195219 5596.07006024527 6389.04731523815 4827.35347190132 8975.25345951749 4925.31088811655 3363.8955499036 7525.9029925556 8222.7673499249 1783.79239488871 9001.31329535706 3489.42452431818 2629.09782126605 7627.08758498161 3396.23597832798 10600.7845938042 4048.93677621809 4726.96853542016 9639.89081766953 5877.09530338063 3204.41011902686 4028.821313032 10265.2276953341 5398.27948894946 9683.13322248088 6264.22999904301 6674.83237540964 11747.5128045006 3107.68175576435 7186.04013627549 6734.23256881109 4079.59822870865 4053.9218301226 10199.6420577918 6147.64798198874 10687.1613466163 3760.14914563044 5600.02899355431 11550.1737114889 380.028102700804 6988.94049051652 7587.60121708554 3599.6033644712 11118.1874549501 12646.5288461536 11020.7218425215 7692.85598433779 7308.47359875114 3454.01148699648 2132.51840234309 8287.76306834315 3222.10382871706 5009.93379138625 8244.56596259002 11065.7340409039 2732.8509788705 7729.47992881893 10561.4827729381 11178.2682479631 1518.54905748191 6937.40149326852 9069.19336292919 11374.1476506328 1719.57058541861 2725.81254951847 4500.71660076477 4509.97018525624 3059.88469171616 3729.58752093223 3605.7567064701 5159.37296750363 9782.80854637449 2409.09656921235 8359.09444363007 7803.52010569366 5229.26843146225 4709.02326053726 7771.44379726955 9017.98915292396 4935.48637223904
5181.44042764917 7763.35526896073 5923.92832111004 8948.78962693625 8064.08414755539 2151.09633277603 3864.2770538431 12041.9033994856 9422.8548599419 2364.44183798158 4706.03722911574 8915.05130736777 6932.96318445004 9476.87097061787 11078.2731253992 9026.30424837484 3124.20144727639 4741.48617195219 0.0 5938.52209331905 8887.19231646377 1248.9806585493 7150.70085101752 7625.70515978295 6229.71854190244 9186.89506020383 5573.46106590781 4111.35803962315 5541.20139912085 1525.3971799231 2875.20532975223 8464.25152309675 3631.22643698383 11337.4138337581 3036.3095225271 7890.74874897604 10058.1114463934 10180.2679235995 4121.00956863793 1237.16506061516 7453.59762461822 6761.42380303926 6847.15757185091 8980.24880198197 8865.78255183623 10777.1194025795 7813.06985025788 3602.27082889221 6859.12758744756 7547.37280526452 8326.25767569731 6637.78238110906 3363.03722298786 6985.20624262692 8061.34437179851 1335.28833967037 11411.7067190535 4373.9764603871 2901.3631244994 6395.70387809809 8166.24034877994 10195.9659255625 12716.920779843 10596.4627056425 9891.46684923019 6493.89337861694 4056.26178563116 5430.54325121012 4910.87137136978 4708.3976850996 4495.50032330877 4442.08520003971 7233.18905460118 7077.27203881502 8061.11724355761 10205.023574997 7916.98802152631 6258.34303840764 2697.31265101358 5133.34866429168 7835.82036485723 4658.29579569462 2320.74717535601 4029.5098876806 7863.60815715531 7093.78858570368 7004.25465486951 4631.54142054037 4811.30934955569 6495.89775560388 2725.45728545613 7463.49690314777 6101.68753485514 7783.78601767805 1846.55612916912 5793.14201376878 7419.97134129346 5181.44042764917
796.328913486662 4896.83502482983 3513.94673467032 3686.85433851056 4891.88936362393 4217.67125551705 5028.33225534802 6464.08313485335 3496.84156925596 4846.0045221935 1735.32567997161 2995.72444632802 2202.53866255551 6333.92981863148 6080.24378560707 4294.9469092397 8003.02490337916 5596.07006024527 5938.52209331905 0.0 3725.09138960795 7033.15297974956 3984.90794356233 3191.96876882376 3139.52703250644 3379.13890397243 4272.79894943514 3857.96854466014 5748.55620875152 6161.24026570585 3857.54744124009 2531.51419494173 2664.57170234392 5489.19080499267 2918.24146137032 3895.89487996619 4302.21786410946 7161.51506665089 7988.37922851424 4744.67498121955 5899.62427697965 1336.63404264207 5472.12359206215 4010.16554674274 3436.99984905211 6166.21952101007 6821.53046244565 4948.00360101375 1148.65293448804 4164.81532607639 5854.49371207699 6741.35197607503 3733.27944673778 7315.84842526659 5766.17989885972 5442.56983672373 6031.9804510088 5389.41791073563 5582.88944203406 2446.74321767652 6477.62387088981 5538.77428254355 7216.62997284189 5438.29276943588 4300.52539189436 1966.96008343096 2355.97726992326 3831.39160151733 5198.71528696944 2373.96901084927 9385.07250365953 5768.83080940143 7812.15957890355 5389.23286212921 2272.80024438455 4982.56157249926 7136.53436436337 6357.03365807511 5801.41666688415 6489.57965697285 7643.77820019739 3895.93754987783 6137.26004109717 1910.55502044893 4138.38908378713 4852.92427613271 3732.01799902464 2012.354657952 1170.15801558821 6070.10396260339 4267.88114856062 2889.99149688636 3035.38501016114 3092.038053371 4191.23213999027 3289.49950416273 3852.71870137193 796.328913486662
4131.83653421959 8022.04394053758 7068.22609871492 5336.62890695853 2926.90578301181 6798.52797761397 6372.46842922079 6592.00668756109 3268.06594008743 7044.96794418358 4215.47776700987 2379.3767938377 5187.2041464397 9060.10329425424 7307.16504839736 6355.91558064724 10052.7005658133 6389.04731523815 8887.19231646377 3725.09138960795 0.0 9743.31590762551 7188.93005775478 1466.1463951328 3063.31366814859 1727.04759020594 7919.02410333291 5312.49384408784 9445.84565200963 8569.93756345897 6153.87948743882 2954.50862578015 5258.14244413538 4981.71448005819 5984.50804395963 1826.16223854523 4602.76158205302 4398.38802845353 9507.74178439637 7654.40553117799 9304.32571193922 2415.9036264147 8969.52586482468 413.978330953056 584.042910711128 7827.54262680052 5737.59586030173 8638.59671648056 3850.26592862472 2561.43742775738 4004.87886018223 10382.5119725592 7383.00370681039 10956.4441689594 4116.19330419807 8756.99577012923 6677.02466306095 6405.95661408551 9190.184112275 5785.11148219281 4999.92371387016 7303.22022999647 7363.53193981488 6608.94735348378 1330.95055401169 5214.27705699711 4833.24678135423 4287.62979263771 8917.9187952669 4204.47442325824 11225.2887463095 9490.77533160615 11460.7921340483 4475.93506465937 3722.08672179618 6194.14029751621 10605.1848954661 6255.20363171983 9373.81401898554 10214.3425409695 11192.0240178361 4941.86272994456 8211.48247424045 5174.32060353388 2160.4615779974 3823.43541464346 2707.92484187943 4257.95351424739 4744.02981596634 9682.8628302182 6462.61091798689 5656.32490574124 6520.13374982743 1186.17953700451 7423.40968520587 6865.53998872238 6906.16801630237 4131.83653421959
6254.81747343177 9003.04617579046 7171.5921749495 10161.4611950234 8597.05332632157 2955.97237297225 4088.21109714448 13240.7504031496 10529.7806390347 2799.02181447093 5660.64320286507 9972.43980743351 8150.67772659169 10710.9427374033 12315.0244054184 10264.4978246551 2098.61655138537 4827.35347190132 1248.9806585493 7033.15297974956 9743.31590762551 0.0 8398.82401681711 8407.90495147115 6916.00538888249 10190.4611126941 6800.61231998818 4655.43821975916 6666.25672593997 1351.50748290738 3593.82657310587 9564.52515292647 4561.49511201409 12483.5472185933 4115.74063505144 8582.29392262044 11223.2284565299 10569.9892014315 3351.7059416706 2295.90959180392 8642.99973819092 7746.22991449907 8041.38679949824 9795.89953284216 9777.25169466937 12023.4763442537 7931.04296082883 4765.64595840901 8005.35030129886 8155.77942528539 8708.14134697685 7715.49725794014 4610.18545907969 8019.86536367417 8427.44633578903 2493.33026938328 12627.9213582264 4499.14722195074 3969.3171852607 7631.59167491829 8402.83483002172 11440.2808248413 13926.1486897525 11824.2000796662 10821.2082892705 7711.29824230282 4977.07582665628 5962.3058796992 6067.76499196211 5539.96199714151 3357.32362081027 5520.66221780558 8223.92152907007 7407.24870904744 9209.55478611361 11427.4351339454 9034.89248938735 6288.65053168184 3717.04341222047 6145.40425108655 8896.85353340078 5172.58338128854 2112.82649646158 5127.31527114546 8509.82697378373 7531.40819611292 7639.0146781095 5540.84301047405 5941.43578015968 7632.62891486373 3323.07291796594 8695.1600224971 7349.75666770867 8599.92843653836 3067.15921669457 7041.97511771663 8668.91304795632 6254.81747343177
4283.65040275468 915.346214183422 1228.62733567078 2979.21498278141 8865.75674657412 6500.4553889528 8186.57459428631 5805.63622139306 5014.86733353238 7359.27306331091 5243.74408847609 5307.13836088443 2002.07038140426 2541.15406870535 4267.76621035852 2369.45553649274 10064.3027786807 8975.25345951749 7150.70085101752 3984.90794356233 7188.93005775478 8398.82401681711 0.0 7073.95319826468 7098.95557175533 6042.75285615814 1896.10553829284 7205.26651403036 3268.01227576104 8122.92555040055 6574.18230631246 4546.01664100084 5585.17558437872 5926.49017844753 5111.63144031337 7815.31309539322 4644.93551196244 11094.2644932453 10563.7194453741 6379.00614990013 2164.11808922046 5156.9354716556 1994.5381475442 7560.74920189191 6715.8092969137 3749.61846898941 10721.9909522865 4059.31986592197 3365.33437904859 8141.87503995255 9839.38826674692 3681.15664282436 3789.38307388325 4198.9797585392 9747.92224551484 6007.21810095661 4959.47668246749 8680.09227872186 5049.06538427423 1538.59745805245 10439.1585804206 3246.17004211228 6275.73925534786 4006.53439472533 7190.05953071917 2050.75237031044 5537.23215850589 7604.73646461031 3214.76295440717 5970.97143609814 11502.7304391921 4109.28102347116 4698.63905339222 9316.55724682175 3676.663315096 3767.82830391295 3487.33390957584 10031.5198968463 5373.15535085338 4384.34035271033 4167.2208308482 7442.08673842958 8480.57025551863 4475.4303195325 8085.49043616686 8813.81433334725 7716.91540245916 5529.94931980153 3872.20512630177 2950.24845241996 6949.69901382165 1635.85909616197 1180.82370878785 6906.61525609692 5426.31452728972 1365.75665288663 445.328358145435 4283.65040275468
3326.47220312085 7964.5743495415 6704.78272235983 5806.12130686336 1947.2699899709 5496.05673610952 4915.57519174857 7604.74662904044 4149.86865886117 5662.79384738556 3099.36210128416 3213.26052425781 5121.66054931676 9225.16113709205 8013.53564847574 6731.42287028185 8615.22364339949 4925.31088811655 7625.70515978295 3191.96876882376 1466.1463951328 8407.90495147115 7073.95319826468 0.0 1602.90153540448 2804.81369095001 7452.2764984637 3884.30431432658 8880.60366598834 7192.95964264344 4816.46824615493 3525.71475929201 4041.9307594069 6097.54670658859 4859.3884741872 762.587177502495 5462.98995925841 4024.91910205907 8043.28452944989 6409.51335303065 9073.32658546593 1917.91418066713 8660.97105883485 1406.18642443031 1786.45376400328 8400.77530798434 4560.04839138696 7817.36892971039 3749.56044592819 1340.0353241118 3047.32064336188 9913.89085563079 6527.53184812173 10487.0306755951 3071.44980727945 7633.25956316193 7544.51188392968 4939.88741450507 8249.96074646411 5563.68260277256 3930.37524352479 7824.02080819642 8393.87425686177 7308.98762327171 2771.2164502072 5024.20406386669 3626.92684324356 2821.88569878672 8286.47563396957 2919.53905767588 9768.2909701818 8752.50552693564 10977.8732935284 3191.43855195661 4076.72077945276 6862.85815071419 10324.4858720023 4868.46609748019 8398.26811643344 9526.03583150119 10835.1937135273 3489.490286165 6792.34896222621 4188.20861348557 1088.65195468409 2529.00872026594 1300.69516979202 3067.97126627582 3960.50968059314 9254.2701317207 5095.73903439499 5712.79192897971 6212.31851479035 335.702061662117 6297.9939800405 6481.28298130908 6868.84512852197 3326.47220312085
