CustNum 80 StaNum 16
0.0 5095.85670755837 3882.20399819909 6463.81912008388 4411.26533248329 3603.3558933804 2438.5660304295 4703.23482532401 7693.62335465937 6858.47520352823 6816.38805872795 5488.00036989277 7215.56658057247 6154.92766853465 6745.43343481021 3063.75389488283 5365.78178965579 3314.12262086592 6934.41996145416 6792.55748764602 3227.77990906402 4826.18709798854 7388.70263202966 5672.90249240089 3948.69415623229 7132.94609820968 6050.14273251358 3820.65254429178 4935.48637223904 3910.15932890932 2733.72538261715 5447.73148092218 3408.19736785059 2775.67159655498 3217.55415050305 4308.89467423326 5808.46440596946 1906.92030942523 4179.22879124342 5573.66793557729 7994.63030176557 1462.90754141659 1745.64095571257 4964.38875132005 4131.83653421959 3326.47220312085 3664.49102794546 5547.46050551194 6473.71687149904 4360.94317982913 4764.47790148843 7629.6200303161 6132.47203097707 5535.99002513219 6803.13057950672 1874.33434919652 1588.49306255022 5432.79091602009 4054.40037517112 3421.94852966743 5251.0222561903 2872.89358631481 4134.76979000783 5813.23582638385 7190.80516037877 4283.65040275468 4111.38097012414 780.536351548103 5408.01702716238 2121.56844490852 7381.75515337995 2683.07667507907 3068.88767862987 4250.36444878675 4407.55391735549 6254.81747343177 3974.03686326636 6164.4526757075 2527.6231202189 5196.39740276289 7643.37787663319 2346.52137145167 1698.63395745331 4516.85083721234 3785.1227714027 4569.58483756973 3305.48994043889 3359.18068251518 3432.90195966844 3740.75056467876 1498.75554746141 1159.43457646915 4103.4787959502 4862.06436145712 3207.57031378248 4228.33242553 634.599609216784 0.0
5095.85670755837 0.0 8267.51325595621 11396.5366385622 3828.86249328709 8176.41484548826 2825.57018536764 9497.13623019153 9324.86619781219 11921.7004248911 3412.71610999389 7143.12628861097 12262.499342179 11159.9763722187 9211.51429549543 2034.41212974893 10441.0164696199 2030.89463137583 11941.9805238319 2088.53183842091 5699.20738494425 9870.36616899882 10160.6815524889 8471.46558395652 6153.44562223767 8993.92252060116 7830.41549358471 1284.45901186611 9639.89081766953 7933.67897775406 3356.73316818961 521.437977142087 3588.66326176672 4105.73453275092 6272.18967399533 9213.35235807244 8280.44398781846 3229.0745144728 8734.94954772558 7834.87543966448 3012.48636907876 5653.4276438944 6514.62255036997 7618.34133228691 4602.76158205302 5462.98995925841 7169.42379691764 8523.9722537602 1378.13248074383 5007.88289019489 9313.13536057939 8697.59418262471 3837.84790439454 6623.75862499824 6707.73939513015 6966.62360328007 6645.14853987726 8459.34318990237 9148.10492352798 8503.35024227379 9232.96621973889 6524.0733000815 8553.24354002189 10067.6012644078 7948.55478538237 4644.93551196244 7126.27682587771 5473.69248304963 9781.49875003315 3251.52869506301 12460.4833130681 2687.10399433295 8158.56954724361 879.26119203768 1675.19755026362 11223.2284565299 8930.08972951151 2081.49174178438 5251.05588043044 5103.52232802749 12654.4726260367 7416.11656638672 4712.64030842667 9439.14547869704 8288.98762680073 7950.60258940673 6750.93105100087 5265.05132179921 3168.18048255162 1857.60537581963 5289.73575381746 6131.96365889065 5861.65755250443 6890.91979922609 4798.54520810489 4207.73861774202 5294.40189772259 5095.85670755837
3882.20399819909 8267.51325595621 0.0 6020.49517899652 8293.39989582153 5152.10042007709 6107.45764311209 1556.45961295836 10794.8913701574 5612.20046057228 10584.9720275877 8863.14003148788 4668.49460632239 3507.15990573228 9523.82919987734 6426.21156979593 4371.25204080395 6239.69226174416 4200.18182685494 10231.9709922593 6748.96275996113 2744.81790013509 4261.11047335917 3019.95375652789 3243.11763005186 4880.02687534398 4284.32243049196 7027.48913335227 1511.36997683952 726.082439905198 6595.7899467615 8463.81676158765 7289.61937799902 6645.15996971379 2416.06834653791 1692.86862088584 3447.82497460747 5525.52391478415 565.267551049458 8664.18984484119 11279.9993894944 4808.75909981305 2150.27230814861 7962.28125997435 4878.07795970926 3413.96970530147 6456.064668601 2751.68681938253 9565.78049722336 4759.63374155714 5862.60274340731 10971.3914670092 9992.95416314556 9094.8048008795 10527.5591347313 2793.85451436271 2665.85613774901 8083.11680592018 2967.43139062207 3293.82398060052 7052.28622020669 1862.15488225768 5709.77535269171 1932.60159897667 10677.102374862 8119.27684477374 7105.97934197472 3151.61912419246 6608.1388507431 5036.8353918917 5080.29101714998 6377.67399844875 2590.58927341972 7558.11758390183 8047.9699655375 5711.37855915698 4316.78708633043 9763.69516992077 6158.60439900445 9020.61404721867 4861.49469569605 3252.33351299822 5501.15591136118 4737.77913578796 5370.30205058076 1820.22629983176 6274.93234681428 7035.12144512967 7293.95073607269 6497.28644614813 3003.58180882303 3769.36557089349 7676.56076807633 3540.99794057658 6985.36927441547 8098.27182928252 4248.14002016889 3882.20399819909
6463.81912008388 11396.5366385622 6020.49517899652 0.0 9177.54179587182 3364.29065575894 8574.85210326428 4814.88605081294 8110.40508114527 1319.35572079565 12115.3469000911 7380.45196385068 3590.18114888815 3706.07051626234 6545.40317047084 9390.89792440746 1666.06874562763 9766.75273717394 3884.23607062739 12765.4296337491 6565.13174280162 3414.55842857979 9975.74075799835 9020.10814766909 8870.64161844954 10882.2088289965 10289.7331956791 10173.8229000335 5143.06877081187 6724.70465767411 8286.66614377323 11807.3130058139 8523.98470567662 7746.68560700933 7892.19822848585 4402.16432480532 9465.51755859996 8187.18761748358 5599.17732180649 6615.33449155251 14069.965771906 5765.32844345699 5804.19534167951 6036.75840797508 10008.6697466873 8684.15246818149 5092.98677314691 8739.9124426546 12757.5049602802 10068.1152760598 2496.26480725682 8809.84839707471 11017.5210347389 8031.0868410584 9684.72957196688 4804.26960910239 5223.15979848104 5452.04456398807 3097.16868113244 3212.28673328595 3639.56328462387 7203.2364979828 3230.88825146262 6603.01384999385 8974.65289486273 8463.24955264078 5645.4205525974 6432.45642602644 2615.75762937552 8582.17129105382 3186.48365558246 8739.56184328651 3867.72323721716 10519.2043588488 10302.1303618901 315.79010731863 2491.02953101643 11949.5659755086 6574.22287416028 9042.53488023367 4153.3584043045 4162.88376537855 6773.13421211325 1960.47731401977 3334.11663222368 7840.17777244757 5347.77997976625 7113.69713061564 8815.90433218648 10201.9797017732 7123.5221562343 5326.00084029783 7173.37455263167 9425.05171193117 7436.02388036996 8745.88099340738 6128.79953980273 6463.81912008388
4411.26533248329 3828.86249328709 8293.39989582153 9177.54179587182 0.0 5822.42088103786 2644.72746456024 8998.99980081155 5498.45659592961 10043.7090455117 2946.47368331253 3379.21645947141 11078.5994355405 10163.7379553803 5506.80921895133 3141.70306031881 8721.61487956899 4002.09836350912 10908.4708560492 4058.22518586622 2635.64450154229 8808.1015486695 11524.4236460714 9755.7671667962 7626.09761809532 10888.0417727641 9707.31308008715 3443.87239552493 9270.25711015064 8288.50216965412 1774.40044131225 4346.41403910395 1013.58214692922 1686.14382289333 7225.76656368302 8536.28721995593 9766.85267599526 3121.57686748282 8573.00965126869 4165.653564607 5376.84761159161 3845.89405426264 6150.48392768585 4112.59220349756 6804.79492622144 6868.67461262929 4204.31556444206 9690.52107661008 4741.46940833123 7194.9439644231 6758.79741928815 4881.72156250084 1875.63183618751 2804.5150575695 3058.34440703387 5926.95793914458 5817.13143172007 5005.51756578922 7841.6485380246 7005.24096092961 6213.08474460176 7097.20019082194 5980.2725796965 10223.7426326999 4151.45446885849 902.002010042977 3882.94723001382 5159.22010271511 7003.85464188579 4185.33554191005 11104.858686326 2416.06839450787 6995.00275002453 3237.26331336556 2153.71847026934 9093.41914250928 6991.72906182083 3107.12103216311 2652.74067172262 1313.5043374359 11585.8491774742 6015.47258679164 2884.09453751989 7372.8876146914 5843.56209051477 8806.59880621322 3870.64994978718 2083.65168996436 1160.64206040916 4330.38320922898 5586.42360387018 4819.82167332596 2332.33308718817 8549.30985120615 1743.85191023554 476.426709261324 4110.94586535014 4411.26533248329
3603.3558933804 8176.41484548826 5152.10042007709 3364.29065575894 5822.42088103786 0.0 5357.48496588819 4797.25935765555 5930.52145652706 4254.83667159339 8754.30825682867 4495.71710377053 5681.11869350663 5054.36254603088 4504.65509926592 6228.0748208212 3078.46310560915 6727.58908904964 5668.47226239441 9432.12564299304 3237.75675125569 3871.47444269331 9402.53785998267 7980.30502455894 6999.00889976444 9749.99080741806 8866.07911602676 7008.05278143797 5172.38088290255 5656.38065790219 4961.20814304176 8618.23733952172 5162.00276520104 4388.9713910915 6060.29183788838 4223.67359894659 8298.99925451995 5047.1018416592 5024.94243716408 3958.74487533226 10747.5079834683 2536.15502729739 3766.45344401896 3260.28528299699 7638.50942189352 6568.44648473772 1924.45639935555 7755.69510520939 9512.28816596493 7808.13259404943 1171.76437474681 6343.75376266435 7675.03358529299 5020.52664571924 6678.20514094736 2625.74640920635 2994.39540487333 3082.48862433654 2841.35225143939 2046.5279601282 1923.88788516125 5446.07613211075 591.93256271877 6620.34980134738 6280.97498116354 5139.82722592412 2591.93818464625 3883.96269395218 1812.66865635116 5662.72587878347 5564.76655792313 5491.1287915031 2608.93863685615 7297.83993960278 6980.11769426218 3271.00155939176 1381.36001601064 8598.54758918809 3210.09310255526 5786.51096919402 6250.78295457283 1968.17232509803 3476.93667898525 1598.21927270002 223.138058024951 6717.23791451571 2069.01759617429 3777.64011948772 5462.70365530205 7186.02187121935 4730.48874960591 2475.68741073533 3940.70319012538 7779.84377853543 4078.76698852572 5399.61858472785 3101.77127953611 3603.3558933804
2438.5660304295 2825.57018536764 6107.45764311209 8574.85210326428 2644.72746456024 5357.48496588819 0.0 7101.25675757767 7472.51130816995 9137.27443213453 4478.47839701231 5151.39458717711 9646.37722141645 8593.21333918952 6993.09285399211 922.491202190811 7671.53636994245 1682.82227586256 9372.27996231059 4362.25748099184 3216.54828918591 7260.89201265906 8959.09135037464 7187.5595616355 5001.29257299281 8250.16736879433 7066.50787579896 1669.81321217217 7306.84641854657 5962.15818355487 1011.7865602556 3260.85135087373 1739.18550634846 1721.72642886063 4680.69039195376 6733.83992614038 7164.3728261566 582.41011489008 6485.06629301469 5630.37010065422 5592.66278971842 2828.72426212162 4085.08637844752 5248.66211569859 4195.06965985922 4240.2187901639 4509.75704385971 7145.82292134357 4182.77036395144 4574.41762543531 6503.27045217604 7088.21495556944 4001.24558340661 4860.35004669205 5606.64564017769 4291.47499115292 4026.89313326409 6002.12564065568 6452.8573089292 5751.38990809173 6523.81162565981 4655.05877986237 5753.15511063152 8022.24244074985 6457.15862161494 3000.54856408748 4602.22808739205 3007.52904525036 7000.22913104469 1540.61375192756 9794.87130656749 273.513492065988 5482.15821163183 1946.5193804794 1975.88944898462 8406.59560099486 6117.75661024518 3730.28898774917 2619.48236889099 3827.77241787801 10080.6292875429 4662.25413953312 1924.94936630603 6619.91456285352 5476.73365173954 6324.55483456459 4082.6427866008 2931.09473205101 1484.10637848023 2129.51122435001 3171.53088110464 3358.7307491696 3688.05616769505 5916.37714912673 2505.45816833979 2711.91566613198 2511.33738978152 2438.5660304295
4703.23482532401 9497.13623019153 1556.45961295836 4814.88605081294 8998.99980081155 4797.25935765555 7101.25675757767 0.0 10697.2169066396 4208.15860451246 11519.5499487114 8994.9248288294 3113.88410101361 1950.71703115086 9301.07024142928 7559.9683553659 3153.71448686759 7497.36155661661 2655.56771735274 11378.4958693938 7078.90964133237 1400.6421843182 5163.06998398573 4298.99118928972 4799.45227777695 6140.76664087694 5705.68253268978 8226.17656375125 380.028102700804 2254.363893601 7416.94900245597 9741.96753222802 8033.35992517717 7313.73144889231 3952.6901960237 573.620038865676 4781.3814126797 6534.2059782856 995.579111297555 8639.26575955581 12496.2398416794 5242.93943335466 3022.31280737757 7925.71696999859 6405.95661408551 4939.88741450507 6435.31996423885 4008.01729626907 10834.3347264851 6304.94027100376 5220.47398018866 11015.1987337849 10794.7490956746 9345.47204049523 10891.2147268546 3094.94076793821 3184.67934082471 7871.96457277494 2072.02171470589 2752.74791849995 6557.51978251322 3351.48229211543 5275.16497096676 1892.94103247059 10828.8310771758 8680.09227872186 7124.32540828896 4100.09008921496 5921.66300774251 6246.53895267222 3525.67867679624 7359.58973907573 2270.51775245538 8732.13683260083 9076.15856168786 4499.14722195074 3648.84090573798 10825.3926280634 6599.30721382923 9542.82277799712 3332.97459005999 3232.79775618276 6119.06489726391 3928.85837469447 4992.0016921141 3241.13081252164 6353.28244099331 7458.81642296055 8111.29626655153 7802.16568058606 4221.31773190933 4205.4392134348 7991.98926583013 5064.2908893154 7504.62883906923 8735.16457639117 4892.23029715564 4703.23482532401
7693.62335465937 9324.86619781219 10794.8913701574 8110.40508114527 5498.45659592961 5930.52145652706 7472.51130816995 10697.2169066396 0.0 9388.01653871383 7548.7033802 2325.52585352879 11346.676174513 10904.149778231 1565.02510019478 8276.50981303132 8704.38741977617 9127.70055251613 11437.7424316309 9282.0573598413 4521.36679989818 9791.94693807804 14879.0633761656 13255.8051054185 11636.093964447 14815.157262665 13743.7555403125 8785.38289632537 11065.7340409039 11144.371192415 6478.23241342342 9843.70087615667 5899.63203346951 5756.7362855395 10896.1557311894 10125.2424496903 13452.5335362204 7663.55601495902 10789.6845023807 2149.03129709251 10494.3717373081 6281.65850272061 8910.45095444173 2835.37218236814 11460.7921340483 10977.8732935284 4338.83086596182 13088.2817942788 10190.893051594 11784.6246164519 5922.33734876243 1018.7492316226 6295.38659091041 2705.06156917764 3191.74418202545 8007.86633610883 8205.62765472323 2859.8577840006 8770.78658658518 7966.41978052581 4538.24963958138 10465.174334818 5542.93136500756 12459.1612031829 1722.74755871056 4698.63905339222 3703.19397473904 8399.43850553759 5527.47779147235 8783.93888391753 11098.7515848985 7365.72401913619 8445.1325009943 8681.1257090151 7650.14008785967 8223.92152907007 7242.94347467695 8331.59647192556 5247.76272238372 4276.43968733177 11935.0755854897 7575.71672126565 6178.77200614939 7229.05964418364 5757.7322023481 12054.914816914 4548.23666197354 4601.40756894534 6301.05089330559 9540.12976570756 9192.34229676619 7170.03604686264 3807.68279433438 12555.0934398441 4981.56521154149 5124.71110544186 7078.286887769 7693.62335465937
6858.47520352823 11921.7004248911 5612.20046057228 1319.35572079565 10043.7090455117 4254.83667159339 9137.27443213453 4208.15860451246 9388.01653871383 0.0 12948.3038733137 8528.25433383648 2341.91039220802 2705.61372670156 7824.00433170209 9890.21053030911 1499.66244001102 10163.8921449609 2706.11867240489 13434.3606637295 7490.61668621257 2868.6152815864 9264.88047729095 8506.39791650158 8693.61523116006 10347.9756224463 9882.75945972007 10663.0313582092 4478.89529072303 6337.65761796494 8980.07160731304 12297.3485280739 9308.12900161788 8518.41540255017 7740.50453560547 3920.99931159351 8984.13233605548 8692.85718486787 5117.93775276972 7807.88385531344 14710.7062657437 6415.92863392055 5878.57992762849 7195.2304103827 10020.4640410847 8620.37929999332 6115.861341906 8215.95463642808 13297.3544498078 10025.6287062961 3610.46555649949 10055.606395089 11909.6963183528 9144.84873906302 10808.3894921897 5046.82101627018 5434.02147087694 6673.76067509118 2982.70866588253 3439.72043219624 4875.8969754124 7057.88221944755 4262.87448496456 5824.79998857783 10180.5265403463 9390.82665494924 6720.54062598265 6677.30501584417 3864.4002276775 8928.38234156507 1890.80639306622 9329.45761815702 3932.82271417538 11055.7212333537 10967.3267716642 1164.18542987841 3075.78793118115 12666.7496938739 7397.35409204112 10036.7207997785 2879.83857553071 4513.71697863933 7454.07174355783 2672.3656595286 4280.53878266899 7408.07622013311 6315.73938609262 8026.10390868655 9561.92552373346 10574.6259276119 7256.39283354271 5790.07885578811 8179.9612645837 9133.67759420644 8303.29968241771 9635.54440059459 6631.68214009385 6858.47520352823
6816.38805872795 3412.71610999389 10584.9720275877 12115.3469000911 2946.47368331253 8754.30825682867 4478.47839701231 11519.5499487114 7548.7033802 12948.3038733137 0.0 5880.51078447994 13847.9646074709 12870.358043638 7997.11820467426 4338.17729184483 11589.4753833515 4917.17910889419 13634.7160563755 2020.81613238948 5581.71465604611 11514.7119765294 13194.9309307981 11444.3774129053 9147.97059075356 12210.0635560118 11023.815102698 4049.00174820897 11747.5128045006 10430.1324609248 4130.25301296066 3735.95010984525 3653.80901384419 4444.51913476709 9027.65933616194 11112.1359829796 11334.8862328577 5060.85644011306 10951.8017566557 6777.85188775438 3006.34207909005 6617.01015792847 8531.35511453256 6883.71231640372 7827.54262680052 8400.77530798434 7143.95850383739 11445.6251193131 3370.04814644917 8241.3447162545 9705.17289132349 6680.72408807312 1283.8266129533 5157.56087509457 4422.0032585531 8553.80209151152 8364.51872450597 7776.83632546597 10601.1768520511 9799.19302023954 9122.61886347835 9091.63493768405 8926.10862292089 12500.5745507255 5888.75609166613 3749.61846898941 6780.63463527242 7462.97615517089 9941.25289175236 5758.53107873986 13917.232039993 4207.48073724696 9695.07401705075 3527.52480476556 2606.21608316249 12023.4763442537 9879.85929357356 1365.55138711939 5555.14999653647 3523.73792400572 14328.8137506069 8758.75282476434 5587.35605744869 10284.789356092 8783.11793201351 10711.4640450341 6816.69560766302 5029.45250001579 3461.31719283706 4983.45118392136 7637.3397412679 7489.03467510776 5185.26828705678 9984.12808787246 4680.38438871704 3399.66139399869 6690.3222914624 6816.38805872795
5488.00036989277 7143.12628861097 8863.14003148788 7380.45196385068 3379.21645947141 4495.71710377053 5151.39458717711 8994.9248288294 2325.52585352879 8528.25433383648 5880.51078447994 0.0 10170.3570133053 9534.91693257838 2144.75187195192 5970.02289346383 7539.74180288297 6814.21147837565 10163.5630639591 7373.43366910082 2263.37343383559 8294.98461726637 12803.7968985885 11130.7289189756 9398.45338018838 12619.0507203231 11520.4196397846 6509.94613389654 9344.28172594497 9131.27131839048 4163.73887160005 7664.56029918716 3624.60592992486 3432.88634859978 8705.55191213218 8438.18572760994 11291.4522076307 5338.80873930975 8935.6519525872 928.183451717073 8657.64317353989 4145.61390867175 6855.26669596965 1345.07153397998 9146.95221035289 8718.80726251515 2604.94922089668 10983.1868108533 8120.00549517135 9477.15442586167 4918.80872071394 2145.26085636455 4598.31767445943 756.944813947757 2316.58303620886 6079.91964373746 6208.40150693259 2091.2361140414 7246.65978130152 6384.94907259973 3813.28497919032 8323.85741758769 4302.22257150853 10640.3201759463 1834.00509779653 2506.32170903333 1913.10381943021 6227.24742457996 4813.43959359505 6462.16349414997 10024.2342566014 5052.47183981017 6727.97422317851 6446.63721334537 5483.68780667562 7407.11313137975 5877.06625197643 6411.36131788691 2981.93476409668 2362.87449071272 10743.6567193541 5770.83043522991 3900.01949443037 6025.74444751706 4384.90214320841 9967.91388763672 2641.68488353644 2281.6414862314 4037.27114513124 7233.67326798333 6980.1631014866 5121.76213674025 1484.23299644608 10327.1105489943 2656.14575228034 2950.37649503795 4896.76630212194 5488.00036989277
7215.56658057247 12262.499342179 4668.49460632239 3590.18114888815 11078.5994355405 5681.11869350663 9646.37722141645 3113.88410101361 11346.676174513 2341.91039220802 13847.9646074709 10170.3570133053 0.0 1170.60985916753 9804.04313330889 10252.9890560731 2652.43401020726 10331.557461439 534.573854197423 14006.9139369032 8732.20634294572 2393.30467860368 7533.90038608531 7138.16020567131 7911.04300007621 8877.07186400054 8642.85609181592 10978.0439191374 3204.41011902686 5350.09281366025 9732.56428444763 12563.2114467757 10213.5239458424 9433.44236745019 7062.90092391314 3163.85230085911 7650.98874105818 9122.24060229438 4104.37522910828 9566.14995014775 15204.9643431166 7246.38221183266 5782.37755464487 8895.38541211545 9507.74178439637 8043.28452944989 7602.03061922803 6843.74743371428 13630.4021549229 9416.77917045293 5425.1411067981 11910.7238353999 12947.8833759965 10699.1791393967 12351.800398923 5356.21223861339 5632.59862490823 8526.25076203821 3247.22395256495 4073.82312111076 6816.85116245772 6445.31200893862 5896.37772733329 4143.12190105224 11928.1367153659 10563.7194453741 8272.8121122649 6791.4775605061 5873.32316985746 9061.94645188425 568.130652231414 9879.43725393063 4173.67977276237 11443.6129010079 11595.3144459926 3351.7059416706 4305.0785339084 13347.9181986539 8459.89060366062 11322.3970224157 589.160249076468 5089.38031484454 8263.18236952796 4162.07201816396 5785.50232059345 6247.89774689251 7694.13552872228 9219.9927138405 10387.3187414151 10682.2663006056 7123.22226736829 6368.66438420574 9545.29932392613 8126.2908722341 9402.27934978015 10727.9724309389 7193.65470050525 7215.56658057247
6154.92766853465 11159.9763722187 3507.15990573228 3706.07051626234 10163.7379553803 5054.36254603088 8593.21333918952 1950.71703115086 10904.149778231 2705.61372670156 12870.358043638 9534.91693257838 1170.60985916753 0.0 9397.92853061632 9164.23764541357 2315.28402979529 9208.79586367752 782.257612592186 12943.7582935053 7926.74817847008 1357.64038232384 6637.77209269836 6083.2187201823 6750.15708700068 7866.78869134965 7559.31853782628 9876.45091669516 2072.46927400696 4198.38146767626 8741.69235053412 11447.1146930764 9263.99126017128 8495.90058920367 5894.25113225158 2001.27540201844 6588.33385012713 8055.63253755372 2945.0009828719 9008.15599085371 14121.5763689986 6317.84520722393 4656.02433923078 8313.97093388807 8337.32159264021 6873.09943226 6933.60291972092 5788.08514383197 12521.9973022312 8248.53790099361 5029.58822834044 11386.3560288234 12019.675018419 10009.6154306419 11639.3225665307 4325.48375091737 4566.43506996884 8048.47024134321 2350.96008943295 3222.61185827958 6446.61443562878 5274.74192221361 5367.69092750047 3192.51425925572 11333.7335273981 9704.75700256992 7622.08804855179 5686.86318664809 5591.32602478364 7940.5723902855 1584.07652855464 8833.95470700124 3178.26835516063 10353.2542168251 10556.4999703762 3412.92545596286 3684.1376417934 12312.944451919 7588.5519609619 10500.8369073909 1494.62960919725 4148.49526004723 7308.31448617432 3685.03219056488 5193.18213971262 5131.83712725727 6971.19023830611 8386.89405113908 9411.34170170946 9549.56810952572 5978.34888724935 5382.99681323402 8780.24116317108 6992.55845057796 8529.67805908833 9837.00145363439 6184.91458639467 6154.92766853465
6745.43343481021 9211.51429549543 9523.82919987734 6545.40317047084 5506.80921895133 4504.65509926592 6993.09285399211 9301.07024142928 1565.02510019478 7824.00433170209 7997.11820467426 2144.75187195192 9804.04313330889 9397.92853061632 0.0 7870.02007302354 7170.3406720101 8675.89326296264 9910.08100741195 9517.92142864518 3809.91235585306 8326.91427314951 13692.4496457667 12129.7409209393 10680.6668841153 13768.8086090072 12746.4646229398 8478.77950366946 9675.18812029993 9930.35725436779 6065.00445866601 9731.88101902279 5637.36698849757 5291.64472028131 9872.76504299329 8727.45259414797 12367.3912237183 7069.94551778672 9469.70638320545 1380.93342534009 10801.7292955268 5286.52930906346 7761.82745350593 1803.12390175998 10721.0393255454 10071.5549385136 3149.25199130941 11942.0771984833 10238.1812658902 11011.0829194014 4387.40403912284 2357.70008675305 6713.31819261833 2840.25121595596 4003.85109734316 6774.40133353096 7020.2763365083 1442.09537058291 7324.1228945578 6551.15181403895 2987.65259491796 9383.24455805424 4067.14480228559 11106.5392487259 2769.44160188753 4617.85580417296 2634.23873742275 7388.18805986456 3965.97452393967 8131.44744516806 9545.08597602983 6940.81497367189 7081.14586835651 8473.4097772772 7573.11617305665 6659.83666314809 5766.95933002629 8555.91024068062 4500.71819886148 4497.57298424379 10392.9990503227 6273.64170689088 5416.83164379163 5713.85821811664 4315.78196401065 10898.5422138431 3453.47889906926 4067.8165539879 6058.2786300256 9118.912387342 8224.20081066992 6053.80595229063 3366.75655919547 11574.4114475021 4514.98362253085 5063.01928292306 6112.25333276142 6745.43343481021
3063.75389488283 2034.41212974893 6426.21156979593 9390.89792440746 3141.70306031881 6228.0748208212 922.491202190811 7559.9683553659 8276.50981303132 9890.21053030911 4338.17729184483 5970.02289346383 10252.9890560731 9164.23764541357 7870.02007302354 0.0 8407.55983865348 870.078488592532 9946.43707595246 3820.70580319807 4120.22558842998 7859.68446035674 8869.56535473321 7112.01774161974 4832.05420976725 7985.38104160886 6792.97567184937 783.70797100148 7729.47992881893 6180.87547806385 1812.1683941556 2417.05208652395 2406.98205356318 2578.55489216162 4694.2315669321 7243.04443482544 7022.31715534375 1204.20522032945 6856.06997678076 6498.68177343307 4957.64996394803 3691.93470008155 4546.99465399388 6144.69773351372 3722.08672179618 4076.72077945276 5432.20088003832 7108.23703346098 3412.45784978411 4126.20070367566 7383.89902543221 7831.39760690344 4130.4213318491 5618.32903678284 6192.4785530222 4936.76877052119 4624.5610697225 6912.58922924581 7117.83475746987 6469.09392828036 7441.85798956661 4802.91381075207 6643.47219970025 8294.74854791389 7163.96459815028 3676.663315096 5517.17056976062 3483.68966520172 7899.47214157271 1433.13276800615 10438.2160376852 929.205211978283 6130.25680585041 1190.70347355102 1733.55757583918 9209.55478611361 6914.00426656581 3354.39987292691 3539.41078809059 4419.72858554853 10658.4715937162 5382.2659057129 2835.98761219322 7430.82679948865 6356.57928366279 6383.22727920149 5005.05799274044 3802.27046370378 2049.02822225066 1263.87417493074 3423.18151330924 4102.35216578683 4532.55300292833 5699.15778591137 3358.92708415617 3323.86515907852 3270.32165016885 3063.75389488283
5365.78178965579 10441.0164696199 4371.25204080395 1666.06874562763 8721.61487956899 3078.46310560915 7671.53636994245 3153.71448686759 8704.38741977617 1499.66244001102 11589.4753833515 7539.74180288297 2652.43401020726 2315.28402979529 7170.3406720101 8407.55983865348 0.0 8667.03815200806 2742.90624926117 11992.5202960067 6243.40165090061 1756.29514025714 8316.69775839128 7359.56488093759 7316.52498326394 9220.80218435642 8651.17730539692 9177.24540290465 3489.42452431818 5083.06917272503 7563.24997736855 10809.7756178343 7936.89205755114 7145.66226870815 6348.06120835171 2736.90110481082 7810.08381358734 7214.26619798814 3936.84311877988 6916.50106806268 13256.8482550279 5000.57625440641 4399.34557104591 6251.01425312477 8569.93756345897 7192.95964264344 5001.30958576968 7077.94221097704 11818.0734565765 8593.52582973327 2783.37066301798 9258.31206971944 10596.3088439972 8092.98190299858 9753.77998384831 3547.1720061097 3935.28793930513 5875.37791790566 1530.29428553709 1944.05072199207 4189.65190954575 5659.8114231298 3249.22935182658 4969.81346878252 9282.44623183377 8122.92555040055 5656.820653459 5178.34631050237 3290.80493800754 7429.3195272311 2488.19457196806 7871.23523777456 2443.6990870384 9578.80947778871 9530.13234001999 1351.50748290738 1745.74317118287 11246.4839271952 6069.36857905061 8826.30764096553 3237.60289828815 3025.61746624581 6042.23112241063 1515.46064724529 3161.34852233076 6191.2666757398 5133.61938657168 6759.71983307998 8167.75012898916 9076.03199492654 5770.28925280314 4315.15812462399 7003.58935351362 7821.83349475492 6996.92345242462 8334.21786826985 5160.92598549685 5365.78178965579
3314.12262086592 2030.89463137583 6239.69226174416 9766.75273717394 4002.09836350912 6727.58908904964 1682.82227586256 7497.36155661661 9127.70055251613 10163.8921449609 4917.17910889419 6814.21147837565 10331.557461439 9208.79586367752 8675.89326296264 870.078488592532 8667.03815200806 0.0 9988.63537821231 4060.31893823091 4892.46664494864 7949.22452143425 8301.38798359954 6570.0541927083 4254.70320834605 7300.79590556577 6111.59026407471 880.787881835827 7627.08758498161 5904.16776772212 2650.54840510036 2245.17090929261 3274.70274282111 3397.60106965801 4271.28203837838 7238.83877992882 6430.95122606325 1726.71848189869 6713.64642964896 7312.61147012276 5042.02217957967 4214.85568320084 4552.84213292646 6927.30372178411 2954.50862578015 3525.71475929201 6116.85610113667 6596.11343192918 3337.98238005315 3366.41481835952 7896.92120746972 8697.12216113172 4867.10495812404 6480.40669815817 7057.0749927964 5131.11132333262 4773.29782200259 7666.51693270784 7296.45083422343 6724.17904689467 8074.67593491628 4495.69467289499 7184.63237004495 8037.79950469279 8033.13659270855 4546.01664100084 6260.21174587463 3553.75173750522 8457.97410589463 1269.69445133361 10560.7583905897 1762.12972888723 6302.59888146498 1431.65244052703 2383.20749563667 9564.52515292647 7275.87206932515 3783.87993486486 4269.18252890203 5287.03840493124 10700.2930152198 5658.42511977929 3481.03974615644 7811.27237763972 6874.99549538811 5960.63091973508 5690.52219258324 4612.95767219035 2919.04433661941 467.532542976752 3277.71386106864 4440.83356857586 5362.45589895244 5069.4250108282 4181.8626808452 4193.58278099528 3659.62618890965 3314.12262086592
6934.41996145416 11941.9805238319 4200.18182685494 3884.23607062739 10908.4708560492 5668.47226239441 9372.27996231059 2655.56771735274 11437.7424316309 2706.11867240489 13634.7160563755 10163.5630639591 534.573854197423 782.257612592186 9910.08100741195 9946.43707595246 2742.90624926117 9988.63537821231 0.0 13724.501725168 8628.83617653685 2121.5764295176 7000.48295174098 6612.16836424813 7437.05527524512 8344.73481963995 8122.2914314761 10658.5383404449 2714.7136673482 4868.01251214243 9508.17623274126 12227.8332631464 10019.2136635939 9246.97646147184 6607.50567534872 2767.53206175266 7126.15125133171 8836.26914575065 3634.91505439461 9598.37787678563 14903.7193222424 7064.02515287074 5436.24291250376 8914.66953814856 9061.39462007885 7595.38392197843 7573.52303288847 6318.08322387274 13303.5387945786 8958.03739615939 5522.86253494075 11962.6778334458 12769.5136949064 10663.9392817019 12305.3555658844 5098.36905509114 5346.01794708229 8596.0377168403 3071.54631009022 3930.71452391774 6932.24947780429 6004.20734856585 5933.62543366359 3609.27715314164 11944.6559108701 10429.4965488069 8255.0525648382 6469.02902167477 6024.12266940066 8720.84005332815 1088.0828361956 9611.92526595035 3939.64295053243 11135.4978424801 11333.7119615403 3621.64190817113 4287.4021103817 13089.7662216735 8316.00070989131 11211.8035801716 712.492314585811 4894.96974854257 8063.88302822369 4212.91280395341 5790.77673783108 5740.61186929244 7636.26743987135 9100.58902016125 10174.202864421 10326.9610437521 6752.12724832969 6145.69162765233 9466.48391245234 7626.50138376048 9258.52598915024 10573.4108927476 6954.39043523935 6934.41996145416
6792.55748764602 2088.53183842091 10231.9709922593 12765.4296337491 4058.22518586622 9432.12564299304 4362.25748099184 11378.4958693938 9282.0573598413 13434.3606637295 2020.81613238948 7373.43366910082 14006.9139369032 12943.7582935053 9517.92142864518 3820.70580319807 11992.5202960067 4060.31893823091 13724.501725168 0.0 6519.12178144674 11618.7311832122 12248.2960900962 10559.4724752813 8240.69884539354 11054.9889152539 9900.64766656009 3216.80622244063 11550.1737114889 9944.40639786475 4478.77038824683 2167.81691894638 4339.15782666174 5066.20507358964 8330.1875537866 11049.6875056195 10368.0818938898 4888.24606712451 10672.8737168471 8205.9238629823 1335.01932819836 7025.1360876343 8360.73369622709 8169.18829426525 6677.02466306095 7544.51188392968 8094.44822259186 10609.5637383677 1439.86362998007 7077.86409112082 10498.5436721623 8485.93621457951 3054.59212186149 6714.3636361504 6274.66847996715 8653.47468660122 8379.6051570965 9060.05720557554 10812.95782391 10093.7762595117 10160.6213253121 8542.62656515932 9715.65697610914 12073.4397446518 7695.62380394944 4959.47668246749 7878.50129199343 7289.60384417029 10857.9451289382 5197.14730367148 14156.3597697355 4138.11117361323 9844.38799264437 2675.72952600649 2468.34351089094 12627.9213582264 10374.172450734 962.164656235962 6272.30737656006 5050.27593621516 14434.5001555675 9008.33148702737 5997.52600373395 10843.1131700317 9506.09176715252 10016.5074755431 7710.73094033739 5997.1952684399 3988.951159677 3939.61398044241 7230.01416272055 7701.24427536848 6381.05279748382 8977.55635228566 5564.69112888439 4529.51688938944 6855.04425324627 6792.55748764602
3227.77990906402 5699.20738494425 6748.96275996113 6565.13174280162 2635.64450154229 3237.75675125569 3216.54828918591 7078.90964133237 4521.36679989818 7490.61668621257 5581.71465604611 2263.37343383559 8732.20634294572 7926.74817847008 3809.91235585306 4120.22558842998 6243.40165090061 4892.46664494864 8628.83617653685 6519.12178144674 0.0 6603.65943429253 10577.2814020536 8886.18424158991 7136.99849241203 10356.2688648252 9257.4891055551 4789.96781959248 7402.88935508397 6954.59284920675 2369.46383262156 6203.31475543491 2195.39847779355 1597.16612067428 6444.75658454847 6551.18246304146 9035.23253285948 3260.26109844302 6884.46612746598 2487.94413589285 7854.13629840127 1946.77000634296 4670.9277030951 2036.04998944154 6963.1929504958 6463.81464239013 1583.39354942311 8747.0202784116 6896.68292783915 7275.4491224433 4125.63003631694 4402.0701462121 4453.01720580404 2353.52541703842 3815.08958587288 4028.72870085175 4084.8481443808 2796.32557156164 5576.31718998726 4704.40683415506 3641.52462596539 6078.74278097225 3350.39631142693 8595.05858931373 3981.76575089721 1902.60440627902 1427.43811937061 3976.19211945508 4378.39377166287 4329.85826551424 8693.03965466716 3199.35191499874 4874.31620098852 4880.45450786016 4202.03783302107 6496.91705316489 4497.65965348152 5612.70339855482 726.404242670636 2591.07841078162 9272.16669078183 3871.39890258415 1658.31727342024 4822.71018541063 3235.84020813864 7742.94817443664 1235.01431064429 552.406401489287 2586.39264987842 5345.09135227033 4717.31931806999 2980.21152651868 927.961267215688 8064.45261951639 954.466401237557 2187.39457789432 2648.52734450198 3227.77990906402
4826.18709798854 9870.36616899882 2744.81790013509 3414.55842857979 8808.1015486695 3871.47444269331 7260.89201265906 1400.6421843182 9791.94693807804 2868.6152815864 11514.7119765294 8294.98461726637 2393.30467860368 1357.64038232384 8326.91427314951 7859.68446035674 1756.29514025714 7949.22452143425 2121.5764295176 11618.7311832122 6603.65943429253 0.0 6561.72810614465 5661.29837885274 5883.14307513962 7514.96086168778 7015.4661992792 8585.92257049193 1733.44410026024 3470.75264548237 7387.14609850932 10175.6582540798 7906.35577968355 7138.72230899556 4956.84034220594 1052.4916020288 6129.27094347099 6731.94230917535 2252.39269391913 7823.31869052289 12812.184443492 4962.45081138827 3412.61056954878 7118.01832785641 7329.09430371523 5887.16101557579 5690.59298911036 5374.23684605414 11239.5411201974 7289.44316841231 4059.8381582452 10210.9982611414 10662.5541067128 8735.86702728877 10348.9767406935 2978.44234042893 3240.70775537283 6933.77902372677 1048.53534715915 1918.71027426716 5453.85501970334 4291.45672263868 4259.98312046079 3225.64001021215 10111.6669919265 8360.17859374974 6384.62939725432 4402.21856074693 4712.13103353708 6679.68939959222 2621.17376012205 7497.4712205839 1820.84910250636 9050.30986161663 9217.32990717941 3098.78606877151 2560.82143576868 10972.5020493561 6243.41174257704 9166.58815116391 2823.61075685297 2794.32644137625 5950.68437987079 2713.0321208209 4035.29250430444 4540.98558031085 5694.01729233214 7052.16526392538 8054.95800836591 8308.75459471339 4776.99326402524 4026.30049003534 7472.2326192424 6275.99866534091 7182.88068305379 8485.08050193943 4832.82116742951 4826.18709798854
7388.70263202966 10160.6815524889 4261.11047335917 9975.74075799835 11524.4236460714 9402.53785998267 8959.09135037464 5163.06998398573 14879.0633761656 9264.88047729095 13194.9309307981 12803.7968985885 7533.90038608531 6637.77209269836 13692.4496457667 8869.56535473321 8316.69775839128 8301.38798359954 7000.48295174098 12248.2960900962 10577.2814020536 6561.72810614465 0.0 1771.64014981689 4048.62316812562 1830.01510445456 2551.28575266441 9181.82146756247 4834.14991932332 3766.41475151504 9750.56691518565 10141.3960981709 10524.1037450561 10054.509606151 4298.82978536281 5619.61388350117 1880.23844816466 8424.0123778253 4499.69474865941 12730.5910646731 12970.4978191494 8658.19100289837 5969.66329146106 12049.5821428796 5607.1264405025 4794.6947258856 10567.7254994078 1845.93503513813 11174.8530527775 5230.71614752232 10116.9456103359 14946.2914810593 12939.9048507752 12915.0334882797 14174.7941400848 6919.66915808286 6680.85931052415 12261.4991868676 7107.0896361964 7543.11359656684 11310.6197199891 4516.48781716745 9966.62649520133 3448.13766079713 14558.7279844701 11593.0638608387 11177.3710768495 6615.93018715366 10858.8463724737 7488.50120457333 8083.87282947828 9222.80480332703 6850.41276459036 9729.020777988 10600.4663433969 9659.95380858304 8557.44490116912 12081.60479782 9902.96190418719 12506.3141445918 7402.29876673243 7468.27709452967 9081.99308325171 8945.61838901874 9622.46250644161 2835.95006565674 10331.2209058664 10747.229773689 10392.4956515515 8327.8076898651 5985.30047222009 7712.26863213998 11478.3177226374 3272.5327010253 10582.5620065747 11456.6569684468 7931.79560965005 7388.70263202966
5672.90249240089 8471.46558395652 3019.95375652789 9020.10814766909 9755.7671667962 7980.30502455894 7187.5595616355 4298.99118928972 13255.8051054185 8506.39791650158 11444.3774129053 11130.7289189756 7138.16020567131 6083.2187201823 12129.7409209393 7112.01774161974 7359.56488093759 6570.0541927083 6612.16836424813 10559.4724752813 8886.18424158991 5661.29837885274 1771.64014981689 0.0 2320.70763697424 1862.68291582531 1554.46247562308 7450.67001159188 4053.9218301226 2369.07794180672 7982.5094437851 8484.85656231322 8757.42022506308 8301.04160229337 2532.69685762623 4628.27404589781 520.160946437844 6652.6800991267 3423.17283283265 11107.8855568934 11339.3780546843 6992.46819450279 4367.93320272963 10441.6419403093 4004.87886018223 3047.32064336188 8984.76730457208 295.143728197599 9541.90524298946 3663.99656795166 8804.47731488193 13275.9567373425 11170.5715360272 11208.7535547468 12433.2968415512 5404.58855167856 5116.97744340932 10714.7813887331 5987.11592849524 6267.91242593724 9903.9210795078 2807.61998702334 8561.75425059104 3069.76091538523 12861.3417537061 9839.38826674692 9567.13313232774 4910.6799501265 9555.660676736 5721.90760670744 7641.89563656075 7451.51551043881 5541.81469618372 8001.16813887479 8844.84124605222 8708.14134697685 7295.28523279645 10353.9282727393 8198.25322533565 10751.0471429912 7146.25037328111 6014.59374631738 7355.61364846538 7740.6250799073 8203.1730773488 1264.16882271954 8720.65423063414 9030.00518070736 8621.81358195667 6623.52122913981 4238.48129917014 6092.28557039568 9774.97605786915 1677.72942068292 8847.70194195879 9694.35195946333 6237.97470212339 5672.90249240089
