CustNum 80 StaNum 16
0.0 5042.75252951281 3974.03686326636 2146.29023494261 7207.71595003041 5711.78609097662 5604.60301447436 4281.83180774668 6200.16522753427 4250.36444878675 7212.32343923438 3227.77990906402 4044.80935181771 2775.67159655498 5713.87488301458 7247.61430850904 3603.3558933804 3935.23467736254 7132.94609820968 5181.44042764917 5620.99747191087 4407.55391735549 3664.49102794546 7994.63030176557 2525.34558955225 6186.75257218634 3217.55415050305 7188.62157491765 2683.07667507907 2438.5660304295 3820.65254429178 6132.47203097707 4784.17253718498 1588.49306255022 4935.48637223904 6643.77219287893 5488.00036989277 4876.93912110308 3910.15932890932 2167.21014974527 7215.56658057247 9008.58397090136 5388.42148169241 7190.80516037877 5095.85670755837 5895.47039913907 4930.07109904954 6463.81912008388 3421.94852966743 2733.72538261715 3408.19736785059 6050.14273251358 4802.99909570295 5677.13877217242 5837.90952244492 3520.19752647815 6164.4526757075 780.536351548103 5573.66793557729 5432.79091602009 6792.55748764602 4411.26533248329 5672.90249240089 4131.83653421959 6019.82655185602 5447.73148092218 5813.23582638385 5549.31717134603 3166.46446487273 6284.90704145618 4360.94317982913 4764.47790148843 3882.20399819909 1874.33434919652 6254.81747343177 5986.5399557874 1998.36277420735 6862.12872125404 6858.47520352823 6691.04696305246 3063.75389488283 3306.02108852068 4877.0920438249 2170.53182154152 3273.39474384322 6015.61024562341 3480.7536302498 1698.63395745331 3359.18068251518 3581.03029391578 3785.1227714027 4862.06436145712 3740.75056467876 5344.76772660508 3305.48994043889 5300.6374763188 4569.58483756973 0.0
5042.75252951281 0.0 6096.48982866125 3630.67104749286 6844.29635540328 9683.20699864857 563.124471035811 7315.04159575144 10582.1086957759 8020.64639743688 11948.0123605205 8159.26903195858 5993.58057953082 7789.18310541409 9885.21847660991 10776.7942338126 6890.56171673691 4925.88568372231 3170.05000558097 7077.27203881502 6209.76966907321 8723.46016300861 8065.68931949498 11567.9183584104 7191.37257854695 10718.7762847515 2334.86025550636 11489.7808454306 7183.36501267546 6910.82903385812 7467.8054544889 10906.7680518138 7067.95276513136 4183.78932721583 2732.8509788705 11405.5180093414 10356.0989533093 5796.14933464139 1250.97891206789 2878.65349306265 5849.99416087576 8252.91838325079 3447.40774474455 12136.1210402258 8603.23869453369 10915.8578158541 9537.00295523748 7720.5441209696 5072.68271055723 7586.16761847813 8336.76046634841 2792.93636163194 1732.40212297184 1157.85302261077 7238.02803796229 7395.02322729083 10342.4789221682 4262.33840072301 10243.4454620602 9748.00431573732 10664.761945789 9349.74495653056 1323.2041330366 4475.93506465937 11026.1940868498 8696.10258988719 1902.04519273207 3004.22821813432 3053.53523781746 9288.59954313312 4219.68979301647 7638.02870812316 1779.878339222 4406.90054813549 7407.24870904744 11029.2095358864 4671.13112197031 4198.43246805213 7184.21607685073 5751.58864841398 7006.5077015413 3526.00015816389 9680.46191305415 7178.58447655543 2518.25727734664 10858.0732185934 4385.4169223937 6738.9592452152 8371.57891128595 1930.01392032927 7111.23537977481 2449.84068475201 6750.51208232662 5370.70691013187 7842.15240176299 9339.41960039149 662.693618888971 5042.75252951281
3974.03686326636 6096.48982866125 0.0 5450.25917087068 3686.21643659231 3978.09226163831 6510.15558628237 8239.43389132733 5172.25481879951 8055.53082898969 6921.34628420049 4497.65965348152 7958.43329668647 5444.26017454231 9186.74255377654 10965.1362659773 1381.36001601064 7628.72663918025 9129.93251224289 1237.16506061516 1973.06703092587 7905.84578387956 3297.17658835149 11661.1791859752 3362.13137430745 9280.4091303253 5724.756153827 5893.17294469033 6295.4270062803 6117.75661024518 7695.49302513584 8864.24453511966 8753.28080722418 2821.61090096921 4028.821313032 6496.49322120129 5877.06625197643 8654.46306288505 4926.28972676415 4409.29334766944 4305.0785339084 5417.4023440068 3867.48309437288 7659.19093896678 8930.08972951151 7824.09153964714 8073.84175168819 2491.02953101643 1027.40773870509 5909.2129856007 6234.6387512507 8366.5125483651 6947.79042454417 5953.09193118127 1866.33572589535 7350.06933548301 9594.89704647784 3984.34850657224 5324.41148937482 4383.08584252933 10374.172450734 6991.72906182083 7295.28523279645 7654.40553117799 7006.31953211242 9331.01064416487 5529.98576730809 8148.98372926451 3056.65016350256 10187.6545567321 7753.95917007977 1579.05476321366 4316.78708633043 2396.54374106202 2295.90959180392 7488.45954863004 5815.00112297978 9568.30376110096 3075.78793118115 3663.09169381435 6914.00426656581 6559.10401495156 7717.80206432931 5084.76962347753 3605.11880392482 6221.23372384723 1722.47093808809 4383.14175407248 5014.98310147705 5845.39889467509 1509.30950750352 7374.41329269037 7711.04717783438 2230.23164065873 3400.22167779165 8894.62923434041 6041.9338545389 3974.03686326636
2146.29023494261 3630.67104749286 5450.25917087068 0.0 8003.57316111547 7819.06542189286 4170.62685955384 3864.51283170167 8346.28538302377 4423.96664782501 9317.79906429955 5299.0470668367 2870.69606978505 4482.42361469987 6262.57367771262 7289.74827743404 5476.71682998318 2225.43577134104 5103.40835317366 6683.79437697813 6663.23947659989 5093.26713078617 5803.37922792758 8080.60760751585 4671.6217893886 7093.33415401394 1351.51529429839 9334.00177139318 3597.14973878699 3329.20937080145 3876.46920094646 7327.25346999397 3893.38632850238 2628.85454502912 4684.04087349023 8745.50543271423 7558.83281451149 3280.01314889492 2859.79252750685 1352.66988609354 7613.01895844758 9746.49705106743 5343.21909946889 9191.1161911125 5073.89371056295 7541.43991141421 5928.33442101496 7820.48892628395 4608.20222992048 4116.76143241847 4894.40346920361 3971.07813373522 2856.00802871404 4574.91743753809 7206.76287778716 3774.04716273613 6721.69122732676 1604.11670960141 7703.46480796147 7575.09691780931 7092.27033425407 5888.20729494751 3869.40978486472 2204.46775105009 7957.88692848759 5241.18511609126 4993.71924600755 3424.49461775928 3297.89691025763 5936.43755383521 2334.33537930845 6575.02486006728 3233.93857602899 3053.81596945621 7560.96860184343 7783.23016627693 1046.53335090294 4716.70002252337 7896.10876094948 7219.94380621998 3377.08707503005 1185.38748118141 6126.8808018425 3894.23072927339 3039.47103240967 8092.99191261255 4318.8426148551 3666.19536243448 5339.65867131357 1777.32830327466 5682.89002981787 2777.01873772957 3270.35983772119 6129.57805520062 5450.84122657939 5725.97059912094 3016.28870891471 2146.29023494261
7207.71595003041 6844.29635540328 3686.21643659231 8003.57316111547 0.0 6883.68362375535 6993.07577156641 11432.6883017218 8213.68944876683 11450.7504167333 10081.3485366981 8177.22834049172 10823.7187461835 9095.01851290744 12753.625097757 14430.984798979 4972.98288922189 10206.3884321454 9969.4323665966 3124.20144727639 1713.75812339539 11452.1652415324 6877.10557772935 15159.3087362867 7048.29305194268 12932.2755852776 7684.93078173847 8671.069719867 9775.93682416018 9566.96607356553 11028.1673449299 12546.1769694715 11763.2109551499 5696.33676296496 4112.03833482477 9752.59561959443 9353.00348295515 11263.0326163088 6133.83063934169 6684.49815958154 1463.34401157573 1801.11935995635 3408.71622817286 11040.9490157622 12302.8376591288 11488.3652867623 11707.8822009767 2277.04979957608 3816.06019388084 9499.99094639226 9886.12901159591 9605.57479495893 8323.02380925593 6080.90738855028 2438.49462926925 10723.4431405055 13178.0392029326 6928.25076102205 8665.19801874338 7554.37844891226 13908.2313131442 10671.8458728065 8163.46518692261 10052.7005658133 10554.0698073511 12651.4345657772 5315.09268976361 9665.43473475826 4740.91621665448 13479.0276712754 10018.2715520366 4458.28109410369 5412.86281573852 5344.63701509366 2098.61655138537 11109.9142115084 8694.26438313151 10988.9248001015 959.899111133841 1155.10576459224 10269.1239772228 8867.74080496305 11386.2947431393 8691.1766060455 5133.28277289651 9619.82326056023 3771.37891164963 7983.11550823047 8699.48082655408 7601.5596827441 5028.12032140379 8952.43937419157 10858.9720494174 1890.6005523636 7041.31723263761 12414.1795746455 7145.75565437937 7207.71595003041
5711.78609097662 9683.20699864857 3978.09226163831 7819.06542189286 6883.68362375535 0.0 10166.9439807394 9028.07765041792 1335.28319575018 8328.03484573553 3212.1251439979 3451.0495533481 9433.14604868577 5046.53322562413 8638.02614507463 10664.94331248 2822.11356937089 9582.38984521146 12447.0593287398 3821.55241784035 5435.65646932165 7630.06713963413 2118.62972242083 11184.2179255123 3302.24600247323 8165.35022483434 8632.95524525052 1915.39762890303 6606.87509486678 6585.57393530294 8211.48234179562 7379.04086535974 9860.12066573245 5629.42621514481 7962.86101802388 2950.47599096541 2979.39353875872 10432.1115842857 8439.21690089025 7310.40918814819 7941.6246262229 8224.32384245129 7845.01065400874 4326.49188189486 9150.2517399553 5721.62530651161 7259.64039021382 4711.63603063624 4836.73519785674 5811.47229519989 5613.43473378722 11496.2461999694 10120.2149070905 9758.29640369124 4445.28408810263 7806.46944475278 8916.3745607877 6234.9229155733 2079.11541251199 889.927158400813 9855.92124585514 5816.45290069959 10724.9818824073 9831.82986761399 4248.09715327677 9653.91089385156 9430.92487509193 11103.7094947302 6684.58944557793 10496.6444529621 10072.3311326662 2534.42294306899 7963.66707396513 5320.63871259892 4810.95945744129 5064.83142642841 7651.53361483659 12478.7108871182 5974.07785427191 7305.39835975071 7506.26802001265 8999.65355092285 6618.26151144274 5142.73039729132 7186.31711952933 3025.9786318815 5565.95744180476 4750.07562813983 3908.59793216209 8894.21082757945 2611.45934113669 10360.6683691221 8682.44635704067 6039.59352939561 2537.7946195308 8599.11326112702 9469.35892111869 5711.78609097662
5604.60301447436 563.124471035811 6510.15558628237 4170.62685955384 6993.07577156641 10166.9439807394 0.0 7804.52832333802 11090.8064633226 8539.92820196583 12480.3176487442 8711.67542383525 6447.57585335598 8352.29541393423 10413.7535680358 11263.5650628325 7361.61812021954 5355.08687096787 2978.69779563905 7443.98776235485 6485.56764042978 9263.44232842166 8587.74482813403 12053.4265533748 7732.39971981416 11263.1462644151 2854.22877979446 11989.1164138054 7736.21321163409 7464.04103408004 7986.37102530785 11462.0212632641 7516.80288464014 4714.48176858017 2920.49759607395 11940.7416518892 10901.0812401908 6181.17854302856 1774.42743344634 3441.39240475773 5909.45134362065 8316.00546329082 3585.61649578861 12686.0459109799 9103.99118379758 11478.9814475152 10087.0280341755 8014.33984647083 5494.17176877978 8147.10987250152 8898.80177865471 2821.89007850485 2011.76051349246 983.797954504654 7557.47604453035 7924.29517334011 10869.6787604665 4824.31472712697 10774.019124115 10255.4611903159 11173.3539180824 9911.64056458116 1268.37508356144 4877.63814174951 11582.5084646445 9181.12059211608 1805.28776798915 3160.41242056434 3500.03007433456 9752.4702246791 4593.19158262965 8067.67319543691 2213.21000209122 4920.68403129467 7699.18348603852 11590.8213762255 5206.00454201815 4222.36365991144 7399.33591703178 5872.16612234912 7541.90741778421 3991.68404661162 10237.9621512535 7741.69732136497 2981.89901699935 11400.4267942749 4789.27767042605 7300.14019070719 8929.51792051732 2438.22561978999 7580.67278124698 2715.19417851648 7247.82241271164 5625.63578247631 8373.11578578697 9863.52396842984 1160.61608169207 5604.60301447436
4281.83180774668 7315.04159575144 8239.43389132733 3864.51283170167 11432.6883017218 9028.07765041792 7804.52832333802 0.0 8977.74311963807 1190.67038537609 9183.23871554203 5635.71213896041 1557.23866927505 4073.92704154824 2964.09611899119 3461.92952271717 7661.07408351721 2685.07913935074 7663.82518655493 9422.8548599419 9889.66570516137 2369.88402735417 6950.29168346809 4253.45094423773 5834.01596584948 4157.44681603103 4995.54902477933 9932.24418422072 2436.46085017632 2442.954983066 906.228717393492 4834.06093830677 1009.20030016578 5736.35209084203 8513.56810181801 8641.29117368344 7408.84852754832 2555.49285442783 6709.85569392558 5146.31102207381 11273.4386998685 13226.7437418631 9135.78268393429 8474.90208154445 1338.86275235601 5957.88179159777 3426.10489580495 10729.8586622238 7692.44281121768 3295.93641758499 3790.42251053957 6496.03698360785 6030.43922540179 8360.35032474375 10105.7617064796 1284.93367013257 3358.25386591491 4510.62788067782 7982.56135337831 8430.54323358518 3425.13025897355 4340.30027812765 7140.47017004247 3268.06594008743 7157.94460299746 1385.15145567522 8840.73466168445 5770.10835529345 6968.05008120169 2091.21356784705 3675.4906067914 8827.16237512876 7093.84442964409 6097.57611420189 10529.7806390347 6556.78304187444 2888.72436315019 6408.97710178974 11132.1631199119 10809.0624795401 1521.9074857503 3826.17811537214 4031.15682620335 3885.88219182608 6819.72079184005 7904.34067545479 7663.79589367843 4337.98361305532 5297.50880726419 5386.31810553402 7802.17498100426 5552.61326239357 598.619312770037 9547.72738172447 6522.99489374026 2375.5887651437 6657.72974116383 4281.83180774668
6200.16522753427 10582.1086957759 5172.25481879951 8346.28538302377 8213.68944876683 1335.28319575018 11090.8064633226 8977.74311963807 0.0 8137.72056692916 1877.20245143842 3368.69312815116 9594.79245841803 4904.21243833063 8151.46636752767 10188.6436093121 3899.81561327499 9898.27908090214 13191.0868535413 5133.34866429168 6738.2855804146 7290.45868235383 2571.67518735332 10635.3877483963 3675.63170299589 7504.92516916045 9303.0893936111 996.207560287515 6545.91045523464 6580.08430014875 8110.09072029899 6626.01080502076 9882.13037174719 6427.31380256727 9069.19336292919 1655.94993207029 2032.78218157918 10659.9285026524 9331.13067129399 8030.7245957109 9245.69823514603 9557.33815164369 9012.89268933881 3055.58041662173 8902.86878665879 4836.50893136419 6752.56589171862 6046.64601890285 5946.31832800825 5683.7481233119 5314.68124802743 12178.3728648545 10844.7948184466 10762.8410473449 5775.32533922032 7708.32290075515 8373.67976330741 6826.23492271396 1132.02087478265 836.474156466234 9332.55859899639 5284.92904345827 11540.4713933496 10214.3425409695 3205.61638637197 9420.54505568619 10499.3755812043 11726.3934471356 7666.10626484195 10228.610116455 10495.1304592516 3821.56108316524 8919.56944564578 6175.41435822702 6145.40425108655 4098.72608919658 8017.99118269309 13059.9303357362 7308.03222354262 8605.80485999633 7473.23929973139 9499.71010379466 6050.15988036291 5154.57642459605 8135.97889769098 1896.00000593584 6660.12193629421 4931.68960645249 3682.94402793342 9604.5581877386 3712.77769804983 11010.7822081532 8709.59339075785 7304.32645029336 2896.60992593956 8201.09026470986 10305.8030717083 6200.16522753427
4250.36444878675 8020.64639743688 8055.53082898969 4423.96664782501 11450.7504167333 8328.03484573553 8539.92820196583 1190.67038537609 8137.72056692916 0.0 8180.56200134783 4880.45450786016 2663.27075213032 3283.2995793048 1914.04192427563 3006.31683603152 7297.83993960278 3719.63264943476 8686.27502226793 9179.80984107319 9833.9758973935 1183.32301801817 6321.72036132169 3770.83701223186 5290.2887917345 3014.55002733291 5687.31931037323 9061.97282774948 1810.81402371969 1946.5193804794 553.870034736114 3646.93860493438 2182.08745078745 5815.08900293172 8891.896057019 7655.19872170236 6446.63721334537 3727.32756889565 7270.78265208952 5572.98168670688 11443.6129010079 13251.8096744034 9456.16400999192 7388.68079849901 879.26119203768 4801.98770996866 2236.35129279514 10519.2043588488 7644.7060040961 2517.91459165559 2836.77720673274 7502.57908406048 6893.80410471263 8998.42964744042 9905.34462735878 731.782836024708 2353.13397516485 4669.59486422115 7092.76328185561 7660.40814181182 2675.72952600649 3237.26331336556 8001.16813887479 4300.01911708577 6083.81865533509 1339.5946189336 9398.43863417967 6785.41948444788 7233.25752088654 2203.79163963488 4713.82223868796 8436.24647944679 7558.11758390183 6124.43072799502 10347.573794394 5432.84912689534 3380.09943605296 7522.88747918634 11055.7212333537 10934.1311533623 1190.70347355102 4657.46386730247 2859.90447952995 3253.99777665059 7172.99000623627 6919.95462888205 7729.49170985436 3837.37415685874 4470.896035807 6101.82202247882 7411.53955211901 6486.73796987351 1456.63732381653 9594.55191177295 5900.4583826699 1336.75387180314 7379.8311548492 4250.36444878675
7212.32343923438 11948.0123605205 6921.34628420049 9317.79906429955 10081.3485366981 3212.1251439979 12480.3176487442 9183.23871554203 1877.20245143842 8180.56200134783 0.0 4025.83498687937 10066.6012562853 5247.01686942625 7752.89010812841 9735.05663367712 5585.29665185856 10562.9100929864 14339.6611352893 6985.20624262692 8577.05433858044 7158.19750740176 3922.68483104082 10058.8481633021 4777.61141872025 6858.32019201118 10420.3623209446 1835.23342295756 6856.07207931303 6962.61323318934 8279.61624023352 5870.00501163614 10157.3983667461 7765.91131967886 10687.1613466163 574.843093819827 1816.60611164194 11190.7170953616 10706.0144870524 9236.65013937176 11081.4051995888 11434.100639041 10698.7059668073 1433.64444929291 8832.06190111902 3980.19091086561 6395.78046895276 7923.73580928222 7606.65151741264 5968.47950241007 5392.98729931214 13261.8009958353 11999.2622235541 12250.1274961987 7644.24863170497 7901.15872550639 7878.06565938433 7925.57846881777 1708.73949115918 2556.74757034317 8832.29731661717 5009.13158969632 12795.3967826796 10956.4441689594 2263.84277862 9351.5818205336 12062.7003077895 12742.1940394703 9167.25738740309 10084.2350655448 11282.1004149173 5659.97019793668 10372.8321876455 7581.08179208364 8019.86536367417 3167.28176383308 8805.10492870703 14004.9694610901 9181.49896652148 10438.3316040699 7767.39373845953 10406.5738632249 5645.36569177913 5673.43460678581 9594.69994438447 1290.27495373037 8293.78697962925 5681.52038791924 4094.62618857931 10763.388816436 5422.34304488973 12071.7554462398 9031.09172064912 9102.43536356301 4107.33905615006 7935.9165464769 11601.9191446688 7212.32343923438
3227.77990906402 8159.26903195858 4497.65965348152 5299.0470668367 8177.22834049172 3451.0495533481 8711.67542383525 5635.71213896041 3368.69312815116 4880.45450786016 4025.83498687937 0.0 6233.82998320117 1597.16612067428 5288.15023032617 7284.27082622207 3237.75675125569 6601.74294342563 10356.2688648252 5248.50909789372 6467.91115323079 4202.03783302107 1583.39354942311 7854.13629840127 1186.96311241885 5031.53484609487 6444.75658454847 4348.57359800761 3199.35191499874 3216.54828918591 4789.96781959248 4453.01720580404 6520.35665904731 4084.8481443808 7402.88935508397 3451.71810204367 2263.37343383559 7314.52145580433 6954.59284920675 5338.21248033299 8732.20634294572 9869.66284828243 7618.17191569169 3981.76575089721 5699.20738494425 3340.35117837032 3962.63032022843 6565.13174280162 4704.40683415506 2369.46383262156 2195.39847779355 9257.4891055551 8030.59777361224 8630.74920730814 6036.7425528315 4384.99393075205 5612.70339855482 3976.19211945508 2487.94413589285 2796.32557156164 6519.12178144674 2635.64450154229 8886.18424158991 6963.1929504958 2895.01606785392 6203.31475543491 8595.05858931373 8722.88895695943 5687.7179692647 7045.74461379247 7275.4491224433 4125.63003631694 6748.96275996113 4028.72870085175 6496.91705316489 3111.69150242778 4790.9011478689 9979.1401022563 7490.61668621257 8105.27376054972 4120.22558842998 6380.76616075162 3428.78176138922 1785.91747154302 6011.26732164865 2795.19413492005 5221.51472560383 1658.31727342024 552.406401489287 6807.5163908653 3235.84020813864 8064.45261951639 5345.09135227033 6640.59594923816 1235.01431064429 5189.70530711837 7742.94817443664 3227.77990906402
4044.80935181771 5993.58057953082 7958.43329668647 2870.69606978505 10823.7187461835 9433.14604868577 6447.57585335598 1557.23866927505 9594.79245841803 2663.27075213032 10066.6012562853 6233.82998320117 0.0 4821.35230843247 4514.40043842636 4880.2493466081 7637.09088551309 1152.72898518865 6111.98230596665 9186.89506020383 9400.62150455359 3780.37709840237 7314.6302227113 5658.59784882713 6135.39095912967 5676.06382231643 3749.19038190504 10580.6353700157 3229.89630916301 3104.40161768027 2203.63413671125 6280.54434053411 1077.06020710511 5226.70797799414 7525.9029925556 9503.40764894489 8254.00778057079 1149.56809042376 5556.18807490537 4223.26039396975 10482.2087703592 12586.1178409783 8202.94256734149 9527.33016463047 2881.94261577047 7202.80875212137 4832.01110452131 10423.8866397265 7253.2224410094 4107.21646691027 4768.22605267001 4950.83063265695 4580.54057559163 7091.35858686148 9798.60019345405 2428.87484029877 4914.63532591998 3995.0082021977 8698.40753054789 8952.94954802325 4950.60468509353 5509.7563939 5681.34523100868 1727.04759020594 8205.18584084206 2819.05284329504 7648.08463403377 4223.31997272422 6159.88041546484 3308.90067861509 2127.65759877455 8803.96014117782 6040.98864731955 5633.62855825572 10190.4611126941 7716.01443070028 2158.9336443923 4864.09323276285 10646.3204320639 10078.8349541896 2375.11739950487 2469.24903347149 5351.39978254521 4455.21519841519 5908.54711336647 8776.40397243017 7080.73944751399 4696.63020139827 6011.54404305915 4097.93699711491 7809.98517480531 4052.22119757437 1231.3631878298 8937.0145839654 6896.5890361614 3924.6063867921 5330.8900259027 4044.80935181771
2775.67159655498 7789.18310541409 5444.26017454231 4482.42361469987 9095.01851290744 5046.53322562413 8352.29541393423 4073.92704154824 4904.21243833063 3283.2995793048 5247.01686942625 1597.16612067428 4821.35230843247 0.0 3840.46899293819 5778.28793224584 4388.9713910915 5351.64315869466 9575.28898189409 6395.70387809809 7389.36960820512 2661.62897061714 3086.83625925102 6393.81908507291 2207.75253643835 3838.3422659891 5773.86613644619 5859.68417484924 1649.42434221509 1721.72642886063 3208.90472693975 3523.84069588535 4993.21930081689 4133.66945938047 7587.60121708554 4682.35134308146 3432.88634859978 5943.80941977826 6682.79935879475 4913.11518733483 9433.44236745019 10855.3090027048 7945.88407716787 4822.00902525746 4105.73453275092 3127.01942458919 2634.19100298138 7746.68560700933 5367.92557946024 780.480115950782 791.278184238208 8420.52069681848 7332.23242690653 8452.81017254847 7171.24657152035 2805.70148612926 4211.68248257303 3544.39457773063 3920.49070560204 4383.70180224374 5066.20507358964 1686.14382289333 8301.04160229337 5785.11148219281 3532.58073671732 4607.48800121114 8570.03976377415 7815.24853582818 5804.92336502971 5453.19474471771 6138.66852184093 5433.62263866164 6645.15996971379 4241.40578556716 7631.59167491829 3301.36208748902 3737.25611105699 8963.37010260727 8518.41540255017 8840.30696570354 2578.55489216162 5412.07459021758 2307.06550825696 610.599434980152 5996.8456077842 3957.42258463126 5718.41899931813 1198.42157585022 1224.49405607143 6178.59511293925 4449.79279610374 7234.7821584292 3832.07307824243 7389.76080052944 2680.15648128359 3666.99503735812 7278.89118637434 2775.67159655498
5713.87488301458 9885.21847660991 9186.74255377654 6262.57367771262 12753.625097757 8638.02614507463 10413.7535680358 2964.09611899119 8151.46636752767 1914.04192427563 7752.89010812841 5288.15023032617 4514.40043842636 3840.46899293819 0.0 2038.02373884304 8216.43867019392 5610.92656273626 10589.0141905671 10205.023574997 11077.7757684811 1310.49912918108 6862.83677130832 2566.32891311511 6047.50750935992 1296.9850186384 7559.90447231437 8970.17521076506 3031.65670254591 3277.15910600036 2459.79301066461 2222.44923212455 3820.91206981918 7300.93175344607 10561.4827729381 7299.25079721789 6222.74634436654 5499.72872630501 9073.45514813745 7323.91326968411 12905.8101436649 14542.4484429902 11074.4468082832 6694.71559578548 1741.23131330741 3896.89662547626 1398.96864649459 11558.7662529569 8946.375089799 3278.60262686884 3107.80117359598 9408.65019346424 8803.49679519914 10828.8150461277 10970.3374306968 2490.20317520215 462.041498176354 6267.93920041407 7030.79273766425 7851.94735188056 1231.65940718223 2866.55859778244 9909.22452402812 6194.14029751621 5503.6765010315 2101.74358117643 11183.3689810094 8688.72175976962 8839.69432758683 2534.43554720077 6606.75553891536 9274.07412173641 9301.82978197739 7550.73462144878 11427.4351339454 4670.7949978456 5216.98268887787 9373.02565939893 12254.9357736325 12357.1533828402 2893.15373444612 6567.17679233311 2123.84996390274 4106.47266937096 8847.18079603892 6603.37858756352 9147.10085642948 4803.86088016496 4768.23593803673 7979.46713282551 8286.02660230005 8400.66976921404 3352.14280683779 10955.8095361614 6479.25168045744 589.973161482951 9253.25808069152 5713.87488301458
7247.61430850904 10776.7942338126 10965.1362659773 7289.74827743404 14430.984798979 10664.94331248 11263.5650628325 3461.92952271717 10188.6436093121 3006.31683603152 9735.05663367712 7284.27082622207 4880.2493466081 5778.28793224584 2038.02373884304 0.0 10091.4082838617 6030.02061999082 10900.1188927132 12041.9033994856 12793.5569264687 3121.69767616883 8845.24148946262 792.176458150235 7964.04994235027 2940.11220718461 8456.43320670044 11000.1277960372 4672.88704548011 4867.69514872855 3493.23595518354 3971.1448084288 3884.02915711615 8819.27083431953 11864.9040760807 9299.98925522186 8249.27519373175 5556.66413322361 10148.0672934113 8516.848105325 14449.4459447437 16230.8532359315 12446.5134373632 8609.84365670052 2226.08983575262 5804.18329263971 3436.28801991707 13392.8265557499 10617.0234208377 5133.63394689338 5089.73451725929 9776.19670846079 9453.74395415551 11819.0442244741 12790.0405910923 3737.60476849024 1857.10644495333 7673.94067994476 9066.56865547389 9886.50752480637 916.652716873857 4904.07721642236 10558.5693093395 6592.00668756109 7473.71725032806 2082.67872507611 12281.948939268 9049.60932373944 10230.8952720198 1689.58431966348 6975.48352798791 11185.2433497981 10492.4396023137 9121.59683982389 13240.7504031496 6604.23615181281 6273.27290416076 9442.85107475991 14001.8819893154 13936.7885859356 4196.60768293875 7277.35642443305 4148.94561653821 5956.64192000779 10150.0379536827 8615.76493108935 10728.3671666506 6623.698276093 6777.24348391045 8848.24651454622 10178.7495068866 8931.069946122 4035.68367513522 12586.0471475001 8450.18399729782 2112.62812262718 10118.9841889666 7247.61430850904
3603.3558933804 6890.56171673691 1381.36001601064 5476.71682998318 4972.98288922189 2822.11356937089 7361.61812021954 7661.07408351721 3899.81561327499 7297.83993960278 5585.29665185856 3237.75675125569 7637.09088551309 4388.9713910915 8216.43867019392 10091.4082838617 0.0 7507.86749641081 9749.99080741806 2023.10756894453 3283.59999325391 6980.11769426218 1924.45639935555 10747.5079834683 2195.65477607207 8174.73314968897 6060.29183788838 4702.38283305357 5491.1287915031 5357.48496588819 7008.05278143797 7675.03358529299 8303.56420747424 2994.39540487333 5172.38088290255 5141.06591941076 4495.71710377053 8475.07332858937 5656.38065790219 4710.22318954088 5681.11869350663 6636.45551163849 5122.77291092363 6280.97498116354 8176.41484548826 6518.67119680415 7013.10908407362 3364.29065575894 2046.5279601282 4961.20814304176 5162.00276520104 8866.07911602676 7461.25246888171 6936.19974473315 2809.29128352504 6632.30970267614 8598.54758918809 3883.96269395218 3958.74487533226 3082.48862433654 9432.12564299304 5822.42088103786 7980.30502455894 7638.50942189352 5632.90653656621 8618.23733952172 6620.34980134738 8544.32729463519 3868.61813812995 9485.63798973482 7808.13259404943 1171.76437474681 5152.10042007709 2625.74640920635 3271.00155939176 6142.86213761339 5590.06399672421 9951.14109874701 4254.83667159339 5037.26645454979 6228.0748208212 6651.9359391531 6583.74921109931 4135.10889498516 4380.02078116884 4843.5955632817 2764.04975879239 3476.93667898525 3777.64011948772 6268.40939681713 223.138058024951 7779.84377853543 7186.02187121935 3611.53496376257 2069.01759617429 7986.9257832375 6717.23791451571 3603.3558933804
3935.23467736254 4925.88568372231 7628.72663918025 2225.43577134104 10206.3884321454 9582.38984521146 5355.08687096787 2685.07913935074 9898.27908090214 3719.63264943476 10562.9100929864 6601.74294342563 1152.72898518865 5351.64315869466 5610.92656273626 6030.02061999082 7507.86749641081 0.0 4982.43031466915 8865.78255183623 8888.4899148912 4768.84061987792 7480.53070939514 6805.77561132423 6295.53954414237 6726.37132299108 2781.33677121777 10893.8506804551 3902.36155706111 3715.26858099184 3212.9035003725 7258.42561115024 2179.64152284577 4815.75296227621 6674.83237540964 9990.80349254258 8748.12524835561 1057.34772977738 4614.36915635653 3522.2323532377 9738.10339550086 11931.0345598405 7382.51607225356 10158.6626046473 4020.95081404524 8009.98825483185 5795.57934114592 10032.0496692436 6821.63209277506 4719.76709960482 5450.71013311456 3811.10668900873 3446.67884963019 6048.92720664425 9414.74057157016 3356.91952722008 6025.0189848929 3664.37036614203 9089.62461036048 9197.23073209526 6098.02889181187 6294.15664793619 4540.37055623604 584.042910711128 8849.47852024405 3971.78156521678 6651.38602236259 3085.7966041657 5473.6717009069 4438.20325171705 995.82899291996 8648.1627127202 5166.73504664036 5239.26284059711 9777.25169466937 8451.30410844672 1941.18275776501 3839.91554300319 10120.0701762124 9382.18363622629 3183.36508176034 1460.2412474029 6244.0709345159 4889.52535255135 5148.23099218642 9281.70615672727 6543.83927176172 4971.84610761419 6468.41950796012 3082.48804969703 7699.87255605969 2901.05725240351 2263.57353977058 8342.14791251413 7081.7274770208 5021.70275709624 4265.81834851616 3935.23467736254
7132.94609820968 3170.05000558097 9129.93251224289 5103.40835317366 9969.4323665966 12447.0593287398 2978.69779563905 7663.82518655493 13191.0868535413 8686.27502226793 14339.6611352893 10356.2688648252 6111.98230596665 9575.28898189409 10589.0141905671 10900.1188927132 9749.99080741806 4982.43031466915 0.0 10180.2679235995 9378.05073717329 9674.12926532377 10620.6960937762 11648.2643101578 9588.78334663841 11669.7941936643 3919.30853685145 14148.2377246869 8495.03769044873 8250.16736879433 8161.40028241132 12115.4560191399 7023.93083177626 6817.64116771231 5877.09530338063 13773.4376453318 12619.0507203231 5349.87314050415 4213.40646926107 5160.99038913181 8877.07186400054 11280.6823084364 6560.78896757126 14286.9216180472 8993.92252060116 12580.5678140959 10656.7523849254 10882.2088289965 8103.80831891631 9146.36547772693 9926.91946168128 1192.41271877222 2347.98778211995 3927.23745361518 10386.5316092116 8248.14937630351 11006.7822915607 6415.85001341424 12679.2256076594 12377.0668760655 11054.9889152539 10888.0417727641 1862.68291582531 4398.38802845353 13061.0723957003 8899.71110597139 4740.15039882587 1900.85572798047 6080.61965448001 9236.49051608184 3988.63425378494 10618.2920576135 4880.02687534398 7140.27549933742 10569.9892014315 12869.8895757295 5889.31210615112 1798.35398481918 10347.9756224463 8850.84959187219 7985.38104160886 4224.21958583982 11003.8430281033 8994.3254276749 5530.88588952691 13148.0667816637 7458.9237638198 8753.50262211252 10433.6517359384 3589.37612073497 9973.1008746393 2343.74773238794 7236.9900058126 8540.69197024107 10325.7901264665 10000.7817144785 3089.90067811565 7132.94609820968
5181.44042764917 7077.27203881502 1237.16506061516 6683.79437697813 3124.20144727639 3821.55241784035 7443.98776235485 9422.8548599419 5133.34866429168 9179.80984107319 6985.20624262692 5248.50909789372 9186.89506020383 6395.70387809809 10205.023574997 12041.9033994856 2023.10756894453 8865.78255183623 10180.2679235995 0.0 1619.54272248927 8948.78962693625 3826.31337440541 12716.920779843 4215.98626443167 10195.9659255625 6909.32877112557 5681.96978739326 7393.98911017514 7233.91858489592 8844.71778753484 9694.6704388978 9965.53458418995 4056.26178563116 4741.48617195219 6637.78238110906 6237.26274886975 9891.46684923019 5968.00461639397 5613.56940572518 4121.00956863793 4674.22717755124 4402.58300927026 7916.98802152631 10058.1114463934 8482.47837613888 9026.30424837484 1353.81175941571 2151.09633277603 6932.96318445004 7174.93721203154 9477.69226559309 8064.08414755539 6786.47610617744 788.234449755485 8487.48566102627 10596.4627056425 5220.08442439775 5541.20139912085 4442.08520003971 11411.7067190535 7845.16433207542 8326.25767569731 8887.19231646377 7453.59762461822 10475.3640406379 6258.34303840764 9299.9061258478 4111.35803962315 11337.4138337581 8980.24880198197 1335.28833967037 5309.99205434356 3631.22643698383 1248.9806585493 8049.96312320435 7048.07336193856 10716.6118795206 2298.18474360951 3487.66913765592 8061.11724355761 7783.78601767805 8606.49984442977 6103.4472260177 4658.29579569462 6495.89775560388 2725.45728545613 5420.52873595721 5793.14201376878 7004.25465486951 2013.59113084894 8526.6869967261 8906.09330392342 2320.74717535601 4047.61425222611 9949.84160019283 7093.78858570368 5181.44042764917
5620.99747191087 6209.76966907321 1973.06703092587 6663.23947659989 1713.75812339539 5435.65646932165 6485.56764042978 9889.66570516137 6738.2855804146 9833.9758973935 8577.05433858044 6467.91115323079 9400.62150455359 7389.36960820512 11077.7757684811 12793.5569264687 3283.59999325391 8888.4899148912 9378.05073717329 1619.54272248927 0.0 9782.11902075701 5201.99188788566 13510.5639870575 5334.81518966275 11227.6301446457 6564.77079402879 7301.51250976891 8125.0943687247 7925.9841536593 9432.62659856424 10832.8574706606 10290.7964322834 4186.47275545566 3601.7185734448 8209.0676359561 7723.78592950096 9943.0551010161 5263.80229977028 5412.57118992816 2507.45565675261 3469.71434264449 3095.78033147855 9453.68781504175 10696.3239540582 9786.66547793316 10008.5775703675 1543.03830927684 2199.16319757679 7812.72309577402 8180.647318357 8830.82747482801 7461.40152622554 5700.94930063225 1222.96935708395 9112.36550800183 11496.8024124929 5429.76226470368 7083.29678469337 6023.7929453654 12245.1171651048 8958.8351159396 7519.12029263543 8803.33445436405 8899.81548779845 11065.1434978368 5061.04311045633 8772.32613632172 3576.08213545674 11905.6988503562 8821.73207419803 2918.38850252065 4547.04876177637 3800.1920566732 1227.96796558017 9426.42871805187 7245.68492794341 10157.7131191867 1247.54874134835 1869.77635801194 8662.90239131888 7636.28791405734 9676.31412011491 6998.03831842475 4064.90775599184 8021.00539791591 2344.95629148776 6290.72224221585 6987.66615533225 6561.09101384113 3356.17111061069 8019.41460232283 9330.04030440818 885.728231785283 5346.0332320201 10754.7128029741 6364.95864274847 5620.99747191087
4407.55391735549 8723.46016300861 7905.84578387956 5093.26713078617 11452.1652415324 7630.06713963413 9263.44232842166 2369.88402735417 7290.45868235383 1183.32301801817 7158.19750740176 4202.03783302107 3780.37709840237 2661.62897061714 1310.49912918108 3121.69767616883 6980.11769426218 4768.84061987792 9674.12926532377 8948.78962693625 9782.11902075701 0.0 5741.96127287764 3768.89212875984 4842.4882636516 2018.07512743365 6421.69039903738 8173.53411716402 1724.49717381378 1975.88944898462 1576.79822367432 2500.59709438258 3365.41032637243 5993.27497606013 9277.74497361078 6653.99260349283 5483.68780667562 4879.23518596304 7854.69497031102 6081.90706856544 11595.3144459926 13243.5004823969 9778.25795503546 6283.72868360577 1675.19755026362 3636.89863641792 1059.01124834843 10302.1303618901 7641.69043834193 2019.03433563521 2016.63596032414 8482.87732990549 7752.76378120827 9626.59608825393 9706.75267034739 1426.07259947897 1756.99907193516 4979.0953094459 6203.24178985544 6895.67100154816 2468.34351089094 2153.71847026934 8844.84124605222 5336.62890695853 4998.3841979076 2193.56984883466 9946.61251548956 7779.17890872321 7544.51450618691 2950.28770964225 5749.09533255814 8065.28506912158 8047.9699655375 6240.37673195561 10161.4611950234 4297.4830674435 4060.2596304111 8603.97365970487 10967.3267716642 11047.1081243962 1733.55757583918 5533.1867610016 1686.12038626331 2847.13113724985 7568.35120753536 5926.86416732227 7836.66621017999 3530.71288995769 3721.47622903192 6846.54786765517 7062.15813136477 7412.45766694638 2549.5682660299 9648.15524063511 5340.13018810469 1009.41110922862 8106.81042756169 4407.55391735549
3664.49102794546 8065.68931949498 3297.17658835149 5803.37922792758 6877.10557772935 2118.62972242083 8587.74482813403 6950.29168346809 2571.67518735332 6321.72036132169 3922.68483104082 1583.39354942311 7314.6302227113 3086.83625925102 6862.83677130832 8845.24148946262 1924.45639935555 7480.53070939514 10620.6960937762 3826.31337440541 5201.99188788566 5741.96127287764 0.0 9429.11166203958 1186.81547831199 6605.14219725066 6731.88494849427 3543.13070312783 4554.65345462198 4509.75704385971 6159.9955912661 5981.15724465434 7758.29060091781 3887.00366401683 6793.66432954103 3413.32382167265 2604.94922089668 8316.57135176774 6817.05447389696 5461.5249946578 7602.03061922803 8497.71608818186 6862.02195275394 4423.57697119976 7169.42379691764 4659.31312964003 5545.75461649134 5092.98677314691 3783.91147233588 3813.0349274842 3758.67007173024 9607.43792483346 8273.85582776682 8329.29821976284 4606.48333966989 5757.31580970032 7193.93272159191 4261.19591481697 2218.20405864904 1774.27992641315 8094.44822259186 4204.31556444206 8984.76730457208 7750.04798676818 3709.50656416679 7659.29562726178 8144.78727103529 9162.57492539329 5244.59999445266 8516.11392131931 8006.70833862541 2607.94650833622 6456.064668601 3670.91505407819 5058.46740836924 4233.98268305309 5559.30955397404 10507.0326022914 6115.861341906 6959.24492923646 5432.20088003832 6970.37677810702 5004.11097337878 3082.84763497993 5675.85736209188 3001.94662586577 4430.06783588528 2638.8820406528 2127.03893689529 7033.31361379016 1849.17227305158 8442.208893479 6582.9600019234 5523.78112084469 427.32006563587 6740.88660733334 7760.07015444986 3664.49102794546
7994.63030176557 11567.9183584104 11661.1791859752 8080.60760751585 15159.3087362867 11184.2179255123 12053.4265533748 4253.45094423773 10635.3877483963 3770.83701223186 10058.8481633021 7854.13629840127 5658.59784882713 6393.81908507291 2566.32891311511 792.176458150235 10747.5079834683 6805.77561132423 11648.2643101578 12716.920779843 13510.5639870575 3768.89212875984 9429.11166203958 0.0 8595.79123075076 3200.54472248287 9248.36117367598 11409.6846070971 5385.79831790649 5592.66278971842 4270.36703435986 4204.78751996868 4647.55546635819 9572.57542927754 12646.5288461536 9652.74542202732 8657.64317353989 6299.08617999368 10939.3234443186 9302.62411159232 15204.9643431166 16957.4731367515 13222.66564467 8866.81789001369 3012.48636907876 6086.33093791221 3924.63971123484 14069.965771906 11343.3874320292 5787.49363927262 5672.8069785024 10533.8016892811 10236.0762796325 12611.1924522005 13472.6248272556 4499.39288353204 2269.77667391366 8440.19064070176 9505.8195119364 10382.1563719167 1335.01932819836 5376.84761159161 11339.3780546843 7363.53193981488 7796.4888878066 2872.39271826016 13073.2785438569 9808.55481476848 11003.0677168129 2412.6562924966 7742.77064824323 11822.841078722 11279.9993894944 9866.55222687949 13926.1486897525 6897.76644604096 7062.10458780547 10161.8022692521 14710.7062657437 14685.6711860835 4957.64996394803 8065.80470288963 4589.73417409137 6616.00033870797 10930.292991498 8991.64057409974 11473.8604175973 7297.0487190251 7331.84567893312 9639.66356784609 10825.9248504913 9706.04160217793 4827.86001388626 13323.7619243115 9044.39951594801 2768.0868374264 10909.7896488291 7994.63030176557
