CustNum 90 StaNum 18
0.0 7207.71595003041 5549.31717134603 6816.38805872795 6934.41996145416 7212.32343923438 5677.13877217242 4826.18709798854 4935.48637223904 3063.75389488283 4048.25016302171 3028.43340525789 5392.07067063899 5535.99002513219 4131.83653421959 6858.47520352823 2775.67159655498 5432.79091602009 3217.55415050305 5711.78609097662 3910.15932890932 2406.67937560857 6439.14495817001 4915.651258966 6019.82655185602 5059.93357337835 2121.56844490852 3820.65254429178 9008.58397090136 7381.75515337995 796.328913486662 6187.25070769429 3068.88767862987 4360.94317982913 1462.90754141659 5447.73148092218 3413.52508881659 4179.22879124342 6164.4526757075 7360.65457462631 2146.29023494261 3594.54449066281 7388.70263202966 1588.49306255022 1998.36277420735 2683.07667507907 3166.46446487273 4802.99909570295 5196.39740276289 4077.38564727302 3333.16201644405 5604.60301447436 5837.90952244492 3326.47220312085 6050.14273251358 1906.92030942523 4964.38875132005 6132.47203097707 3733.63615340927 2147.88814376527 5181.44042764917 780.536351548103 6200.16522753427 6792.55748764602 5153.87819456267 2525.34558955225 4134.76979000783 4703.23482532401 5986.5399557874 7188.62157491765 5672.90249240089 5251.0222561903 6788.88437243743 4764.47790148843 3408.19736785059 4281.83180774668 1597.27400224053 5620.99747191087 6803.13057950672 4054.40037517112 1745.64095571257 6691.04696305246 3256.05372415947 6743.23509539715 4527.15434158156 4216.07107929645 7132.94609820968 4308.89467423326 3477.90979876784 7643.37787663319 3520.19752647815 2346.52137145167 2598.5640311066 3581.03029391578 4228.33242553 2170.53182154152 797.33227384993 3740.75056467876 5300.6374763188 1498.75554746141 4516.85083721234 4569.58483756973 1159.43457646915 3476.7951266026 3359.18068251518 4103.4787959502 4135.17035118091 1698.63395745331 3273.39474384322 0.0
7207.71595003041 0.0 9665.43473475826 13539.2895271359 1905.56898654723 10081.3485366981 6080.90738855028 2729.16397078593 4112.03833482477 10269.1239772228 10065.895625046 5669.41084420815 12517.592832734 9944.33331355784 10052.7005658133 959.899111133841 9095.01851290744 7554.37844891226 7684.93078173847 6883.68362375535 6133.83063934169 9068.34420564301 6989.49574869384 10382.8930082081 10554.0698073511 6004.71076813202 9211.56510730351 11028.1673449299 1801.11935995635 954.864511295812 8003.02490337916 7629.10638643162 4166.78102455163 10018.2715520366 6941.91917644278 12651.4345657772 10485.8043476918 4877.7906597213 13178.0392029326 9792.01478712064 8003.57316111547 8859.02194034502 8759.45953558196 5696.33676296496 8694.26438313151 9775.93682416018 4740.91621665448 8323.02380925593 10751.5375999216 8041.22138148038 5864.73961580986 6993.07577156641 2438.49462926925 8615.22364339949 9605.57479495893 9088.81557562764 8032.70463405303 12546.1769694715 10748.8928086278 5244.93097385845 3124.20144727639 6928.25076102205 8213.68944876683 13908.2313131442 2452.67444301472 7048.29305194268 5056.33796243046 3904.77119590916 11109.9142115084 8671.069719867 8163.46518692261 5773.69754680843 13727.670979086 4458.28109410369 9886.12901159591 11432.6883017218 8618.05130829788 1713.75812339539 11609.2979487419 3173.33915397683 6031.61681454182 1155.10576459224 6346.14410420018 12483.3725648312 6724.33699044943 8622.35292450505 9969.4323665966 3741.83843750013 10574.5910153549 1957.38497625831 10723.4431405055 4904.72145090559 9804.95530049735 7601.5596827441 10282.0648423025 8691.1766060455 7218.38363979354 10858.9720494174 12414.1795746455 7416.59332514478 3375.64924314114 7145.75565437937 6209.96899220806 4642.25816755561 8699.48082655408 8913.43382313319 8448.49632128917 7983.11550823047 5133.28277289651 7207.71595003041
5549.31717134603 9665.43473475826 0.0 10309.4735935435 8283.77716576152 12742.1940394703 4106.52262827482 7009.40974618112 5601.55844901259 6101.05080410638 8973.78784028079 8237.4922285331 6206.23669071087 10926.0469293949 2502.16191649917 9873.33989811755 7815.24853582818 10936.190928703 2485.29236406773 11103.7094947302 3540.19908989075 7267.74086063205 3834.56830327279 1828.06297874893 11333.7659670956 10316.6093107892 4870.3807971062 6261.07081259403 11176.8069633564 9257.3052313314 5457.50786829998 2975.13754876767 6424.98299687489 2095.83972947497 6999.25238749214 7026.2876377195 7091.99785540722 4788.29239617408 9107.79509402415 2332.94932685028 3424.49461775928 8970.33408733395 3229.4145450643 5550.11292525773 4085.79431082978 6647.56662810331 5237.03832085283 1344.05430178157 10192.4121351273 1753.02335750639 3927.67721690757 3160.41242056434 9634.90768230015 2265.61437495709 728.214952147222 5959.66440383827 10512.0398867488 10230.9853320012 4876.10077500948 6823.30268840368 9299.9061258478 4901.40403154604 11726.3934471356 9172.7410059072 8786.32834799098 8064.90263834674 9135.98041620196 5765.10159608992 11087.9375595489 12705.4047332418 1954.28413484711 10434.1973661382 9807.32459732421 9525.70353102723 8114.05201500742 5770.10835529345 6350.08364819499 8772.32613632172 11948.422351535 7091.54046573543 4778.84185308501 8628.22822850023 8672.2850630602 11382.075756392 9967.0353136573 9712.65945841394 1900.85572798047 5958.53682404578 5136.36738514551 8872.7728254134 6353.14585190987 6619.02806533473 5712.91220656394 2304.50455429911 9087.2311695401 7253.19292440043 6343.70659851882 5336.59134153686 8100.74707174932 4060.08599432511 8655.71852149053 2544.48131153592 6298.93014124165 8217.78541373779 8746.88988740496 9535.99273403049 1485.22702155999 7083.40102398655 4717.08397095641 5549.31717134603
6816.38805872795 13539.2895271359 10309.4735935435 0.0 13634.7160563755 7134.18761588209 12210.4446726104 11514.7119765294 11747.5128045006 4338.17729184483 3602.55124095605 7985.49518164345 4710.17935149127 5157.56087509457 7827.54262680052 12948.3038733137 4444.51913476709 7776.83632546597 9027.65933616194 8631.21480389796 10430.1324609248 4532.47271654583 12771.3648091854 8655.16274185922 4891.8444210894 8798.35350436477 5758.53107873986 4049.00174820897 15295.6836324422 13917.232039993 6166.21952101007 12269.9824690626 9695.07401705075 8241.3447162545 6617.01015792847 3735.95010984525 3517.71691160473 10951.8017566557 1365.55138711939 12621.4753323241 7696.39776975104 4945.36835858627 13194.9309307981 8364.51872450597 6666.05775171862 4207.48073724696 9982.84433737597 10348.0189271465 3523.73792400572 9706.27339299349 9967.78857779107 11867.0244114353 11561.6490682838 8400.77530798434 11023.815102698 5060.85644011306 6883.71231640372 1283.8266129533 5452.73143424973 8350.02372446678 10777.1194025795 7462.97615517089 7906.12522714696 2020.81613238948 11159.2637609347 6562.86512149797 8926.10862292089 11519.5499487114 3969.53309994648 8598.26733434418 11444.3774129053 9122.61886347835 916.431428978483 9705.17289132349 3653.80901384419 4629.81717625567 5219.23441459523 11832.3588087813 4422.0032585531 10601.1768520511 8531.35511453256 13266.0033898292 7456.43671988847 2685.0877599166 7808.17335078938 5622.24164096235 12210.0635560118 11112.1359829796 5173.12440602995 14328.8137506069 3998.11863483851 8758.75282476434 4826.29976262255 9452.66024317751 3399.66139399869 4885.67556994401 6482.63851725236 4983.45118392136 2257.08778455544 7637.3397412679 10284.789356092 10711.4640450341 7489.03467510776 8978.35780962249 5029.45250001579 5185.26828705678 9488.08390851152 5587.35605744869 10059.7231252264 6816.38805872795
6934.41996145416 1905.56898654723 8283.77716576152 13634.7160563755 0.0 11152.3226716298 4417.49772704883 2121.5764295176 2714.7136673482 9946.43707595246 10359.6567768776 6218.70774906998 11951.5698980368 10663.9392817019 9061.39462007885 2706.11867240489 9246.97646147184 8596.0377168403 6607.50567534872 8055.27518093335 4868.01251214243 9102.34480803659 5243.30744337745 9248.389443656 11274.6608484153 7102.30013355076 8720.84005332815 10658.5383404449 2936.79541087061 1088.0828361956 7694.20118886376 5956.24910390841 3939.64295053243 8958.03739615939 7064.02515287074 12227.8332631464 10341.5147163472 3634.91505439461 13089.7662216735 8117.64919005179 7212.24375218904 9292.57448583953 7000.48295174098 5346.01794708229 8059.09810096082 9611.92526595035 3955.17968699595 6947.87863301971 11211.8035801716 6794.2785538209 4773.93930507885 5379.39959897243 3799.35568979561 7595.38392197843 8122.2914314761 8836.26914575065 8914.66953814856 12769.5136949064 10139.3184429309 5334.9721683319 4257.65642128058 6469.02902167477 9339.48587182708 13724.501725168 3393.00183167852 7445.23220897634 5933.62543366359 2655.56771735274 11704.0227824577 9935.75660408662 6612.16836424813 6932.24947780429 13696.3756194705 5522.86253494075 10019.2136635939 10921.2199382134 8484.24353100007 2642.26722392844 12305.3555658844 3071.54631009022 5436.24291250376 843.57244736803 6965.89005069078 12942.8634913923 7642.06183706047 9249.87806292251 8344.73481963995 2767.53206175266 10032.1185994132 712.492314585811 10405.1034285363 4894.96974854257 9445.45903084046 6435.39262227087 10573.4108927476 8755.40712273296 7155.11536194494 10326.9610437521 12234.5120295191 6752.12724832969 4212.91280395341 5740.61186929244 6145.69162765233 5245.2178369131 9100.58902016125 9466.48391245234 7224.55993215274 8063.88302822369 4176.38945772067 6934.41996145416
7212.32343923438 10081.3485366981 12742.1940394703 7134.18761588209 11152.3226716298 0.0 12250.1274961987 9455.91122730727 10687.1613466163 7767.39373845953 4581.04788560996 5279.71584701506 10029.7028703997 2208.53420749987 10956.4441689594 9181.49896652148 5247.01686942625 2556.74757034317 10420.3623209446 3212.1251439979 10706.0144870524 5811.93085953323 13188.5506396731 11844.762414068 2263.84277862 4083.91176982422 8276.93702716018 8279.61624023352 11434.100639041 10854.0171663808 7315.84842526659 13147.4059361166 8060.68973819406 11282.1004149173 5811.30418189428 9351.5818205336 6940.99272041601 10383.5040141042 7878.06565938433 14547.1126843445 9317.79906429955 3902.23036723426 14430.2799564938 7765.91131967886 8805.10492870703 6856.07207931303 9167.25738740309 11999.2622235541 3805.73778542087 11279.3673234312 10052.8321213842 12480.3176487442 7644.24863170497 10487.0306755951 13261.8009958353 7155.24962533169 2413.69137069546 5870.00501163614 9373.60486328242 6728.61837072743 6985.20624262692 7925.57846881777 1877.20245143842 8832.29731661717 7791.09910485921 4777.61141872025 5229.91675623652 10321.8152557622 3167.28176383308 1835.23342295756 12795.3967826796 4308.04289980386 7915.64310169553 5659.97019793668 5392.98729931214 9183.23871554203 6572.87172349686 8577.05433858044 2842.26687076984 8425.71039668894 8460.63702337303 10438.3316040699 4559.60729988687 4590.47828263565 3545.28184003834 3045.07464481769 14339.6611352893 9751.63895564444 8966.38269580846 11668.2522565339 7901.15872550639 7171.14271453953 7810.68735075509 10763.388816436 4627.95423345997 5673.43460678581 6415.16110294108 9031.09172064912 7935.9165464769 8710.94004974738 6939.42073291262 11601.9191446688 6718.11892409435 6046.25232473717 4094.62618857931 3299.72156898319 11347.1328567488 5681.52038791924 9594.69994438447 7212.32343923438
5677.13877217242 6080.90738855028 4106.52262827482 12210.4446726104 4417.49772704883 12250.1274961987 0.0 3830.21588266858 2099.25393480431 7936.39183409043 9725.15286544994 7017.32521003355 9177.65073721462 10979.2801438811 5616.5671952365 6541.302655111 8452.81017254847 9926.92099035123 3367.14567178746 9758.29640369124 1790.63050192425 8059.71370735034 1027.52517265899 5478.13596286072 11524.3511189649 8807.76738434522 6506.39082106449 8449.67989097537 7353.59082592272 5475.65376348313 6138.24307630255 1549.3678246486 4329.29879087399 5371.13307512253 6686.99175362623 9745.26074241195 8693.26935156869 1911.47027055583 11289.3517340253 3715.01530657687 4574.91743753809 9138.02390407694 2735.92832413837 4551.70465422593 5620.68928658237 8022.11161962513 3097.31013409671 2879.68190506923 10858.9593931609 3056.42076613514 2346.39078013966 983.797954504654 6823.68134214186 4287.9517230732 3801.94971500143 7169.23907058445 9837.50967820813 11710.0107685944 7439.95523841338 5525.18227588162 6786.47610617744 4914.17114094547 10762.8410473449 11662.8789759007 6025.54469342183 7578.24183142102 7470.21735533491 2436.31425342333 11611.6410187033 11623.3183455239 2250.71415908264 8798.03854587806 11979.1115930821 7530.33424888457 9060.00861240232 8360.35032474375 7166.47300170489 5700.94930063225 12396.3830403484 4438.30445072636 3990.75116950058 4945.5043751824 7700.10509471922 12419.0015035707 8860.87203923253 9544.38612397381 3927.23745361518 2922.21107958354 7499.89055394474 4916.61424804844 8344.96077836831 5099.14573024442 7422.34865519957 2994.77696753457 9905.20535845234 7846.82932899578 6327.37440470552 7783.62676656387 10298.8463372058 4577.32389805102 6297.85012376146 1793.95016193537 5653.40915841164 6489.94510771324 8903.85672701689 9557.65511120006 3472.89497835659 7337.23171926785 2657.09293794943 5677.13877217242
4826.18709798854 2729.16397078593 7009.40974618112 11514.7119765294 2121.5764295176 9455.91122730727 3830.21588266858 0.0 1733.44410026024 7859.68446035674 8272.82848779809 4296.88434602686 9952.93872924012 8735.86702728877 7329.09430371523 2868.6152815864 7138.72230899556 6933.77902372677 4956.84034220594 6534.16339650355 3470.75264548237 6982.77605175842 4841.1124631712 7655.27681604521 9340.23733255457 5553.16414418678 6679.68939959222 8585.92257049193 4431.7812641975 2621.17376012205 5595.86657748956 5306.52016148669 1820.84910250636 7289.44316841231 4962.45081138827 10175.6582540798 8226.25133848753 2252.39269391913 10972.5020493561 7409.87652518044 5317.77544017355 7253.3279139382 6561.72810614465 3240.70775537283 6077.51570093365 7497.4712205839 2026.15878844496 5677.73361566273 9166.58815116391 5342.73893922702 3146.43108780498 4607.81746266174 3000.9093751916 5887.16101557579 7015.4661992792 6731.94230917535 7118.01832785641 10662.5541067128 8154.85373225853 3249.00593129893 3062.61266054588 4402.21856074693 7730.60573046723 11618.7311832122 2234.45139116773 5416.83595594585 4259.98312046079 1400.6421843182 9705.8111310603 8449.5082936632 5661.29837885274 5453.85501970334 11576.0477647287 4059.8381582452 7906.35577968355 8896.80099211502 6365.29978082225 1878.46700502747 10348.9767406935 1048.53534715915 3412.61056954878 1916.23193208896 5056.52515666161 10888.4763939263 5910.80473759798 7293.31767199212 7514.96086168778 1052.4916020288 8017.14615105695 2823.61075685297 8318.69556806671 2794.32644137625 7366.12016228973 4885.08522425626 8485.08050193943 6638.57031902113 5033.89145026226 8308.75459471339 10126.2124502631 4776.99326402524 2713.0321208209 4540.98558031085 4026.30049003534 3413.76426570585 7052.16526392538 7472.2326192424 5740.53449282537 5950.68437987079 2404.47230132356 4826.18709798854
4935.48637223904 4112.03833482477 5601.55844901259 11747.5128045006 2714.7136673482 10687.1613466163 2099.25393480431 1733.44410026024 0.0 7729.47992881893 8817.46407843695 5409.92160985604 9486.00920224726 9683.13322248088 6389.04731523815 4478.89529072303 7587.60121708554 8244.56596259002 3926.62515027307 7962.86101802388 2154.46583010261 7308.47359875114 3107.68175576435 6538.57484587193 10265.2276953341 6988.94049051652 6389.10476650765 8377.21661682701 5575.70180208263 3656.00078878722 5596.07006024527 3599.6033644712 2629.09782126605 6264.22999904301 5545.79021567017 9867.6612516709 8290.83050760067 955.801948372375 11020.7218425215 5733.88604698523 4684.04087349023 7993.99149913131 4834.14991932332 3454.01148699648 5625.24831626155 7568.83709750213 1783.79239488871 4258.87750754612 9845.46492742807 4079.59822870865 2132.51840234309 2920.49759607395 4732.7239593574 4925.31088811655 5499.57296352015 6734.23256881109 8287.76306834315 11050.4907924053 7671.37722580638 4048.93677621809 4741.48617195219 4299.38220968441 9069.19336292919 11550.1737114889 3949.15631041191 6254.44325318457 5653.50414207893 380.028102700804 10497.3489595226 9865.66697282246 4053.9218301226 6937.40149326852 11672.8489011138 5600.02899355431 8295.43531575471 8513.56810181801 6531.56772076663 3601.7185734448 11217.4775868683 2450.78968211558 3222.10382871706 3033.67015346932 6147.64798198874 11511.2077037748 7186.04013627549 8222.7673499249 5877.09530338063 950.055933846682 7618.28762070197 3358.97645989694 8178.16425446571 3575.52727171889 7210.18035362373 3729.58752093223 9017.98915292396 7018.96582673434 5389.5542800447 7915.0009727224 10093.6139039326 4350.93221286289 4305.33815607422 3059.88469171616 4500.71660076477 4709.02326053726 7771.44379726955 8319.8827579469 4509.97018525624 6397.43315792355 1719.57058541861 4935.48637223904
3063.75389488283 10269.1239772228 6101.05080410638 4338.17729184483 9946.43707595246 7767.39373845953 7936.39183409043 7859.68446035674 7729.47992881893 0.0 3288.57349222537 5496.81781923429 2585.91228731832 5618.32903678284 3722.08672179618 9890.21053030911 2578.55489216162 6912.58922924581 4694.2315669321 7506.26802001265 6180.87547806385 2071.65261033355 8449.03022193147 4620.91325107848 5840.77841476084 7170.68338304127 1433.13276800615 783.70797100148 12070.2260931914 10438.2160376852 2272.80024438455 7932.2784484037 6130.25680585041 4126.20070367566 3691.93470008155 2417.05208652395 1015.32023439276 6856.06997678076 3354.39987292691 8367.38137443225 3377.08707503005 3941.55795992753 8869.56535473321 4624.5610697225 2335.95923932399 929.205211978283 6053.05714437516 6022.06959354982 4419.72858554853 5370.11536871275 5782.18312415665 7541.90741778421 8772.64386479192 4076.72077945276 6792.97567184937 1204.20522032945 6144.69773351372 4130.4213318491 1630.56742465775 5111.21878831521 8061.11724355761 3483.68966520172 7473.23929973139 3820.70580319807 8149.19772350114 4328.37976142017 6643.47219970025 7559.9683553659 5341.54646423073 8435.66715734542 7112.01774161974 7441.85798956661 4042.7752089325 7383.89902543221 2406.98205356318 1521.9074857503 1819.29477118809 8662.90239131888 6192.4785530222 7117.83475746987 4546.99465399388 9743.83225945266 5350.54403306655 5339.80302179978 6345.56097236743 4898.7593510901 7985.38104160886 7243.04443482544 1224.29004050085 10658.4715937162 459.013769190296 5382.2659057129 522.008345988387 5118.02082931796 3323.86515907852 2363.98066672705 3162.11337119541 1263.87417493074 2379.62177672179 3423.18151330924 7430.82679948865 6383.22727920149 4102.35216578683 6244.0208626996 3802.27046370378 4532.55300292833 5165.35184959861 2835.98761219322 6009.9511905031 3063.75389488283
4048.25016302171 10065.895625046 8973.78784028079 3602.55124095605 10359.6567768776 4581.04788560996 9725.15286544994 8272.82848779809 8817.46407843695 3288.57349222537 0.0 4430.71277256748 5448.78414488931 2380.34626268076 6823.3675140345 9420.40691241897 1273.40402728563 4377.99448337969 7014.95936871288 5175.06097782806 7956.17131333686 1737.94958592174 10474.9861361414 7736.88333149664 2552.94081739976 5231.62305734943 4138.97639462196 3718.54672214073 11789.4399549579 10521.9341545993 3696.91770833707 10168.965006391 6470.95768272121 7198.72604567348 3319.75534199355 4797.83552494025 2381.07669664315 8158.85884886489 3741.31368195245 11079.4695323008 5702.85038168222 1350.0120053328 11305.9455430827 5366.99901824128 4889.55505116644 2447.79649928231 7039.34860276485 8558.71200130373 1219.33502139639 7837.71862959094 7380.05059542958 9622.7770378815 7994.53419455176 6745.37432073705 9601.48433711594 3017.02843272062 3490.28459623527 2489.92071192636 4919.14082069146 5026.67603259215 7207.04173155614 4817.79854602117 4699.13076137209 4683.5567941434 7644.49915499775 3021.1105932524 5328.90064925882 8532.39107795581 2120.52969368573 5560.68248667632 9546.55418029234 5553.08994922651 4051.90957226409 6105.52850533013 894.448298476802 4624.77246214285 2682.18448487796 8352.13996963452 2983.79582950868 7288.44291542386 5761.06263235312 9902.94082107089 3862.71547317003 2704.76028957075 4248.15271217374 2149.05598147106 10769.2106059572 8052.0860259578 4512.505851745 11029.3534345539 3355.17653051246 5479.08745044187 3450.25907398493 7424.94824077029 216.267404273064 1882.85033996478 3443.2651905581 4532.59153257157 3502.37810486457 5327.440232253 6748.1191941401 8543.23508249396 4330.25722281669 5444.8876322834 1427.71056448607 1698.04398711654 7768.4335610214 2424.78740816277 7252.04133990292 4048.25016302171
3028.43340525789 5669.41084420815 8237.4922285331 7985.49518164345 6218.70774906998 5279.71584701506 7017.32521003355 4296.88434602686 5409.92160985604 5496.81781923429 4430.71277256748 0.0 8058.66485782287 4451.2512719774 7138.44549329498 4991.40090530711 3610.31281154456 2914.91226895377 5758.29869109036 2887.7457833636 5591.99609919816 3751.43886606362 7987.02166756962 7879.73302419719 5060.04840230983 2085.69302716799 5015.91195701211 6272.88446062686 7365.9647894192 6206.64834665861 3632.51229160348 8042.21803174175 2781.61165503342 7338.25456083314 1817.58476717265 7872.69649306046 5343.92822151772 5125.91748952253 7819.73446081928 9678.80240921709 5030.11876817418 3190.20743333292 9358.39079072774 2742.01085181036 5026.43431162817 4736.61990888438 3920.18210501094 7233.17611906805 5085.63253481664 6567.59668821346 4939.95296430446 7343.99768505858 3576.41283112437 6165.50030274164 8613.48539676309 4330.51336091608 2878.1814437365 6920.61260799852 6594.68016195445 1522.68848828939 2793.59775753688 3426.54315493134 3751.33257050793 8654.67186012734 3226.23880692963 1422.80147818665 1152.85693603966 5047.54313404114 5500.32332294483 4647.8382517838 7847.1195570004 2239.85936631898 8288.77827887129 1890.33491793485 4384.51378908229 6951.46790720524 3677.85637401974 3961.87674354535 6086.74963554039 3248.34908086833 3513.62189156512 5642.04977392572 759.755600873821 6820.49931526313 1853.33027946227 3031.83813571708 9559.47634265534 4480.22863172834 6274.54400990689 6834.03547557124 5891.55388912904 1918.740978654 5177.17684307764 6009.75646908625 4645.40597238614 3362.30839152115 2462.55034801174 6494.48554932467 7212.53441606055 4292.72654560153 2319.41351198099 6596.71025314721 1981.40575533564 1027.23024633643 3036.69610972526 3270.99125903598 6755.53132941768 2714.46427252393 4384.66389311691 3028.43340525789
5392.07067063899 12517.592832734 6206.23669071087 4710.17935149127 11951.5698980368 10029.7028703997 9177.65073721462 9952.93872924012 9486.00920224726 2585.91228731832 5448.78414488931 8058.66485782287 0.0 7825.47088909117 3770.73695750596 12234.30668281 5057.96659164788 9439.41451836689 5819.46262735285 10067.9551691232 7597.19894455653 4608.64183187891 9436.15890942594 4393.80254758535 7920.88043695336 9755.55965334835 3309.07814363813 1856.66314227256 14307.8591079328 12572.7239359966 4610.42303441069 8742.11456117824 8352.51457629156 4143.36450067627 6243.34627672403 976.543399450932 3131.26914427262 8545.56997814838 3350.17076485068 8522.1777269702 4804.02087393571 6375.49065196437 9373.74603836046 6823.89164364813 3892.66830022157 3461.61590753116 7996.83346223804 6671.6616548009 6370.5051613228 6205.31967950836 7379.38378292137 8547.7904575944 11220.7227443969 4898.38520498107 6931.9347585961 3728.49409614294 8636.66045460598 5194.11320283413 1816.66473552088 7528.56178927823 10539.4413077384 5589.49210558222 9950.34002050332 3097.37355190181 10545.8013425271 6914.29100726491 9209.63103722794 9394.60688956933 7240.15792152746 10887.0719929745 7766.04960729847 10027.7027593713 3967.63497972079 9937.81450917745 4674.84761137242 1116.78352394412 4387.69598219992 10990.1004697868 8020.7916089173 9344.70703024667 6540.66720919769 11868.3274171257 7935.77689663911 6731.70754301522 8919.46061415991 7339.31156943751 8053.43133434234 9186.07815552528 1943.04445001458 12659.7885371642 2261.87629737148 7734.32055211577 2885.8275923362 6182.99903637528 5408.72814320869 4931.03475801175 5659.31988642902 1660.52074345031 2540.56650489768 5199.44393100993 9888.74599157911 7427.06125640586 6519.11793724783 8755.39503801939 6269.78949739504 6936.55389973521 5854.7611788549 5421.3152189334 7815.06232459963 5392.07067063899
5535.99002513219 9944.33331355784 10926.0469293949 5157.56087509457 10663.9392817019 2208.53420749987 10979.2801438811 8735.86702728877 9683.13322248088 5618.32903678284 2380.34626268076 4451.2512719774 7825.47088909117 0.0 8969.52586482468 9144.84873906302 3186.07684042157 2834.28437183263 8734.85709623377 3724.1249150597 9308.06434860304 3758.13834026949 11845.7295801058 9874.06207351807 612.382291779692 4201.62109410552 6263.09264048662 6093.8621230844 11512.0843238019 10581.1665345927 5472.12359206215 11685.0508167701 7097.09023236825 9318.63006111889 4299.974714249 7143.48730958672 4754.48016873848 9211.35131717095 5753.09722839201 12877.9253671389 7526.44509898438 1959.91959035079 12915.0334882797 6428.97682361376 6884.90795876126 4726.83532955797 8004.10030881861 10319.7035833861 1667.31105629512 9590.72448145999 8674.42309861491 11063.7459680644 7605.64900322324 8660.97105883485 11497.2344032473 5122.62303957501 2036.70866564724 3873.7471089437 7240.80253654814 5636.61638734863 6847.15757185091 6301.24148034958 2780.43077134712 6714.3636361504 7507.5910092013 3434.09956807414 4889.51922400601 9345.47204049523 1342.63823903413 3443.59703081858 11208.7535547468 4513.48456658242 5864.27440095395 5548.06238770449 3218.89294408863 6999.59785905472 4606.74425146351 8288.07142946655 1665.03176433925 7689.04062054217 7024.43643462934 10056.469196447 3698.61480987505 2922.07135208632 3289.0905809611 1460.54741519074 12622.7947300196 8800.67317687173 6832.50192291597 11264.8268086434 5723.01041374821 6113.18866963522 5707.81018827191 9111.73294126844 2419.88346593325 3692.59113242847 4766.96301049695 6877.54100286695 5744.63883456329 7000.00387115789 6587.86728976293 10084.0254047069 5325.92279685271 5423.06072214018 2189.38441070881 1437.22250868766 9600.43060555446 3870.94200162067 8349.30700515767 5535.99002513219
4131.83653421959 10052.7005658133 2502.16191649917 7827.54262680052 9061.39462007885 10956.4441689594 5616.5671952365 7329.09430371523 6389.04731523815 3722.08672179618 6823.3675140345 7138.44549329498 3770.73695750596 8969.52586482468 0.0 10020.4640410847 5785.11148219281 9490.77533160615 2462.58255573256 9831.82986761399 4279.54125742096 5214.27705699711 5737.59586030173 913.624994905673 9304.32571193922 9190.184112275 2708.04811473592 3788.49472875724 11748.5848715711 9873.80223878539 3725.09138960795 4999.92371387016 6153.87948743882 413.978330953056 5551.22556451767 4543.13392981496 4735.21818543038 5439.6571615537 6608.94735348378 4834.25412604221 2204.46775105009 7068.22609871492 5607.1264405025 4833.24678135423 2196.87637754259 4397.42178640684 5312.49384408784 2926.90578301181 8022.04394053758 2561.43742775738 4287.62979263771 4877.63814174951 9398.89447580463 1466.1463951328 3228.01819216402 3850.26592862472 8917.9187952669 7819.82290940043 2379.3767938377 5984.50804395963 8887.19231646377 3757.09952556536 10214.3425409695 6677.02466306095 8592.79389271456 6573.1245332671 8202.24551448822 6405.95661408551 8939.05250451479 11210.491528096 4004.87886018223 9373.81401898554 7307.16504839736 8756.99577012923 5934.24061096051 3268.06594008743 4385.69882843214 8803.33445436405 9801.60326264602 7044.96794418358 4204.47442325824 9183.40406438783 7383.00370681039 9060.10329425424 8638.59671648056 7919.02410333291 4398.38802845353 6372.46842922079 2662.95239924494 9734.65135285767 3918.60352675927 5954.78359858404 3407.28588264409 2707.92484187943 6906.16801630237 5293.85949905637 4838.00865253616 2844.99638273955 5605.08136750855 2938.52058655096 8205.34832027194 3823.43541464346 5174.32060353388 7423.40968520587 6865.53998872238 7664.48104780237 2160.4615779974 5314.26037550751 4941.86272994456 4131.83653421959
6858.47520352823 959.899111133841 9873.33989811755 12948.3038733137 2706.11867240489 9181.49896652148 6541.302655111 2868.6152815864 4478.89529072303 9890.21053030911 9420.40691241897 4991.40090530711 12234.30668281 9144.84873906302 10020.4640410847 0.0 8518.41540255017 6673.76067509118 7740.50453560547 5974.07785427191 6337.65761796494 8542.82476261058 7501.72703195077 10429.1233685059 9750.65267801636 5121.52316344551 8928.38234156507 10663.0313582092 2383.60211844445 1890.80639306622 7652.85575325825 8071.03981602623 3932.82271417538 10025.6287062961 6415.92863392055 12297.3485280739 10022.041219854 5117.93775276972 12666.7496938739 10212.7468817368 7896.10876094948 8171.15646166834 9264.88047729095 5434.02147087694 8492.29270393637 9329.45761815702 4748.04760470554 8544.89940077702 10036.7207997785 8188.45923995769 5979.04161935789 7399.33591703178 1551.84220215669 8620.37929999332 9882.75945972007 8692.85718486787 7195.2304103827 11909.6963183528 10504.6847192905 4789.16537446431 2298.18474360951 6677.30501584417 7308.03222354262 13434.3606637295 1792.2545236662 6401.66644319925 4262.87448496456 4208.15860451246 10345.3019479342 7735.51037678099 8506.39791650158 4875.8969754124 13188.4672526305 3610.46555649949 9308.12900161788 11132.1631199119 8174.51278299598 1247.54874134835 10808.3894921897 2982.70866588253 5878.57992762849 1872.3188888455 5623.43288535077 11758.3713323019 5888.19697237059 7864.78874562284 10347.9756224463 3920.99931159351 10298.6875017677 2879.83857553071 10337.2790045822 4513.71697863933 9449.40731612308 7709.75435246707 9635.54440059459 8157.85797985932 6769.99456945151 10574.6259276119 11948.697537216 7256.39283354271 2672.3656595286 7408.07622013311 5790.07885578811 3976.61543312371 8026.10390868655 8179.9612645837 8574.79746048491 7454.07174355783 5207.27540137599 6858.47520352823
2775.67159655498 9095.01851290744 7815.24853582818 4444.51913476709 9246.97646147184 5247.01686942625 8452.81017254847 7138.72230899556 7587.60121708554 2578.55489216162 1273.40402728563 3610.31281154456 5057.96659164788 3186.07684042157 5785.11148219281 8518.41540255017 0.0 4383.70180224374 5773.86613644619 5046.53322562413 6682.79935879475 572.225026715189 9202.30372917469 6691.67238766197 3532.58073671732 4862.29928611381 3077.60377586438 3208.90472693975 10855.3090027048 9482.6646681204 2446.74321767652 8904.57084734522 5321.21575819381 6138.66852184093 2187.06016326498 4607.48800121114 1966.51536439173 6904.97579863017 4211.68248257303 9868.75547340914 4482.42361469987 1367.65386479223 10054.509606151 4133.66945938047 3737.25611105699 1649.42434221509 5804.92336502971 7332.23242690653 2452.23000583809 6607.09445805049 6108.36333599972 8352.29541393423 7171.24657152035 5563.68260277256 8420.52069681848 1936.56671057228 3582.16195979245 3523.84069588535 4142.93579960896 3924.32970633415 6395.70387809809 3544.39457773063 4904.21243833063 5066.20507358964 6726.67535779311 2207.75253643835 4650.05919714612 7313.73144889231 3301.36208748902 5859.68417484924 8301.04160229337 5163.20189606786 4683.43315113302 5433.62263866164 791.278184238208 4073.92704154824 1467.09747507821 7389.36960820512 4151.71222636562 6188.56123309039 4495.75301812143 8840.30696570354 3201.75878399607 3969.72834289735 3947.17926994898 2320.40312119641 9575.28898189409 6850.24087149486 3738.90966893134 9930.53647970461 2805.70148612926 4352.30140099453 2566.41659909435 6178.59511293925 1453.60253588683 610.599434980152 2198.47175556598 3832.07307824243 3666.99503735812 4070.04164028495 5868.21445099526 7278.89118637434 3135.98741597132 4567.11788322712 1224.49405607143 1966.40971996955 6559.85939582066 1198.42157585022 5996.8456077842 2775.67159655498
5432.79091602009 7554.37844891226 10936.190928703 7776.83632546597 8596.0377168403 2556.74757034317 9926.92099035123 6933.77902372677 8244.56596259002 6912.58922924581 4377.99448337969 2914.91226895377 9439.41451836689 2834.28437183263 9490.77533160615 6673.76067509118 4383.70180224374 0.0 8499.71452699607 889.927158400813 8497.06378617994 4843.4315829626 10901.1863019389 10320.6332507954 3362.91526604712 1552.24354644503 6986.54659407675 7585.83961399992 8973.50097298887 8307.54802426864 5768.83080940143 10949.7684082893 5642.84592096013 9758.88496096489 3970.98596846576 8970.45109999446 6341.37114542337 8027.91514656761 8112.38135710498 12527.2091138376 7575.09691780931 3133.97239450734 12261.4991868676 5599.1847158699 7294.67210105523 5994.77519845823 6830.0103368736 10032.6316521069 4280.95633022673 9339.48567938353 7843.0214593592 10255.4611903159 5125.73910281798 8752.50552693564 11375.4718485863 5989.21370055948 896.413108368295 6516.47048848893 8366.52464100998 4431.99792129661 4442.08520003971 6035.0062202524 836.474156466234 9060.05720557554 5236.4237931165 2921.35518959933 2683.53817141683 7871.96457277494 4174.91474780163 1772.48267169721 10714.7813887331 1813.7429586274 8366.50963157673 3110.59781401627 4885.55916095456 8430.54323358518 5315.30923604151 6023.7929453654 4381.23381143782 5917.25215102685 6349.50136461422 7882.63704288911 2301.2613085773 5749.03979834522 1066.42872050548 2229.45032244987 12377.0668760655 7298.54358789232 7982.36999629053 9112.64368183283 7181.00253792826 4832.13449159071 6786.50863273522 8793.76993630557 4531.61457054423 4558.97883521351 4670.40625745845 8124.6014995455 7844.93887648315 6885.85052750411 4383.16657656757 9477.00099303974 4663.2448775393 3547.72929644774 3194.32657497045 2680.0124615942 9477.53562672118 4260.0971491791 7299.53278495104 5432.79091602009
3217.55415050305 7684.93078173847 2485.29236406773 9027.65933616194 6607.50567534872 10420.3623209446 3367.14567178746 4956.84034220594 3926.62515027307 4694.2315669321 7014.95936871288 5758.29869109036 5819.46262735285 8734.85709623377 2462.58255573256 7740.50453560547 5773.86613644619 8499.71452699607 0.0 8632.95524525052 1833.11037960974 5277.50131703044 3763.34070342996 2698.56642849362 9195.24028596906 7834.01633050549 3269.28726640181 5134.10686266016 9339.95356606732 7447.13770825564 3327.51166075908 3250.47474018032 4047.27378734924 2354.50771521029 4617.80910863597 6379.851023349 5550.9062127182 2978.79970588119 8015.54091068669 4145.13555318686 1351.51529429839 6779.5973859293 4298.82978536281 3065.90974011569 2361.67265993327 4948.63791950674 2993.23523661991 1586.27727755179 8221.55774831319 859.918474666166 1842.68463992322 2854.22877979446 7310.63163129949 1002.78249870416 2875.78287583481 4133.64347077558 8126.01333197349 8678.44129627374 4072.92236887819 4338.55838373504 6909.32877112557 2497.75897087949 9303.0893936111 8330.1875537866 6471.76168664914 5675.08252528286 6651.73151100293 3952.6901960237 9072.14687856761 10272.0402108239 2532.69685762623 7949.11569747009 8714.92860562458 7056.4509781476 6225.49175860706 4995.54902477933 4333.44773277936 6564.77079402879 9914.8063580317 4822.48692952686 2297.71828063019 6765.42822940625 6217.36004591875 9604.61816850788 7510.52490237181 7433.59202524645 3919.30853685145 3959.53688069357 4143.77370540361 7275.69540485574 5071.01294120404 4146.80098937796 4201.59233395867 426.622463428382 7161.79013682178 5173.62288725378 4010.88321671667 4423.51985860035 7009.39662561972 1734.90675529796 6248.31012659477 1693.61279128088 3840.87438197343 5740.32551670991 6547.12490597036 7309.89385424645 1000.06945715308 4865.72510125443 2552.67193706284 3217.55415050305
5711.78609097662 6883.68362375535 11103.7094947302 8631.21480389796 8055.27518093335 3212.1251439979 9758.29640369124 6534.16339650355 7962.86101802388 7506.26802001265 5175.06097782806 2887.7457833636 10067.9551691232 3724.1249150597 9831.82986761399 5974.07785427191 5046.53322562413 889.927158400813 8632.95524525052 0.0 8439.21690089025 5459.88243331332 10756.7368170894 10627.4042032957 4248.09715327677 981.266773648111 7437.286074179 8211.48234179562 8224.32384245129 7681.49351736398 6147.71680035908 10876.3522072736 5430.55380724988 10072.3311326662 4282.31911837754 9653.91089385156 7012.9440713742 7847.05552917853 8916.3745607877 12562.0144567869 7819.06542189286 3881.76765118444 12199.9658476945 5629.42621514481 7651.53361483659 6606.87509486678 6684.58944557793 10120.2149070905 5152.68378152809 9450.51032826762 7793.39666087949 10166.9439807394 4445.28408810263 8981.37587484027 11496.2461999694 6507.94474966684 1754.22775435246 7379.04086535974 8889.82767976234 4390.12752955973 3821.55241784035 6234.9229155733 1335.28319575018 9855.92124585514 4664.01942425448 3302.24600247323 2309.39170080269 7584.4194597769 5064.83142642841 1915.39762890303 10724.9818824073 1124.8707408376 9197.00489530367 2534.42294306899 5613.43473378722 9028.07765041792 5822.77179382975 5435.65646932165 5257.69495145208 5559.42461449789 6401.32296362606 7305.39835975071 2458.27733678522 6638.48943716783 1200.48466388259 3034.38861243505 12447.0593287398 7012.97060026004 8518.77119134105 8530.68908474919 7806.46944475278 4732.40713330642 7332.2608302577 8894.21082757945 5340.25993851198 5142.73039729132 4996.85962109049 8682.44635704067 8599.11326112702 7101.02499769717 3876.49433884098 9469.35892111869 4807.71798364341 3272.54934089442 3908.59793216209 3484.3993547543 9626.51612158925 4750.07562813983 7186.31711952933 5711.78609097662
3910.15932890932 6133.83063934169 3540.19908989075 10430.1324609248 4868.01251214243 10706.0144870524 1790.63050192425 3470.75264548237 2154.46583010261 6180.87547806385 7956.17131333686 5591.99609919816 7597.19894455653 9308.06434860304 4279.54125742096 6337.65761796494 6682.79935879475 8497.06378617994 1833.11037960974 8439.21690089025 0.0 6277.30140112088 2542.66309246847 4385.31437162293 9835.51490657912 7533.39047714575 4759.05642635154 6727.69821839923 7694.40901107628 5778.4259798822 4348.38658131782 2453.33193303678 3173.99273684509 4127.65738870168 5009.2386879766 8091.98151361827 6912.42843243487 1261.05720944567 9535.01622631179 4219.02981664617 2859.79252750685 7427.46924569289 3766.41475151504 2940.11442553915 3893.27999282739 6235.45298405095 1870.40487668968 2207.24337685468 9104.57980059012 1930.93885104516 655.244239711305 1774.42743344634 6202.92683490958 2833.34666309193 3568.11661405113 5381.78563937709 8309.76919330112 9919.38037665356 5812.75501513144 4069.32860383857 5968.00461639397 3138.61081951847 9331.13067129399 9944.40639786475 5355.76533849883 5960.11879217 6229.74280849561 2254.363893601 9877.48608474214 10239.8343134603 2369.07794180672 7574.80487816651 10219.7051385903 6442.20264937379 7275.97898197192 6709.85569392558 5378.17979360393 5263.80229977028 10676.8454777501 3650.85872689004 2283.73857920382 5124.95956640591 6213.66340876584 10643.0546189779 7443.01068623271 7896.38895932516 4213.40646926107 2418.93857847118 5829.73343742972 5511.33124866619 6599.82154688951 3707.05305230116 5662.87823608289 1585.02662038077 8132.5654161101 6074.48530169246 4592.20881450612 6120.56927375024 8554.05471120025 2792.95155135157 5373.90327019146 1126.16720186517 4009.79172973142 5247.53106441462 7191.76986237256 7875.47918693512 2357.61364214404 5589.30477785706 1321.21017706676 3910.15932890932
