CustNum 90 StaNum 18
0.0 6186.75257218634 3948.69415623229 6858.47520352823 1998.36277420735 5251.0222561903 5573.66793557729 2406.67937560857 7629.6200303161 3227.77990906402 5535.99002513219 8592.69171476735 5808.46440596946 5196.39740276289 6934.41996145416 2876.59288940596 3820.65254429178 5408.01702716238 3733.63615340927 2775.67159655498 5547.46050551194 4216.07107929645 3882.20399819909 2683.07667507907 6643.77219287893 5813.23582638385 3068.88767862987 3166.46446487273 1588.49306255022 6792.55748764602 4964.38875132005 4703.23482532401 4048.25016302171 1037.76983189623 2167.21014974527 2525.34558955225 6743.23509539715 3217.55415050305 6050.14273251358 1736.74396543381 4935.48637223904 5392.07067063899 780.536351548103 2527.6231202189 4134.76979000783 3594.54449066281 7188.62157491765 3028.43340525789 3664.49102794546 5488.00036989277 3520.19752647815 7693.62335465937 5059.93357337835 3063.75389488283 4764.47790148843 2147.88814376527 1597.27400224053 5837.90952244492 6154.92766853465 4876.93912110308 7215.56658057247 6254.81747343177 5365.78178965579 1745.64095571257 796.328913486662 6862.12872125404 5432.79091602009 3333.16201644405 6473.71687149904 2121.56844490852 7388.70263202966 6187.25070769429 7247.61430850904 6200.16522753427 4054.40037517112 5986.5399557874 7994.63030176557 6788.88437243743 7643.37787663319 4411.26533248329 3910.15932890932 5711.78609097662 7381.75515337995 3413.52508881659 5620.99747191087 4131.83653421959 3557.40864317134 3256.05372415947 6019.82655185602 7190.80516037877 4826.18709798854 2598.5640311066 3273.39474384322 1332.02030658525 634.599609216784 6015.61024562341 3740.75056467876 4569.58483756973 3785.1227714027 3476.7951266026 3480.7536302498 5300.6374763188 4228.33242553 1498.75554746141 2346.52137145167 3432.90195966844 2170.53182154152 4862.06436145712 3359.18068251518 0.0
6186.75257218634 0.0 8575.50184990206 12352.1748167437 6068.46437437722 8609.8854857752 6373.00571457226 3908.79329788838 6474.84689496625 5031.53484609487 4799.4145453228 14371.1170296966 10764.881314063 3136.90181226381 13010.007149398 5555.21570075081 3514.86685567036 9404.79899406104 4940.6848332657 3838.3422659891 10857.7600911788 5137.97583957995 9959.99738186746 3583.65146327176 6456.82548695939 11877.4584156893 9070.44489073043 9353.20327077559 7735.36329092985 2023.50348607401 6429.56375208185 10889.8994479153 3062.55303847371 7221.42338196514 8020.76165832659 5979.98169758436 2611.56697232943 8429.71948848943 10480.5916492743 6157.99035354909 11118.1874549501 4355.09182513941 6834.99404203949 4968.18590857606 8364.01144342458 4412.30531670204 8240.38118968528 7402.53226430785 6605.14219725066 5497.61178437113 3431.43870615127 7295.05962933021 8287.06956570618 3750.78229487269 9145.7002488129 7732.74647053516 4589.58340869496 10978.617947379 12244.6988351815 6712.43168934291 13226.5438660885 11440.2808248413 10983.5749871663 7902.58883867556 5538.77428254355 10537.426233681 7325.72062447689 9344.73782985125 3212.18454932055 5161.01267153289 12618.4881129201 11675.9747623201 2940.11220718461 7504.92516916045 9980.34659045301 3698.55179807212 3200.54472248287 1064.91267175259 13705.0628953159 2401.50669841321 9812.01432599327 8165.35022483434 13300.5635333639 2901.55705158084 11227.6301446457 7303.22022999647 8838.82245424238 6892.85818602181 4596.33016583206 5682.95095670329 10889.5308789118 4229.06004174553 9431.35428729033 7512.79671360422 6063.08513627741 5806.55121033687 4468.43347379387 10109.5355758217 8210.1505910556 8387.65289215529 9478.16768460767 1827.45837458061 2868.41929210214 7019.07740237604 8137.97126391186 2839.30514345847 4265.64110440832 9423.9206834255 4481.08722571114 6186.75257218634
3948.69415623229 8575.50184990206 0.0 8693.61523116006 2625.34235550497 8870.61542475928 9522.09290492755 5764.56826950882 11525.3526224718 7136.99849241203 9367.15492177223 9681.04213932299 2190.2771628611 8710.270419817 7437.05527524512 3038.63058181186 5135.46310917983 8751.84857346239 3888.81055654879 6297.10199136263 2374.39820293945 8127.91082669504 3243.11763005186 5254.2948171442 10579.0947844323 4448.67294493796 5029.15601261281 3953.95761709838 4010.23875065048 8240.69884539354 8909.71265014011 4799.45227777695 7491.70064875699 3571.42867808305 2308.28826339997 6461.86164431875 9985.42895932144 981.981095355037 2130.34993293275 2659.93227907251 4726.96853542016 5500.90623136883 3299.58036940908 6416.57542566175 7588.87590415995 7407.85343159463 11103.1163426358 6658.99871611403 7560.63583770657 9398.45338018838 5149.85279990271 11636.093964447 8742.62707487983 4832.05420976725 8016.38708660429 5276.5521867182 4830.71355662284 8291.08761762078 6750.15708700068 3149.44277513054 7911.04300007621 8582.29392262044 7316.52498326394 3253.7339299184 3895.89487996619 2966.34441901672 9334.56740770949 2739.10447390001 7250.12273953037 3485.06334759145 4048.62316812562 3250.50105076546 8260.2686868316 10123.4080234299 5794.45770496822 9590.86962267527 9045.22964708429 8742.56687831322 8085.20047254825 7626.09761809532 2574.18743811217 9514.19155942361 8320.30502959154 5774.78488711484 7529.81046779141 1826.16223854523 6440.62131357398 7076.00128486131 9792.62835554975 11031.7720643707 5883.14307513962 4387.47611254299 3489.12633709033 3485.73202621716 4575.62138218316 9931.90443119134 4303.25702362319 1998.31753586373 7216.32868228132 6693.2816166187 5260.83095411121 7021.14084529868 7618.79615098259 2457.0320636082 5108.02377833005 6471.60456900503 5719.13510318519 938.35699474526 7181.26237589829 3948.69415623229
6858.47520352823 12352.1748167437 8693.61523116006 0.0 8492.29270393637 4875.8969754124 7807.88385531344 8542.82476261058 10055.606395089 7490.61668621257 9144.84873906302 2206.95548158552 8984.13233605548 10036.7207997785 2706.11867240489 9523.42789234625 10663.0313582092 3864.4002276775 10504.6847192905 8518.41540255017 8215.95463642808 7864.78874562284 5612.20046057228 9329.45761815702 8870.76254752659 5824.79998857783 3932.82271417538 4748.04760470554 5434.02147087694 13434.3606637295 7195.2304103827 4208.15860451246 9420.40691241897 6131.61022258094 6627.73992380499 6401.66644319925 11758.3713323019 7740.50453560547 9882.75945972007 8207.52465639777 4478.89529072303 12234.30668281 6677.30501584417 7397.35409204112 4262.87448496456 8171.15646166834 7735.51037678099 4991.40090530711 6115.861341906 8528.25433383648 10337.2790045822 9388.01653871383 5121.52316344551 9890.21053030911 3610.46555649949 4789.16537446431 8174.51278299598 1551.84220215669 2705.61372670156 11175.929056234 2341.91039220802 1164.18542987841 1499.66244001102 5878.57992762849 7652.85575325825 11237.3954977736 6673.76067509118 5979.04161935789 13297.3544498078 8928.38234156507 9264.88047729095 8071.03981602623 14001.8819893154 7308.03222354262 2982.70866588253 10345.3019479342 14710.7062657437 13188.4672526305 2879.83857553071 10043.7090455117 6337.65761796494 5974.07785427191 1890.80639306622 10022.041219854 1247.54874134835 10020.4640410847 3521.82888989195 5623.43288535077 9750.65267801636 10180.5265403463 2868.6152815864 9449.40731612308 5207.27540137599 5964.2210472009 6631.68214009385 8770.55617764933 10574.6259276119 7408.07622013311 4280.53878266899 3976.61543312371 3578.60472064801 11948.697537216 9635.54440059459 7256.39283354271 4513.71697863933 9561.92552373346 8157.85797985932 9133.67759420644 8026.10390868655 6858.47520352823
1998.36277420735 6068.46437437722 2625.34235550497 8492.29270393637 0.0 7242.97169449126 7264.42486461068 3183.93384518245 9088.39741489675 4790.9011478689 6884.90795876126 9997.15355997475 4786.78045493524 6108.70757957582 8059.09810096082 1042.16985134664 2834.82180917548 7399.63926505173 2081.32804185907 3737.25611105699 4800.38319622915 5760.55164374511 4220.79711835952 2635.79068536506 8230.28958133102 6024.57791175366 4562.28633439845 4104.94141613651 3067.86940993358 6051.61960689484 6724.93663789427 5513.65676226667 4889.55505116644 2375.43916621045 2258.46527694483 4379.14049874952 7360.4284376995 2361.67265993327 4714.50076741197 287.819331833644 5625.24831626155 3892.66830022157 1838.19735518044 4067.24224064004 6130.09750097244 4947.64539943391 9014.07566215294 5026.43431162817 5559.30955397404 7006.67079392998 2727.80167169108 9305.73392248952 7043.19283620897 2335.95923932399 6741.86021931333 4033.6367762467 2280.56512953827 7645.90286331317 7285.57784252925 2885.43406131075 8429.84282072173 8034.02162354753 6996.55246915559 2669.84216363491 1528.42159950856 5235.12828072242 7294.67210105523 3564.28736364503 5346.94232889633 907.620837795815 6594.63618281614 5608.20424110922 6273.27290416076 8017.99118269309 5538.82555473274 7002.1931691732 7062.10458780547 6370.67608430291 8767.13055706067 5001.69348118363 3893.27999282739 7651.53361483659 8698.58893549301 3198.99030885731 7245.68492794341 2196.87637754259 5430.29735765007 5213.94545417549 7266.47628635481 8540.68160653654 6077.51570093365 1839.92253209175 3932.59822302248 2528.20067291827 2580.50656863691 7543.89946415663 2290.10533794618 4047.7065310438 5776.99448927864 5431.9192870971 4935.89230228781 4679.44039480021 5007.60996048167 1307.23747975327 4110.84003600076 3846.31031188361 3193.18150927614 3548.15243370992 4734.32436789829 1998.36277420735
5251.0222561903 8609.8854857752 8870.61542475928 4875.8969754124 7242.97169449126 0.0 2994.18789441589 5483.64140665142 5179.96369740054 3641.52462596539 4513.48456658242 7074.16592393155 10222.0978213696 5758.00917782283 6932.24947780429 8027.49413311454 8188.76127589829 1024.57443518173 8693.62491282966 5163.20189606786 9678.15363837374 3524.78328148578 7052.28622020669 6591.24198000911 4000.37797853061 8425.94660745063 4476.69923397827 5765.57426234658 4890.68034699088 10160.6213253121 2477.62953239441 6557.51978251322 5553.08994922651 5307.33950388235 6603.61769556898 3113.75041695652 7359.66812570295 7949.11569747009 10775.9374327313 6987.18932665802 6937.40149326852 10027.7027593713 5665.03382944852 3983.61727329756 1345.18490615102 4205.56642680342 3015.28203078797 2239.85936631898 2077.261633797 3813.28497919032 7789.79588900723 4538.24963958138 325.43610707177 7441.85798956661 1417.02697546585 3618.67631472827 5665.52630916787 3336.20900326243 6446.61443562878 10096.4785949678 6816.85116245772 3717.04341222047 4189.65190954575 5667.03882792587 5801.41666688415 11832.9204643207 1813.7429586274 6942.38862636356 10489.1759909835 7158.80132203645 11310.6197199891 9983.10748142872 10920.0780255204 2441.67401704738 4506.21549657072 5821.67718367503 11495.6396775476 9603.52231393995 7405.89522759327 6213.08474460176 7574.80487816651 1124.8707408376 6560.51255850445 7091.53498556975 4310.78638103136 9373.81401898554 2854.5603346793 2103.82436902588 5085.33608667861 5338.0960509937 5453.85501970334 7195.24406729767 6287.68767313181 5387.11071243465 4666.18659729089 3966.1906093466 8542.1392808213 8640.62286736514 1700.87231065149 2330.23852416822 4567.56835434917 8817.45688362473 5742.0934996537 6529.94913585133 3891.76376856677 6209.0346467225 5125.52171230807 9675.03075019492 4168.86851889973 5251.0222561903
5573.66793557729 6373.00571457226 9522.09290492755 7807.88385531344 7264.42486461068 2994.18789441589 0.0 4451.83237586394 2388.20702017145 2487.94413589285 1685.12617830207 10014.7769791358 11308.9863545824 3254.11430658811 9598.37787678563 7721.37342674221 7099.64453709838 4013.54584610873 8049.12485317221 3920.49070560204 10939.4059648438 1600.12426171551 8664.18984484119 5569.7679804612 1198.35039706771 10362.6711028315 6372.41610970866 7461.79785578982 6060.17514497066 8205.9238629823 713.566168886099 8639.26575955581 3595.18543791093 6149.95767510542 7553.58717994529 3093.82914555156 4604.9125750373 8762.1436926653 11619.2126639177 7085.17054510134 9001.31329535706 8922.43626317603 6264.38535157533 3201.63418668086 3670.24991010455 2559.61393266522 1972.41483885432 3591.73911474247 2218.20405864904 928.183451717073 6702.56033138474 2149.03129709251 2709.35968665912 6498.68177343307 4207.08570391011 5022.72879945664 5103.05619910176 6256.06625111012 9008.15599085371 9792.40423189563 9566.14995014775 6666.25672593997 6916.50106806268 6761.60271205782 5748.55620875152 12412.7413455428 1205.1007386662 8346.31526176304 8879.54472032148 6816.59329080247 12730.5910646731 11443.7339793335 9066.56865547389 1132.02087478265 6783.19883915097 3024.03981376122 9505.8195119364 7431.34584644209 10147.5219610574 4165.653564607 8999.96848647605 2079.11541251199 9381.81725977826 5791.16807633225 7083.29678469337 9445.84565200963 5057.32219787332 2859.40179722496 2174.42384665028 2375.78764060578 7823.31869052289 6461.35507240606 7886.33704876586 6355.99520636917 4951.00118733473 972.066771270669 7751.70669262542 9905.88775363594 3815.11308466998 4410.6989649688 6619.51853630286 7096.1056419136 3711.24203737548 7070.19395632753 5468.88265732094 4678.23767301506 4244.30135678724 10434.2459806363 2699.74681483262 5573.66793557729
2406.67937560857 3908.79329788838 5764.56826950882 8542.82476261058 3183.93384518245 5483.64140665142 4451.83237586394 0.0 5985.07433155663 2048.93570936094 3758.13834026949 10501.1228127211 7854.3167248093 2950.65387469902 9102.34480803659 3368.03036207778 2751.98155720102 6048.78585706854 3597.82987309423 572.225026715189 7728.59320113292 2854.30810076096 6287.44217339767 1151.65462705527 5245.37113054736 8219.26438685781 5162.73958378573 5526.22469011943 3871.44374439478 4917.94637995591 4074.44175531046 7053.42539060706 1737.94958592174 3433.35521492371 4487.12784788992 2417.8034194709 4372.5635655962 5277.50131703044 7882.16440370385 3106.65513934251 7308.47359875114 4608.64183187891 3147.82793711833 1507.76137326464 4847.27811652847 1918.49677501326 6372.29735685932 3751.43886606362 3427.20654127638 3996.19810660198 2346.81651896207 6321.36793654329 5195.22974693785 2071.65261033355 5621.79951580045 3837.18634020672 944.25747534918 7255.11051710781 8339.02208073169 5379.62937853597 9318.56553851057 7711.29824230282 7129.51704388224 4151.10034987084 1966.96008343096 8401.50015758745 4843.4315829626 5725.25726582827 5032.14760397428 2506.37953995578 9570.53919777939 8444.54597042491 5567.46272633052 5404.52844108351 6073.44159205826 3826.55786153965 6225.44359694241 4659.35242084408 9796.46199642143 2011.80031494297 6277.30140112088 5459.88243331332 9401.59791616181 1615.66735518408 7378.477912969 5214.27705699711 5023.11936045675 3446.08544143042 4097.13816771204 5391.43957749575 6982.77605175842 2012.65914355372 5673.88685117901 3728.52722731741 2171.71488096325 4523.31371685666 3306.69874051856 6819.66724925786 4611.64555043311 4648.52478624291 5569.71136641785 3462.12827728449 1886.73086934808 3599.12537682943 4231.69580067584 1072.42135585424 390.587410232916 6700.62760736443 1753.65748845112 2406.67937560857
7629.6200303161 6474.84689496625 11525.3526224718 10055.606395089 9088.39741489675 5179.96369740054 2388.20702017145 5985.07433155663 0.0 4402.0701462121 2229.17930482585 12253.5853390582 13435.4067539393 3594.69712595994 11962.6778334458 9351.72892641321 8272.69344469244 6197.53532205326 9458.38257533117 5412.84957885588 13127.6835946874 3414.19077791949 10971.3914670092 6949.70497068839 1207.39418955092 12713.1475221589 8745.50647720718 9799.01643096291 8329.4362788423 8485.93621457951 3097.73627236082 11015.1987337849 4558.01866410365 8335.87435420578 9718.46515403336 5301.28152139701 4041.47268812267 10846.8194945196 13651.1246497615 8954.51204438233 11374.1476506328 9951.48232259796 8371.97454474259 5113.13427463806 6029.19077931841 4141.12202729953 2729.47865039953 5970.14959865976 4580.49018664612 2145.26085636455 7913.08495760364 1018.7492316226 4940.61620891298 7831.39760690344 6503.82561452108 7364.5918362502 6817.61104597147 8512.23557502504 11386.3560288234 11320.1138346418 11910.7238353999 8896.85353340078 9258.31206971944 8990.92278234852 7643.77820019739 14319.5348453813 3393.73896492992 10613.2622521447 9473.71297241815 8487.76557074897 14946.2914810593 13683.5673640297 9399.60594225866 2772.70485269129 9171.37602703357 2805.03135110594 9659.65754934698 7510.4669412726 12495.4947579543 4881.72156250084 11261.3669970158 4101.73105059876 11700.52973686 6938.03932437896 9412.90370938934 11192.0240178361 7444.14551667052 5226.53823733423 2030.61672937086 792.855239192686 10210.9982611414 7934.88115990456 10201.2603410275 8567.28455915808 7041.58892779667 1633.30470500671 9085.30342917808 12110.6814930066 6194.52099921932 6797.72419007195 9001.99555617139 7721.50860686125 4561.97784093462 9118.57080450559 7821.66666175784 5802.21894856546 5903.98103599172 12457.0466863984 4358.2918833215 7629.6200303161
3227.77990906402 5031.53484609487 7136.99849241203 7490.61668621257 4790.9011478689 3641.52462596539 2487.94413589285 2048.93570936094 4402.0701462121 0.0 2353.52541703842 9613.02482053966 9035.23253285948 2591.07841078162 8628.83617653685 5236.04336880779 4789.96781959248 4378.39377166287 5610.09462283695 1597.16612067428 8747.0202784116 991.248223500341 6748.96275996113 3199.35191499874 3451.71810204367 8595.05858931373 4874.31620098852 5687.7179692647 4084.8481443808 6519.12178144674 2036.04998944154 7078.90964133237 1980.11307400102 3982.02115960251 5338.21248033299 1186.96311241885 4327.6953937026 6444.75658454847 9257.4891055551 4624.16808098041 7402.88935508397 6644.53326967132 3976.19211945508 726.404242670636 3350.39631142693 681.912616847629 4348.57359800761 2508.29748940599 1583.39354942311 2263.37343383559 4384.99393075205 4521.36679989818 3328.69278289367 4120.22558842998 4125.63003631694 3394.19219314901 2617.62475952786 6036.7425528315 7926.74817847008 7314.52145580433 8732.20634294572 6496.91705316489 6243.40165090061 4670.9277030951 3290.7941293247 9979.1401022563 2796.32557156164 6321.1589396438 6896.68292783915 4329.85826551424 10577.2814020536 9337.57358321367 7284.27082622207 3368.69312815116 5576.31718998726 3111.69150242778 7854.13629840127 5991.19448084646 9272.16669078183 2635.64450154229 6954.59284920675 3451.0495533481 8693.03965466716 3563.3881486103 6467.91115323079 6963.1929504958 4091.08282493473 1889.60820781864 2895.01606785392 3981.76575089721 6603.65943429253 4021.50979052344 6011.26732164865 4233.87295249888 2648.52734450198 2795.19413492005 5345.09135227033 7742.94817443664 3235.84020813864 3535.09110836052 5221.51472560383 5189.70530711837 2187.39457789432 4717.31931806999 3871.39890258415 2586.39264987842 1785.91747154302 8064.45261951639 552.406401489287 3227.77990906402
5535.99002513219 4799.4145453228 9367.15492177223 9144.84873906302 6884.90795876126 4513.48456658242 1685.12617830207 3758.13834026949 2229.17930482585 2353.52541703842 0.0 11340.4691667155 11335.9316254722 1667.31105629512 10663.9392817019 7123.30232651051 6093.8621230844 5496.67433787502 7240.80253654814 3186.07684042157 11078.8562986995 1460.54741519074 9094.8048008795 4726.83532955797 1712.69901670651 10922.2487368318 7097.09023236825 8004.10030881861 6428.97682361376 6714.3636361504 2036.70866564724 9345.47204049523 2380.34626268076 6332.96471937946 7675.86729180674 3434.09956807414 2922.07135208632 8734.85709623377 11497.2344032473 6763.30369360992 9683.13322248088 7825.47088909117 6301.24148034958 3012.27791837216 4889.51922400601 1959.91959035079 3443.59703081858 4451.2512719774 3097.22522223692 756.944813947757 5723.01041374821 2705.06156917764 4201.62109410552 5618.32903678284 5548.06238770449 5636.61638734863 4606.74425146351 7605.64900322324 10009.6154306419 9094.19162089267 10699.1791393967 8041.38679949824 8092.98190299858 7024.43643462934 5472.12359206215 12119.9761436413 2834.28437183263 8674.42309861491 7530.1863667618 6263.09264048662 12915.0334882797 11685.0508167701 7602.93005111172 2780.43077134712 7689.04062054217 1342.63823903413 7980.25118843389 5864.27440095395 11264.8268086434 2804.5150575695 9308.06434860304 3724.1249150597 10581.1665345927 4754.48016873848 8288.07142946655 8969.52586482468 6050.50336391038 3698.61480987505 612.382291779692 1664.67116335747 8735.86702728877 5707.81018827191 8349.30700515767 6587.04735588236 4984.15000089922 1013.15519530326 6877.54100286695 10084.0254047069 4932.40286168381 5423.06072214018 7410.64789874171 5744.63883456329 2419.88346593325 7000.00387115789 6113.18866963522 3610.31910694401 3692.59113242847 10303.4065909026 2189.38441070881 5535.99002513219
8592.69171476735 14371.1170296966 9681.04213932299 2206.95548158552 9997.15355997475 7074.16592393155 10014.7769791358 10501.1228127211 12253.5853390582 9613.02482053966 11340.4691667155 0.0 9477.20417768155 12182.6596372353 2353.42547884175 11039.1127802699 12408.0163451636 6056.68855528083 12067.6286195879 10534.5907195951 8669.84811286067 10038.7247904007 6441.26115263929 11188.4899514066 11072.7447721443 5956.88439136212 5530.18093051315 5953.62502350062 7053.65143385465 15324.667008604 9400.81455097165 4886.46005210979 11506.7791137191 7733.87056148696 7908.12182940353 8488.39221250957 13912.3775619939 8804.6887355485 10468.2546868311 9724.24469559384 5009.93379138625 13853.4878299497 8269.95538143408 9460.73611209354 6452.04703745605 10294.9294032981 9883.32549863384 7104.73323840497 8290.60950115922 10731.7056305725 12112.7462675513 11566.4356277147 7325.29776530702 11656.4269087664 5816.02323258531 6670.95503831844 10031.780131092 3758.79218620002 2941.43129647361 12472.4722378146 1826.2314741872 3357.32362081027 3392.28245612893 7327.35737362673 9385.07250365953 11871.7573041181 8877.21648454649 6962.79540892776 15064.3535391068 10557.6058090173 9313.41619448891 8303.21252789179 15831.9230796321 9497.65208802363 4539.16253919198 12524.5134320479 16566.6424169255 15160.2380405274 1925.12286657683 12113.3084566231 7138.57691307499 8162.4091421754 1360.97184322703 11902.5319440906 3154.82958345305 11225.2887463095 5554.01447095184 7772.3947947096 11947.9789363305 12387.0342603855 3932.34938647067 11183.527235511 6283.95041180161 7515.86210084181 8469.95271083704 10977.4583207312 12199.8863157324 8064.28669752514 6444.36256088208 6078.12128330308 5124.08818273423 13829.3179200721 11722.9215892805 8702.67370300493 6316.34873338211 11548.2999567448 10125.5964618557 9933.02301613321 10137.4848954965 8592.69171476735
5808.46440596946 10764.881314063 2190.2771628611 8984.13233605548 4786.78045493524 10222.0978213696 11308.9863545824 7854.3167248093 13435.4067539393 9035.23253285948 11335.9316254722 9477.20417768155 0.0 10804.2297968405 7126.15125133171 5219.67367442742 7310.52122962139 9912.60904132817 6014.62519180417 8363.56385013057 809.752697397196 10021.2366390235 3447.82497460747 7422.56771226294 12422.6343598817 3589.91228386073 5916.94870545804 4627.96293523217 5384.31134972897 10368.0818938898 10654.5963162899 4781.3814126797 9591.63437769809 5165.81390709839 3760.0028980872 8215.15861772212 12137.6535499824 2603.01262284449 1038.65166348406 4785.71545701107 4548.24973762389 7508.33005287967 5065.2387347867 8334.91257020269 8885.14853706936 9381.95390382136 12733.1827320013 8125.48856886298 9218.24514623886 11291.4522076307 7337.1707057324 13452.5335362204 10149.7048168247 7022.31715534375 9160.80938758877 6626.74873883156 6910.85012371217 8957.86360677975 6588.33385012713 4920.18441613696 7650.98874105818 9155.12768120325 7810.08381358734 4619.36972606934 5921.38176303832 2434.36319209703 10964.6588190409 3328.31587963387 9303.10613951925 5665.05950267303 1880.23844816466 1480.32046605984 10325.5500105946 11784.2126289222 6411.03849965672 11664.6104163733 11099.9188249444 10912.1983813128 7664.37875783004 9766.85267599526 2765.49405928691 11011.3777529206 8151.3839768205 7960.50951677351 7976.16556325665 3737.83858840709 7520.01844250609 8664.16302961121 11798.2516930156 12995.4307864055 6129.27094347099 6574.783213694 4078.53385732985 4984.08089936047 6395.51282186534 11815.2586323819 6448.94959360749 1639.41780297864 8522.13726823385 7918.43615463691 6009.32388991682 9191.11989865951 9730.72882356149 4337.20934902508 6330.89208677832 8620.69628383779 7767.74091884831 1394.70015894809 9149.14051958911 5808.46440596946
5196.39740276289 3136.90181226381 8710.270419817 10036.7207997785 6108.70757957582 5758.00917782283 3254.11430658811 2950.65387469902 3594.69712595994 2591.07841078162 1667.31105629512 12182.6596372353 10804.2297968405 0.0 11211.8035801716 6124.32694583646 4755.84128923876 6660.552024629 6041.73736542579 2452.23000583809 10661.4896038209 2245.60198818819 9020.61404721867 3628.81810276131 3356.68658286383 10927.4026128798 7401.77301391023 8083.47056636401 6421.10354042856 5050.27593621516 3398.5070043934 9542.82277799712 1219.33502139639 6148.34520085866 7352.95056253235 3767.61265786117 1736.78255135702 8221.55774831319 10820.8131614345 6050.37666588062 9845.46492742807 6370.5051613228 5973.94524042989 2946.88224240745 5813.50481007494 1919.53612796072 5103.79589011018 5085.63253481664 3949.57937130189 2362.87449071272 4423.9998317885 4276.43968733177 5433.22002705891 4419.72858554853 6554.73716047929 5927.43759336974 3893.41548656703 8548.05105349717 10500.8369073909 7943.99513647026 11322.3970224157 9003.04617579046 8826.30764096553 6874.65924892122 4896.83502482983 11274.6438788609 4280.95633022673 8512.89594478445 5914.71799515919 5350.00764270006 12506.3141445918 11354.4575107983 5943.40476243429 4382.86558202105 8150.20304327581 922.498013126107 6312.95707991632 4201.0593127145 11860.0696526825 1313.5043374359 9104.57980059012 5152.68378152809 11282.877606846 3452.06467761621 9047.04809767189 8022.04394053758 6680.18263194191 4414.02245545739 1574.35257992818 2848.23437844228 9166.58815116391 4629.36513491163 8334.90845705465 6432.64158107424 4772.51397774577 2679.38158963625 5630.90016370901 9729.07365631912 5757.20265842487 6112.17838531329 7766.92325296893 4142.82836862886 1115.90624269728 6522.25118612975 6397.37117829301 2380.85260086009 3060.29491227573 9644.42938222419 2114.46715305384 5196.39740276289
6934.41996145416 13010.007149398 7437.05527524512 2706.11867240489 8059.09810096082 6932.24947780429 9598.37787678563 9102.34480803659 11962.6778334458 8628.83617653685 10663.9392817019 2353.42547884175 7126.15125133171 11211.8035801716 0.0 9087.95395475758 10658.5383404449 6024.12266940066 10139.3184429309 9246.97646147184 6318.08322387274 9249.87806292251 4200.18182685494 9611.92526595035 10755.3110202492 3609.27715314164 3939.64295053243 3955.17968699595 5346.01794708229 13724.501725168 8914.66953814856 2655.56771735274 10359.6567768776 5967.91693967237 5860.08930168627 7445.23220897634 12942.8634913923 6607.50567534872 8122.2914314761 7803.24961343119 2714.7136673482 11951.5698980368 6469.02902167477 8316.00070989131 5933.62543366359 9292.57448583953 9935.75660408662 6218.70774906998 7573.52303288847 10163.5630639591 10405.1034285363 11437.7424316309 7102.30013355076 9946.43707595246 5522.86253494075 5334.9721683319 8484.24353100007 3799.35568979561 782.257612592186 10345.4087043696 534.573854197423 3621.64190817113 2742.90624926117 5436.24291250376 7694.20118886376 9527.77963587169 8596.0377168403 4773.93930507885 13303.5387945786 8720.84005332815 7000.48295174098 5956.24910390841 14141.4077900914 9339.48587182708 3071.54631009022 11704.0227824577 14903.7193222424 13696.3756194705 712.492314585811 10908.4708560492 4868.01251214243 8055.27518093335 1088.0828361956 10341.5147163472 2642.26722392844 9061.39462007885 4613.43931615993 6965.89005069078 11274.6608484153 11944.6559108701 2121.5764295176 9445.45903084046 4176.38945772067 5710.2126897188 6954.39043523935 10506.4802015807 10326.9610437521 5740.61186929244 5790.77673783108 5245.2178369131 3533.60404656378 12234.5120295191 10573.4108927476 6752.12724832969 4894.96974854257 10174.202864421 8755.40712273296 7626.50138376048 9100.58902016125 6934.41996145416
2876.59288940596 5555.21570075081 3038.63058181186 9523.42789234625 1042.16985134664 8027.49413311454 7721.37342674221 3368.03036207778 9351.72892641321 5236.04336880779 7123.30232651051 11039.1127802699 5219.67367442742 6124.32694583646 9087.95395475758 0.0 2098.37515487085 8266.6278423761 1057.54404368453 3939.95922153213 5378.7113566372 6155.0995726384 5174.03440146414 2497.18246396819 8594.77761998156 6909.21130112527 5597.24966911949 5137.21819134217 4091.66073377692 5255.52604993302 7245.57862241631 6520.71928910299 4931.19626746998 3395.19692702776 3253.19262885993 5032.99956783648 7173.85495532133 3081.8703547122 4941.51525118213 1320.04093927899 6614.24591675834 2873.97103707661 2851.45198732946 4539.76596821958 6987.59945249398 5263.16359947456 9560.11401390615 5855.58324717266 6218.42909762396 7349.0584669361 2123.8258553757 9673.38037892649 7804.72656302875 1856.02471172816 7637.64135995392 4991.15691631456 2618.55019421173 8642.57169409143 8316.83915974594 2099.99194274823 9464.97084844132 9039.17437698079 8025.88678488418 3711.91483036097 2227.49019317557 5181.48868460997 7894.53870625401 4517.70388411265 4417.25801435906 909.60780209915 7086.73845018541 6232.32669315104 5381.60337179158 8567.53693980615 6577.15953149651 7042.89549988211 6173.7723042243 5706.49372503751 9794.32712351332 4903.96135518098 4778.24716226408 8335.21993862637 9738.8042073592 2856.5512299537 8276.13982869233 1901.11404042188 6399.15705453773 5949.9034667234 7432.9166945524 8742.41886516063 7117.99467687014 1506.87366819534 4941.56469885284 3562.52846308826 3385.60682028539 7880.82053181178 1346.05322209212 4762.16826093341 6646.8456016424 6352.82633491281 5974.35750320621 3985.89072565524 5008.7830654582 2342.75398875382 5105.71448854688 3755.43248579192 3495.06150099302 3868.79816110306 5073.99832644554 2876.59288940596
3820.65254429178 3514.86685567036 5135.46310917983 10663.0313582092 2834.82180917548 8188.76127589829 7099.64453709838 2751.98155720102 8272.69344469244 4789.96781959248 6093.8621230844 12408.0163451636 7310.52122962139 4755.84128923876 10658.5383404449 2098.37515487085 0.0 8668.43863458973 1443.14479373002 3208.90472693975 7475.22408985854 5507.48303843504 7027.48913335227 1606.43160193682 7739.4870395542 8857.48934076246 6878.25314645966 6738.48041740843 5362.20584207964 3216.80622244063 6790.85402232486 8226.17656375125 3718.54672214073 4701.75622060331 5044.01945787827 5079.12689280057 5443.42035640766 5134.10686266016 6974.81341195423 3012.83617563306 8377.21661682701 1856.66314227256 4189.77831603516 4250.2033855004 7417.17181936485 4543.18736467822 9056.39538657106 6272.88446062686 6159.9955912661 6509.94613389654 405.27422630461 8785.38289632537 7911.95741328402 783.70797100148 8161.44493447413 5889.23855103338 2598.10952248797 9555.15530333725 9876.45091669516 3310.84384752543 10978.0439191374 9991.26814183867 9177.24540290465 5234.40166814437 3025.15446109526 7037.49693866257 7585.83961399992 6375.09902437147 2657.28778045736 1992.16387653125 9181.82146756247 8324.44632214213 3493.23595518354 8110.09072029899 7868.98596841023 5663.40674970645 4270.36703435986 3608.12001703746 11371.0211897298 3443.87239552493 6727.69821839923 8211.48234179562 11177.2187570611 1339.49560249644 9432.62659856424 3788.49472875724 7256.57865014619 6106.23896492936 6253.16279621496 7571.11442087982 8585.92257049193 1224.53450885398 6660.20886044291 4949.8719386851 4050.62473729661 7002.44782595883 972.832732884306 6826.36821844583 7134.16481420622 7027.43671950298 7286.49632933402 1887.87652166329 3712.70766141241 4033.59673309445 6151.68667237741 2484.66345264345 3077.74520242504 5945.75431153398 4427.15150128025 3820.65254429178
5408.01702716238 9404.79899406104 8751.84857346239 3864.4002276775 7399.63926505173 1024.57443518173 4013.54584610873 6048.78585706854 6197.53532205326 4378.39377166287 5496.67433787502 6056.68855528083 9912.60904132817 6660.552024629 6024.12266940066 8266.6278423761 8668.43863458973 0.0 9023.30171615281 5801.63084985113 9312.04801093814 4414.97407524618 6608.1388507431 7101.9939338056 5022.87346055942 7812.52816784951 4022.79804323533 5333.30933700989 4743.81106476365 10857.9451289382 3470.12665468161 5921.66300774251 6343.40712898103 5264.49628122818 6447.10417384067 3630.9846635076 8301.8086244397 7795.90384702348 10547.682949145 7127.8351050431 6299.89021702272 10473.3354672299 5692.70256841092 4595.82868436056 1280.61327636294 4996.18727829693 3924.6913981574 2429.10302131713 2799.6578713196 4813.43959359505 8279.67975563153 5527.47779147235 1306.89187724666 7899.47214157271 751.799653777609 3494.58898841012 6085.94912629315 2338.17782511303 5591.32602478364 10283.6070484725 5873.32316985746 2701.97387099601 3290.80493800754 5499.67941529355 6052.0464660877 11683.9761314216 2838.26360757058 6589.06308939955 11080.8827760663 7439.70842815581 10858.8463724737 9534.61622283462 11579.2678645249 3443.64087662956 3849.86531002221 6785.59333410733 12189.8177603748 10369.1829442662 6462.00151756441 7003.85464188579 7192.53596263805 2109.98881807191 5587.86216999456 7663.58605331034 3383.3791636528 9449.01701606955 2393.57929717979 2605.82455226416 6078.97774228428 6362.50074942248 4712.13103353708 7598.03171750282 5876.26884543508 5288.33671074105 4883.79629593187 4985.50513049989 8921.6085752805 8294.51361910624 1622.9719176527 2059.42560109257 4027.34725010808 9467.04436355959 6542.56615484315 6532.99252321226 3650.21443188871 6872.94386162551 5670.92158501642 9498.15185245906 4925.60113117165 5408.01702716238
3733.63615340927 4940.6848332657 3888.81055654879 10504.6847192905 2081.32804185907 8693.62491282966 8049.12485317221 3597.82987309423 9458.38257533117 5610.09462283695 7240.80253654814 12067.6286195879 6014.62519180417 6041.73736542579 10139.3184429309 1057.54404368453 1443.14479373002 9023.30171615281 0.0 4142.93579960896 6261.7931072206 6452.13362349847 6226.41766319004 2518.35880238812 8814.9201566288 7937.98807534395 6593.98308722587 6185.96613955438 5073.04059869217 4356.05960461633 7646.10214911866 7577.95567396607 4919.14082069146 4375.9066038243 4310.65699918041 5614.60518715728 6858.71179388163 4072.92236887819 5598.33270213103 2345.91277082035 7671.37722580638 1816.66473552088 3830.2108174924 4966.53265870611 7743.87184805856 5509.8167792889 9956.79503388863 6594.68016195445 6777.74985221597 7567.07917471784 1659.48294373559 9883.36267971414 8448.09961529966 1630.56742465775 8432.17121212274 5880.22792627891 3067.07030026086 9563.47908136122 9366.5358320278 1908.98829921775 10511.0852021107 9972.43980743351 9005.09952794812 4743.12526217694 2995.72444632802 5598.95367114397 8366.52464100998 5570.8391217535 3404.31455301279 1612.72540642786 7894.73220985606 7132.77428288996 4393.44039882563 8978.72326895251 7581.25934746688 6962.01460866973 5183.83736681076 4931.86504449891 10846.6740177938 4750.54487178406 5812.75501513144 8889.82767976234 10775.9668414806 2598.33847985079 9257.42982241135 2379.3767938377 7290.67743112638 6591.75674835977 7471.22855536361 8794.36773196975 8154.85373225853 1589.59318768741 5998.42284354962 4565.09515660776 4161.24267928348 8083.76889656474 472.810565654235 5726.07788554949 7420.16187100652 7186.63806159916 6979.81849430977 3225.82932999128 4952.12423318631 3388.43384519831 6039.49033404424 3678.59676762724 3824.17719142345 4627.44349675836 5351.43157937112 3733.63615340927
2775.67159655498 3838.3422659891 6297.10199136263 8518.41540255017 3737.25611105699 5163.20189606786 3920.49070560204 572.225026715189 5412.84957885588 1597.16612067428 3186.07684042157 10534.5907195951 8363.56385013057 2452.23000583809 9246.97646147184 3939.95922153213 3208.90472693975 5801.63084985113 4142.93579960896 0.0 8209.4578574945 2320.40312119641 6645.15996971379 1649.42434221509 4682.35134308146 8570.03976377415 5321.21575819381 5804.92336502971 4133.66945938047 5066.20507358964 3582.16195979245 7313.73144889231 1273.40402728563 3768.81634599829 4913.11518733483 2207.75253643835 3969.72834289735 5773.86613644619 8420.52069681848 3646.39805546092 7587.60121708554 5057.96659164788 3544.39457773063 1207.0745385417 4650.05919714612 1367.65386479223 5859.68417484924 3610.31281154456 3086.83625925102 3432.88634859978 2805.70148612926 5756.7362855395 4862.29928611381 2578.55489216162 5433.62263866164 3924.32970633415 1467.09747507821 7171.24657152035 8495.90058920367 5943.80941977826 9433.44236745019 7631.59167491829 7145.66226870815 4495.75301812143 2446.74321767652 8963.37010260727 4383.70180224374 6108.36333599972 5328.20823654804 3077.60377586438 10054.509606151 8904.57084734522 5778.28793224584 4904.21243833063 6188.56123309039 3301.36208748902 6393.81908507291 4683.43315113302 9930.53647970461 1686.14382289333 6682.79935879475 5046.53322562413 9482.6646681204 1966.51536439173 7389.36960820512 5785.11148219281 5001.48439178954 3201.75878399607 3532.58073671732 4822.00902525746 7138.72230899556 2566.41659909435 5996.8456077842 4060.73354922835 2430.33813860091 3957.42258463126 3832.07307824243 7278.89118637434 4449.79279610374 4567.11788322712 5718.41899931813 3666.99503735812 1453.60253588683 4070.04164028495 4352.30140099453 1078.24047038322 610.599434980152 7234.7821584292 1224.49405607143 2775.67159655498
5547.46050551194 10857.7600911788 2374.39820293945 8215.95463642808 4800.38319622915 9678.15363837374 10939.4059648438 7728.59320113292 13127.6835946874 8747.0202784116 11078.8562986995 8669.84811286067 809.752697397196 10661.4896038209 6318.08322387274 5378.7113566372 7475.22408985854 9312.04801093814 6261.7931072206 8209.4578574945 0.0 9721.63018968286 2751.68681938253 7412.43770197262 12078.4376371419 2783.6886358237 5293.13413054373 3986.61810932033 4922.85219764009 10609.5637383677 10267.5823662013 4008.01729626907 9462.77195730935 4797.11285440582 3410.06918042186 7854.85051914031 12069.9468465339 2468.24851480561 1834.6195772766 4750.76436102052 3760.14914563044 7859.63517620452 4777.67199913925 8066.64319044317 8334.40402645584 9141.99760146813 12280.4805646884 7642.44077263161 8801.51966646775 10983.1868108533 7458.19536350377 13088.2817942788 9625.36071957372 7108.23703346098 8561.55475636568 6125.48679002864 6786.55993437311 8248.27443219578 5788.08514383197 5378.46784449537 6843.74743371428 8427.44633578903 7077.94221097704 4184.80721335099 5766.17989885972 3239.03725469696 10521.8432308132 2736.36165908619 9621.53336397054 5703.49135263987 1845.93503513813 883.879799657318 10633.623291053 11350.0878681948 5716.40451066239 11495.9786291254 11417.6396902669 11081.9159260191 6854.62875183992 9690.52107661008 2119.61741733733 10514.0189813011 7346.92262504145 7999.33000465021 7235.17938439012 4116.19330419807 6920.06753982361 8222.96125637732 11567.2069401446 12726.617772706 5374.23684605414 6632.1474117957 3439.0094395905 4583.41540498407 6099.01274476891 11498.0390812741 6670.08906388795 1045.79264298208 7978.23600944357 7355.99490923049 5349.84206391858 9363.0424476252 9615.17986169039 4139.76678584571 5793.57076129595 8564.94980371032 7603.31651143738 1830.12917117916 8906.63017675122 5547.46050551194
