CustNum 90 StaNum 18
0.0 5813.23582638385 7247.61430850904 3333.16201644405 6187.25070769429 1588.49306255022 5808.46440596946 5388.42148169241 3063.75389488283 2146.29023494261 6439.14495817001 7381.75515337995 4281.83180774668 6788.88437243743 5392.07067063899 5573.66793557729 7643.37787663319 6792.55748764602 4407.55391735549 3028.43340525789 5986.5399557874 7360.65457462631 1462.90754141659 7994.63030176557 3974.03686326636 7207.71595003041 4784.17253718498 6200.16522753427 2525.34558955225 4111.38097012414 3820.65254429178 4964.38875132005 4216.07107929645 3557.40864317134 5837.90952244492 5549.31717134603 2872.89358631481 4876.93912110308 2527.6231202189 2865.25103200532 5153.87819456267 6154.92766853465 5447.73148092218 4152.1928083464 4283.65040275468 2876.59288940596 3326.47220312085 5535.99002513219 4077.38564727302 2438.5660304295 4802.99909570295 7132.94609820968 9008.58397090136 2733.72538261715 3594.54449066281 6745.43343481021 5042.75252951281 6473.71687149904 4054.40037517112 6019.82655185602 3314.12262086592 3477.90979876784 6803.13057950672 1597.27400224053 4826.18709798854 6934.41996145416 7215.56658057247 5711.78609097662 2775.67159655498 7190.80516037877 6463.81912008388 1874.33434919652 6858.47520352823 4131.83653421959 3227.77990906402 4411.26533248329 4179.22879124342 3935.23467736254 3910.15932890932 6743.23509539715 1998.36277420735 3256.05372415947 1736.74396543381 2590.9757303552 3408.19736785059 5677.13877217242 5408.01702716238 6643.77219287893 1037.76983189623 8592.69171476735 2406.67937560857 3207.57031378248 4877.0920438249 4135.17035118091 1332.02030658525 1498.75554746141 3273.39474384322 5300.6374763188 4569.58483756973 4103.4787959502 3740.75056467876 4228.33242553 3785.1227714027 2170.53182154152 3305.48994043889 4516.85083721234 2598.5640311066 5344.76772660508 3432.90195966844 0.0
5813.23582638385 0.0 12281.948939268 2532.78750849844 2347.00909802474 4522.71841233202 3589.91228386073 1983.4485083097 8294.74854791389 4993.71924600755 1679.22434213661 4676.4111997622 8840.73466168445 12324.5537599733 9710.59152969388 10362.6711028315 4095.88450404186 12073.4397446518 9946.61251548956 6788.69332426207 11639.1926239051 4509.34421878473 6674.43291075769 13073.2785438569 5529.98576730809 5315.09268976361 8723.33360900644 10499.3755812043 7492.21096090295 8819.70124594415 8857.48934076246 9651.32221638867 9470.10607377053 5578.31264401034 6223.2929762388 4896.59449650372 3544.86328111199 7585.98438168449 8035.95328540369 6903.91847311534 5456.19560233563 3192.51425925572 10223.9049164125 9803.87202266457 10031.5198968463 6909.21130112527 4868.46609748019 10922.2487368318 3720.30731331338 8022.24244074985 3632.71191703691 4740.15039882587 6542.50685012337 8528.19693435646 9142.34435630364 11106.5392487259 1902.04519273207 11326.4486059788 3962.83063342957 11486.2654669061 8037.79950469279 7962.75378547959 12397.4561293729 7362.82382446044 3225.64001021215 3609.27715314164 4143.12190105224 9430.92487509193 8570.03976377415 12468.7675412187 6603.01384999385 4574.7606310845 5824.79998857783 6255.20363171983 8595.05858931373 10223.7426326999 1711.10550776778 6651.38602236259 2134.04185223302 12537.0815399132 6024.57791175366 7503.86276774208 5849.72132590877 7406.41000265841 9221.25269712106 822.448435204643 7812.52816784951 11557.9143045758 4801.25125909304 5956.88439136212 8219.26438685781 8886.1059091683 10671.948924071 4150.92379292985 4509.58351229935 4880.47823692056 2595.03916671981 10672.4371599194 2479.60203723524 9522.16282019869 8252.93132396683 10021.9908577739 6823.73574124323 7974.45617057874 8013.14138255579 5821.72121913676 7774.42621227176 4175.8349870001 9226.17601745644 5813.23582638385
7247.61430850904 12281.948939268 0.0 9836.65733689493 11510.685999442 8819.27083431953 10325.5500105946 12446.5134373632 4196.60768293875 7289.74827743404 12164.7170018908 14629.0740174165 3461.92952271717 1988.88499995413 2846.71314388846 9066.56865547389 14853.6486649348 916.652716873857 3121.69767616883 9318.8601237582 6604.23615181281 11368.4706502907 7629.13203932655 792.176458150235 10965.1362659773 14430.984798979 3884.02915711615 10188.6436093121 7964.04994235027 8668.80649759001 3493.23595518354 9000.79818485037 7657.15176020115 10517.6627866416 12790.0405910923 9049.60932373944 8737.09171895878 5556.66413322361 6983.43926462565 9036.39338587705 12231.3990280012 13359.1515560384 2082.67872507611 6369.91695705499 5805.63622139306 5381.60337179158 7604.74662904044 7602.93005111172 8938.33820213368 4867.69514872855 9453.74395415551 10900.1188927132 16230.8532359315 5133.63394689338 6784.66954505585 10391.6804249247 10776.7942338126 1027.30229812548 11298.7337766922 7473.71725032806 4253.21854645907 4321.85694379448 7191.21388979414 5827.53303377467 12056.1555263911 14141.4077900914 14449.4459447437 10664.94331248 5778.28793224584 8609.84365670052 13392.8265557499 9121.59683982389 14001.8819893154 6592.00668756109 7284.27082622207 4904.07721642236 10961.038532647 6030.02061999082 10148.0672934113 5532.54973412489 6273.27290416076 8976.08076933174 6477.68819335498 4929.96391256696 5089.73451725929 11819.0442244741 11579.2678645249 9299.98925522186 8175.28555693683 15831.9230796321 5567.46272633052 6332.14287735762 4148.94561653821 8616.36757273901 8431.37017653052 7515.41154096026 10150.0379536827 2112.62812262718 10118.9841889666 7207.15046928683 4035.68367513522 5368.60420165886 10178.7495068866 5956.64192000779 8450.18399729782 11451.9566293566 4696.34077791097 12586.0471475001 4713.87958617258 7247.61430850904
3333.16201644405 2532.78750849844 9836.65733689493 0.0 3108.30265823716 2287.51467789982 3328.31587963387 2834.48866785569 5782.18312415665 2577.86241547451 3171.4932342113 5604.69826330628 6436.70417386146 9800.35961071852 7379.38378292137 8346.31526176304 5450.79164184707 9582.492358462 7417.66573385839 4939.95296430446 9270.95192693353 4823.56796206499 4374.45946038087 10624.5801359968 4346.81520341942 5864.73961580986 6447.47425037762 8676.80539640211 5312.6692777403 6787.69234362266 6375.09902437147 7655.28310377238 7256.04309074277 4195.50063333718 5717.6247949196 3927.67721690757 1235.09322643378 5575.53814468739 5699.62824791538 4973.69035991628 4868.16466451925 4053.03144949542 7806.68260000403 7428.13846245831 7604.73646461031 4517.70388411265 2821.88569878672 8674.42309861491 2211.19820913688 5489.46774657521 2643.0728292729 4785.38063583261 7500.44001832382 6016.60150013227 6807.44172039889 9275.69905202877 1905.68982011618 8908.71261213459 3167.1527162521 9207.74290805771 5583.63475790917 5544.75928154464 10062.301694699 4847.34483828534 3146.43108780498 4773.93930507885 5222.58058660411 7793.39666087949 6108.36333599972 10282.0808319151 6263.26024262674 2501.40826789875 5979.04161935789 4287.62979263771 6321.1589396438 7736.3499823759 1177.6518193835 4548.28313195759 655.244239711305 10076.36483525 3564.28736364503 5558.5487828926 3363.38063233157 4921.71712163519 6727.16695574464 2346.39078013966 6589.06308939955 9514.31439042109 2370.43384858971 6962.79540892776 5725.25726582827 6491.82151066942 8155.84062767927 2597.14262249275 2097.01222300744 2359.35689121162 789.729534271874 8161.80476713746 1706.24112383779 7244.55619383042 5840.09776144231 7561.40765743062 5243.09075392172 5503.64885412515 5945.53571853507 4815.32046267901 5260.46304804543 4118.8115943116 6712.06185576607 3333.16201644405
6187.25070769429 2347.00909802474 11510.685999442 3108.30265823716 0.0 5385.09496718097 1480.32046605984 4234.24627077118 7932.2784484037 4599.13761250549 878.325080269245 7020.70495018037 8070.54188206135 11927.195419582 8742.11456117824 11443.7339793335 6430.63100195641 11474.533615901 9663.9400183683 8042.21803174175 12168.5995611944 2165.93486061205 7404.27703295512 12295.7128100128 7235.12098830109 7629.10638643162 7698.17832454261 11784.1283676002 8385.87548218679 9887.16345944607 8324.44632214213 10757.236801062 10297.1793614341 7164.87590450293 8269.73672219526 2975.13754876767 3341.35667650818 6257.75917809919 8678.03692368606 8081.56495758639 7450.43197343245 5511.80014934676 9430.73653164092 10338.7866896869 10439.1585804206 6232.32669315104 3930.37524352479 11685.0508167701 2591.3154663658 7924.50766517513 2073.77221095196 2401.61863912292 8889.07694469619 8656.0640079571 9770.07791691158 12383.620552729 1202.73412836682 10500.3476658102 5801.79852916382 12192.8170778204 7447.55988932728 7274.99312397702 12990.0404350101 7509.0478775495 5306.52016148669 5956.24910390841 6489.97468107665 10876.3522072736 8904.57084734522 13317.821942593 8718.34536690264 5609.23776967118 8071.03981602623 4999.92371387016 9337.57358321367 10428.2445400141 3187.91920852651 5518.9202825731 2453.33193303678 12806.6117634557 5608.20424110922 8666.82998585872 5537.81770767011 6959.90517339484 9418.84434451246 1549.3678246486 9534.61622283462 12603.3973688209 5357.10422369283 8303.21252789179 8444.54597042491 9394.04225718107 10716.4120927493 2894.46446075153 5117.01908499912 4845.66515234782 3696.37360154007 10211.1007345242 1625.76942916612 10248.0292770956 7535.20855025549 10329.3199844852 8295.72976595914 8294.87379793758 9042.55900243925 7630.66658992152 7446.92619946157 6318.728033002 9318.26312784647 6187.25070769429
1588.49306255022 4522.71841233202 8819.27083431953 2287.51467789982 5385.09496718097 0.0 5384.31134972897 3840.17708955801 4624.5610697225 2628.85454502912 5443.59485267648 5815.39066916921 5736.35209084203 8368.73391952977 6823.89164364813 6060.17514497066 6055.25196705827 8379.6051570965 5993.27497606013 2742.01085181036 7117.12341462654 6940.19347040623 2152.31484835335 9572.57542927754 2821.61090096921 5696.33676296496 6104.37807161734 6427.31380256727 3032.78619123395 4502.48275627591 5362.20584207964 5372.14198128212 4992.93521843642 2490.77713087259 4602.71981716395 5550.11292525773 2460.78639099406 5851.20054098643 3513.3429339935 2732.54671038461 3833.50200877227 4566.43506996884 6970.42509462648 5284.63562571271 5537.23215850589 4091.66073377692 3626.92684324356 6428.97682361376 3845.05398717924 4026.89313326409 4496.21738991162 6817.64116771231 7491.28332300704 4243.89929063318 4619.75368908249 7020.2763365083 4183.78932721583 8019.38035409809 2523.21854996964 6979.8585713045 4773.29782200259 4881.68487037184 7876.32467286914 3158.59153008923 3240.70775537283 5346.01794708229 5632.59862490823 5629.42621514481 4133.66945938047 8015.44433626758 5223.15979848104 425.086052095462 5434.02147087694 4833.24678135423 4084.8481443808 5817.13143172007 2818.96483576384 4815.75296227621 2940.11442553915 8065.94074563485 3067.86940993358 3300.24898877908 2781.06572845112 4038.68739399824 4848.6964617081 4551.70465422593 4743.81106476365 7226.80014479605 697.609870689265 7053.65143385465 3871.44374439478 4376.21550761259 6360.59480834326 4065.31237229388 575.436100173734 1907.86652105973 1929.83350849178 6888.63571318171 3878.52151766142 5012.75946578909 5164.10176441677 5565.90839674326 3213.9471547576 3569.23619075153 3658.9577322936 3373.69228119182 4138.51393894867 3812.83940022948 4934.18814083848 1588.49306255022
5808.46440596946 3589.91228386073 10325.5500105946 3328.31587963387 1480.32046605984 5384.31134972897 0.0 5262.79214712089 7022.31715534375 3889.05402516191 2352.19693213578 8151.3839768205 6942.97396616737 10912.1983813128 7508.33005287967 11308.9863545824 7664.37875783004 10368.0818938898 8748.21815093844 8125.48856886298 11664.6104163733 1565.63605618672 7173.08799484312 11099.9188249444 7673.98070682041 8660.13927439082 6459.16311112622 11784.2126289222 8215.15861772212 9780.89755551968 7310.52122962139 10654.5963162899 10021.2366390235 7520.01844250609 8957.86360677975 1505.00290570628 2989.65658795807 4920.18441613696 8334.91257020269 8111.60103450745 8113.16696438821 6588.33385012713 8264.09545083626 9877.5079361779 9897.83173075206 5219.67367442742 2948.00920304603 11335.9316254722 1756.65352375119 7164.3728261566 1033.0905336389 1457.57290262887 10056.9709856071 8000.41462735734 9381.95390382136 12367.3912237183 1816.1830605313 9303.10613951925 6411.03849965672 11798.2516930156 6430.95122606325 6212.79366521157 12510.8297720211 6910.85012371217 6129.27094347099 7126.15125133171 7650.98874105818 11011.3777529206 8363.56385013057 12995.4307864055 9465.51755859996 5696.38969311798 8984.13233605548 3737.83858840709 9035.23253285948 9766.85267599526 3881.13359101458 4295.61838321291 2765.49405928691 12137.6535499824 4786.78045493524 8664.16302961121 4785.71545701107 6041.61256984974 8779.91647126651 2770.77409275764 9912.60904132817 12422.6343598817 5165.81390709839 9477.20417768155 7854.3167248093 8942.82479535042 9956.94825136893 1862.46927478258 4984.08089936047 4337.20934902508 4078.53385732985 9191.11989865951 1639.41780297864 9908.54612638031 6448.94959360749 9730.72882356149 8522.13726823385 7767.74091884831 8936.9218134277 8133.82502622023 6574.783213694 7154.8594072646 8620.69628383779 5808.46440596946
5388.42148169241 1983.4485083097 12446.5134373632 2834.48866785569 4234.24627077118 3840.17708955801 5262.79214712089 0.0 8280.63290307234 5343.21909946889 3654.32774786447 2910.96510391265 9135.78268393429 12169.102435197 10131.0210000741 9039.04199426769 2622.34183061512 12096.5420972747 9778.25795503546 5462.85800872627 10728.88844678 6390.88426427879 5834.96140261978 13222.66564467 3867.48309437288 3408.71622817286 9236.54520702164 9012.89268933881 6444.67643788113 7556.33172473979 8953.44670518537 8327.75229562729 8383.38967637051 4023.80862121294 4283.3935652907 6347.02945293068 4069.53615095146 8409.02660500918 7176.46349245793 5639.39846789343 3558.26538329689 1330.71064479263 10475.244933444 8949.98108966604 9275.91742104627 7257.13139398704 5647.63653152588 9840.78587413069 4828.70052073443 7802.3922891396 5005.42937350036 6560.78896757126 4829.98096001448 8083.78231210384 8237.87739798289 9613.86608215341 3447.40774474455 11566.5234144666 2290.07898647972 10435.1822482654 8230.31394964232 8240.85339768265 11416.2526057671 6982.53853084115 1345.55135938696 1966.79755411318 2454.12525880665 7845.01065400874 7945.88407716787 11280.5719999178 4632.56722427455 3705.87260777151 3850.05258151938 7113.36377484737 7618.17191569169 9631.8952901425 1674.92930773513 7382.51607225356 2901.28132473573 11817.0631934226 6249.49103354966 6217.82572558601 6010.18704223982 7524.73565961931 8679.81845321399 2694.46860576799 6055.93873408275 10234.2809881706 4364.16592802635 4262.01049085168 7710.04504820892 8096.19629674382 10197.7751382488 5258.21471997051 4080.70407262406 4955.57030505201 2317.06928929975 10625.4640525586 3803.43738127845 8518.50425996988 8537.5515406981 9351.44039019498 5301.52860667392 7398.8239668027 6817.44710170324 4054.56137605003 7765.92187103015 2210.88210868735 8774.30379874725 5388.42148169241
3063.75389488283 8294.74854791389 4196.60768293875 5782.18312415665 7932.2784484037 4624.5610697225 7022.31715534375 8280.63290307234 0.0 3377.08707503005 8449.03022193147 10438.2160376852 1521.9074857503 4042.7752089325 2585.91228731832 6498.68177343307 10658.4715937162 3820.70580319807 1733.55757583918 5496.81781923429 5341.54646423073 8367.38137443225 3691.93470008155 4957.64996394803 6914.00426656581 10269.1239772228 2414.73175831718 7473.23929973139 4328.37976142017 5517.17056976062 783.70797100148 6144.69773351372 4898.7593510901 6474.39796354583 8772.64386479192 6101.05080410638 4802.91381075207 3524.68540878067 3539.41078809059 5241.11628336913 8149.19772350114 9164.23764541357 2417.05208652395 3982.30619704447 3676.663315096 1856.02471172816 4076.72077945276 5618.32903678284 5370.11536871275 922.491202190811 6022.06959354982 7985.38104160886 12070.2260931914 1812.1683941556 3941.55795992753 7870.02007302354 7006.5077015413 3412.45784978411 7117.83475746987 5840.77841476084 870.078488592532 1224.29004050085 6192.4785530222 1819.29477118809 7859.68446035674 9946.43707595246 10252.9890560731 7506.26802001265 2578.55489216162 7163.96459815028 9390.89792440746 4936.76877052119 9890.21053030911 3722.08672179618 4120.22558842998 3141.70306031881 6856.06997678076 3183.36508176034 6180.87547806385 5339.80302179978 2335.95923932399 5350.54403306655 2460.3638701552 981.239838637761 2406.98205356318 7936.39183409043 7899.47214157271 7213.9038606049 3979.09303303751 11656.4269087664 2071.65261033355 3358.92708415617 3063.70570263804 5165.35184959861 4237.92492874699 3423.18151330924 6009.9511905031 2379.62177672179 6383.22727920149 4532.55300292833 1263.87417493074 3323.86515907852 6356.57928366279 2363.98066672705 5005.05799274044 7430.82679948865 522.008345988387 8408.49533380981 2049.02822225066 3063.75389488283
2146.29023494261 4993.71924600755 7289.74827743404 2577.86241547451 4599.13761250549 2628.85454502912 3889.05402516191 5343.21909946889 3377.08707503005 0.0 5075.55495917072 7922.44095204283 3864.51283170167 7415.79095458609 4804.02087393571 7703.46480796147 7912.12648972505 7092.27033425407 5093.26713078617 5030.11876817418 7783.23016627693 5386.52868951642 3608.54359365621 8080.60760751585 5450.25917087068 8003.57316111547 3893.38632850238 8346.28538302377 4671.6217893886 6256.91912214295 3876.46920094646 7106.42824364386 6289.3416582365 5113.62835742088 7206.76287778716 3424.49461775928 1451.43556896767 3280.01314889492 4576.99146481652 4914.15348812566 6410.48987068012 6451.64852942222 5241.18511609126 6016.23592310012 6012.48099646629 1940.16994947256 1180.42522262397 7526.44509898438 2138.07299014578 3329.20937080145 2856.00802871404 5103.40835317366 9746.49705106743 4116.76143241847 5566.78203527003 8891.14279736929 3630.67104749286 6344.32772778714 4913.55011899171 7957.88692848759 3044.60734076141 2976.91756496197 8633.85601463374 3023.52672235926 5317.77544017355 7212.24375218904 7613.01895844758 7819.06542189286 4482.42361469987 9191.1161911125 7820.48892628395 3053.81596945621 7896.10876094948 2204.46775105009 5299.0470668367 5888.20729494751 3741.56283694637 2225.43577134104 2859.79252750685 8264.90884482841 1046.53335090294 5362.05761956993 938.963068658259 2437.99346420299 4894.40346920361 4574.91743753809 7279.40933663911 8745.50543271423 2020.95697576898 9249.50137587562 3966.07081797967 5093.59304621502 6126.8808018425 2080.91177122293 2053.51032601979 746.442224810486 3039.47103240967 5725.97059912094 3016.28870891471 6122.5145520778 3270.35983772119 5841.88496889479 5682.89002981787 3894.23072927339 5450.84122657939 6001.6471403797 2873.02283841884 6129.57805520062 4752.43458502225 2146.29023494261
6439.14495817001 1679.22434213661 12164.7170018908 3171.4932342113 878.325080269245 5443.59485267648 2352.19693213578 3654.32774786447 8449.03022193147 5075.55495917072 0.0 6323.17415944938 8707.54659062264 12477.4826446686 9436.15890942594 11479.8378810664 5672.31889963346 12081.2037476874 10168.8215656925 7987.02166756962 12416.9630588055 2912.12233608801 7545.76560114346 12953.9201812197 6976.38664820689 6989.49574869384 8400.78797432256 11737.6439799507 8476.00402050767 9920.65995590165 8895.55299356248 10780.1136476055 10426.4595422702 6959.52983868367 7839.58294624258 3834.56830327279 3704.91919849362 7024.81993073997 8864.59114772753 8057.59283527795 7047.15808135225 4867.68574948162 10082.0512127256 10575.9547846197 10721.9909522865 6825.68822312561 4560.04839138696 11845.7295801058 3232.26177160774 8357.94448649444 2827.18007578218 3213.74155129484 8157.40250133036 9022.01521554159 9970.11433417523 12342.5672173844 1447.93331082623 11165.2308650957 5465.82013844722 12376.7013557185 8028.29064806607 7882.46549119745 13218.898253489 7857.74874585351 4841.1124631712 5243.30744337745 5777.61695051301 10756.7368170894 9202.30372917469 13452.2496892323 8246.48445992552 5607.53573596116 7501.72703195077 5737.59586030173 9492.33183511286 10780.7802824225 2920.29622317103 6230.89283149252 2542.66309246847 13148.2858116364 6113.07732663323 8653.67082260636 6008.2398224616 7492.77837262122 9767.25932149053 1027.52517265899 9281.43934561414 12658.4234766694 5527.43120347477 7570.62752212039 8775.84440815284 9634.6332599475 11123.6476764756 3588.76928606006 5262.66359533701 5209.17878816279 3604.19084993947 10772.700411039 2069.75635936234 10414.9894767372 8153.46195109957 10646.287657493 8150.25105464134 8592.1974779839 9085.46080798419 7325.04610944078 7948.3394009791 5822.13150925526 9701.22237106867 6439.14495817001
7381.75515337995 4676.4111997622 14629.0740174165 5604.69826330628 7020.70495018037 5815.39066916921 8151.3839768205 2910.96510391265 10438.2160376852 7922.44095204283 6323.17415944938 0.0 11512.2563762128 14047.5197160657 12572.7239359966 9381.81725977826 1003.09597886847 14156.3597697355 11724.3735944557 6206.64834665861 11699.0030633432 9185.26916443202 7300.70526176607 15375.4628608706 4211.48452265005 954.864511295812 11763.4220502384 9000.49128143619 7532.18685083999 8144.90915294504 11177.2187570611 8726.60546077784 9215.66141329735 4602.790730527 3260.69873981604 9257.3052313314 6811.88373000611 11128.6494668787 8465.83215383535 6469.94533865997 3091.28182430549 1584.07652855464 12778.9334089391 10106.5861821335 10551.8222218309 9738.8042073592 8414.46753548122 10581.1665345927 7708.7055685188 9794.87130656749 7914.87103325851 9399.78448613658 1919.74438467761 9823.5169429189 9370.78994871119 9545.08597602983 6342.48606864005 13834.0834428918 3345.12342016372 11193.3466056431 10560.7583905897 10635.293038184 12241.7018103722 8869.75954409157 2621.17376012205 1088.0828361956 568.130652231414 7681.49351736398 9482.6646681204 11753.7553251176 3186.48365558246 5508.91106876975 1890.80639306622 9873.80223878539 8693.03965466716 11104.858686326 4521.2561961985 10079.5878790207 5778.4259798822 13019.5948587817 8698.58893549301 6920.86588588954 8430.07900693411 9828.7995131211 10269.0786902313 5475.65376348313 5587.86216999456 10499.2910370609 6480.77203524799 1360.97184322703 9401.59791616181 9404.41409465376 11788.4570604981 8131.23409611488 6248.67655244329 7397.1281651922 4935.31718961455 12660.3004429777 6714.27173196584 9476.79185432888 10926.0820980129 10737.9251218888 5649.40679873086 9036.27016475712 7611.19687623887 3998.73772202384 9953.84846320775 2093.43281788131 10463.573655392 7381.75515337995
4281.83180774668 8840.73466168445 3461.92952271717 6436.70417386146 8070.54188206135 5736.35209084203 6942.97396616737 9135.78268393429 1521.9074857503 3864.51283170167 8707.54659062264 11512.2563762128 0.0 4049.49230431457 1116.78352394412 7982.56135337831 11631.8274805781 3425.13025897355 2369.88402735417 6951.46790720524 6556.78304187444 8102.29375452802 5134.61830838578 4253.45094423773 8239.43389132733 11432.6883017218 1009.20030016578 8977.74311963807 5834.01596584948 7037.8187294415 906.228717393492 7652.78448674258 6386.1259920202 7811.01576673376 10105.7617064796 5770.10835529345 5299.43922896545 2555.49285442783 5061.29376566113 6706.32343230292 9435.46262143195 10143.2123540274 1385.15145567522 5390.12122241429 5014.86733353238 1931.64476297362 4149.86865886117 6999.59785905472 5487.62584069919 2442.954983066 6030.43922540179 7663.82518655493 13226.7437418631 3295.93641758499 5423.24629572321 9359.44963072518 7315.04159575144 2486.08633398275 8259.47406453361 7157.94460299746 968.39497898067 895.413555200551 7376.87611410225 3289.88812565169 8896.80099211502 10921.2199382134 11273.4386998685 9028.07765041792 4073.92704154824 8474.90208154445 10729.8586622238 6097.57611420189 11132.1631199119 3268.06594008743 5635.71213896041 4340.30027812765 7586.41433828578 2685.07913935074 6709.85569392558 6266.80950461141 2888.72436315019 6848.99399754115 3126.54686605414 1700.32086528754 3790.42251053957 8360.35032474375 9370.67338537106 8641.29117368344 5048.53393144058 12780.5754763794 3587.17014471468 4844.84535150952 4031.15682620335 5181.47501074694 5266.12817383054 4181.91973186817 6819.72079184005 2375.5887651437 6657.72974116383 6003.29560326605 598.619312770037 4617.82139573886 7802.17498100426 3885.88219182608 6522.99489374026 8772.87447193826 1774.5429817535 9547.72738172447 3389.75731471989 4281.83180774668
6788.88437243743 12324.5537599733 1988.88499995413 9800.35961071852 11927.195419582 8368.73391952977 10912.1983813128 12169.102435197 4042.7752089325 7415.79095458609 12477.4826446686 14047.5197160657 4049.49230431457 0.0 3967.63497972079 7431.34584644209 14399.4846390249 1107.74519054786 2395.17069664943 8288.77827887129 4751.29401706748 12135.361017642 6786.9831974966 2149.53371428778 10112.7871503565 13727.670979086 4834.12342821238 8563.36329895103 6873.28006257592 7277.35118372271 3608.12001703746 7470.11701776377 6163.86136798998 9666.75692016703 11854.6513224555 9807.32459732421 8845.68815601303 6541.80798780706 5858.53936853193 7997.74106903921 11396.3642440975 12922.374836242 2993.66108942469 4853.1713981546 4267.76621035852 5706.49372503751 8013.53564847574 5864.27440095395 9341.74742817649 4368.29666433432 9951.83355693423 11705.4970992309 15505.3323584152 4229.29314927743 5397.9704491526 8698.61416663183 11039.7795059255 2494.40267450229 10707.9160856118 5655.81604413126 4488.70883756869 4700.67510449358 5268.60805345146 5213.63403895216 11576.0477647287 13696.3756194705 13941.6220617827 9197.00489530367 4683.43315113302 6717.66070713625 12428.0435185167 8598.01454993613 13188.4672526305 7307.16504839736 5991.19448084646 3394.53357668342 10837.0294682104 6723.12953924841 10219.7051385903 3565.94597530742 6370.67608430291 7821.75354421524 6503.12705160306 4984.98391669224 3904.277532685 11979.1115930821 10369.1829442662 7519.71420208922 7805.09286948272 15160.2380405274 4659.35242084408 5051.93553291866 2587.06707169024 9090.82611470342 8088.90254685296 7444.2619935508 9963.34568924496 1721.52787765923 10408.2530048415 5715.85870631286 4476.91912500677 3869.47923125694 9116.15107602852 5037.69007446112 7217.05501599977 10548.9477305551 4557.67408979568 11960.2692995246 3626.73109876513 6788.88437243743
5392.07067063899 9710.59152969388 2846.71314388846 7379.38378292137 8742.11456117824 6823.89164364813 7508.33005287967 10131.0210000741 2585.91228731832 4804.02087393571 9436.15890942594 12572.7239359966 1116.78352394412 3967.63497972079 0.0 8922.43626317603 12659.7885371642 3097.37355190181 2942.90524893979 8058.66485782287 7240.15792152746 8522.1777269702 6243.34627672403 3602.59277937036 9354.39965598187 12517.592832734 1049.1969814883 9950.34002050332 6914.29100726491 8061.61781001754 1856.66314227256 8636.66045460598 7339.31156943751 8926.84286307057 11220.7227443969 6206.23669071087 6199.58827732031 2714.00985333621 6105.13347392181 7810.20097833187 10545.8013425271 11177.2901650012 976.543399450932 6261.89258937526 5831.35178328969 2873.97103707661 4898.38520498107 7825.47088909117 6205.31967950836 3504.98343296929 6671.6616548009 8053.43133434234 14307.8591079328 4278.40234686002 6375.49065196437 10303.2916502215 8089.6504747253 1820.15190766967 9344.70703024667 7920.88043695336 2078.97457843478 1943.04445001458 8020.7916089173 4387.69598219992 9952.93872924012 11951.5698980368 12317.8821889458 10067.9551691232 5057.96659164788 9218.08699432909 11845.11432611 7193.0705695193 12234.30668281 3770.73695750596 6644.53326967132 5070.01104417826 8545.56997814838 3225.91314104451 7597.19894455653 6731.70754301522 3892.66830022157 7935.77689663911 4150.11579224932 2803.14362512786 4674.84761137242 9177.65073721462 10473.3354672299 9504.12726306573 6131.56331594561 13853.4878299497 4608.64183187891 5808.02747186324 4618.48515361161 5854.7611788549 6338.59078440378 5199.44393100993 7815.06232459963 2540.56650489768 7427.06125640586 6936.55389973521 1660.52074345031 5408.72814320869 8911.97571768798 4931.03475801175 7584.2608571078 9888.74599157911 2885.8275923362 10629.6045074729 4257.64619298553 5392.07067063899
5573.66793557729 10362.6711028315 9066.56865547389 8346.31526176304 11443.7339793335 6060.17514497066 11308.9863545824 9039.04199426769 6498.68177343307 7703.46480796147 11479.8378810664 9381.81725977826 7982.56135337831 7431.34584644209 8922.43626317603 0.0 10147.5219610574 8205.9238629823 6203.24178985544 3591.73911474247 3024.03981376122 12873.6998114559 4144.37273639736 9505.8195119364 5324.41148937482 8665.19801874338 8913.4073309846 1132.02087478265 3093.82914555156 1559.51852107251 7099.64453709838 713.566168886099 1600.12426171551 5057.32219787332 6256.06625111012 11121.2854416996 8320.32551871737 9792.40423189563 3201.63418668086 3458.87465243301 6292.43959391257 9008.15599085371 8354.79964669348 2729.31708538779 3268.01227576104 7721.37342674221 8880.60366598834 1685.12617830207 9618.81254275666 5630.37010065422 10333.9799966467 12679.2256076594 10133.1449162482 4690.34906679795 2559.61393266522 1380.93342534009 10243.4454620602 8879.54472032148 6783.19883915097 2174.42384665028 7312.61147012276 7649.01155119799 3178.97824572102 5103.05619910176 7823.31869052289 9598.37787678563 9566.14995014775 2079.11541251199 3920.49070560204 2375.78764060578 6615.33449155251 5872.34908265241 7807.88385531344 9445.84565200963 2487.94413589285 4165.653564607 8678.97836717115 9089.62461036048 8999.96848647605 4604.9125750373 7264.42486461068 2859.40179722496 7085.17054510134 6921.98194120341 4257.14988933331 10542.1503147855 4013.54584610873 1198.35039706771 6149.95767510542 10014.7769791358 4451.83237586394 3140.40953910326 4923.47446082097 9704.58845657663 6355.99520636917 7070.19395632753 7886.33704876586 7096.1056419136 9905.88775363594 1985.88298654167 7751.70669262542 3711.24203737548 3815.11308466998 4244.30135678724 2401.29906185506 5404.08148321171 6461.35507240606 7538.92430441837 4678.23767301506 5573.66793557729
7643.37787663319 4095.88450404186 14853.6486649348 5450.79164184707 6430.63100195641 6055.25196705827 7664.37875783004 2622.34183061512 10658.4715937162 7912.12648972505 5672.31889963346 1003.09597886847 11631.8274805781 14399.4846390249 12659.7885371642 10147.5219610574 0.0 14434.5001555675 12040.0979055551 6834.03547557124 12331.0901399941 8575.45742230328 7744.96658329399 15615.6099529042 4871.74334078215 1957.38497625831 11798.4249524279 9834.10444727712 8092.57289343234 8842.65276150408 11371.0211897298 9474.16548443325 9864.95947457772 5221.97753579671 4168.07993491396 8872.7728254134 6684.33056350984 11026.1100785133 8980.50503268801 7080.64830755062 3877.66799744339 1494.62960919725 12939.9062302446 10676.1603868437 11090.0219539366 9794.32712351332 8268.63704646026 11264.8268086434 7427.9932231875 10080.6292875429 7545.93845556141 8830.98801243011 2506.99320059266 10204.9441559525 9940.63372423678 10392.9990503227 5890.87795132934 14015.9433362967 3744.21926851556 11876.725411888 10700.2930152198 10742.1960967722 12914.3477300697 9188.85059337359 2823.61075685297 712.492314585811 589.160249076468 8530.68908474919 9930.53647970461 12507.0153876688 4153.3584043045 5802.05046193929 2879.83857553071 9734.65135285767 9272.16669078183 11585.8491774742 4297.27110906103 9994.25300997823 5511.33124866619 13593.9766777389 8767.13055706067 7572.83660740391 8512.4694458059 9977.78764450738 10706.0077793599 4916.61424804844 6462.00151756441 11289.4581410609 6679.73957867579 1925.12286657683 9796.46199642143 9923.36309116277 12234.7208867896 7861.37381109142 6422.56289694155 7460.49337144182 4873.58891776698 12943.8794376718 6337.92690716765 10095.6439002024 11037.2202603905 11243.7914211053 6359.76282204006 9446.34061613757 8251.31598432908 4743.90189784183 10157.7913353379 2647.53240014785 10867.6119270306 7643.37787663319
6792.55748764602 12073.4397446518 916.652716873857 9582.492358462 11474.533615901 8379.6051570965 10368.0818938898 12096.5420972747 3820.70580319807 7092.27033425407 12081.2037476874 14156.3597697355 3425.13025897355 1107.74519054786 3097.37355190181 8205.9238629823 14434.5001555675 0.0 2468.34351089094 8654.67186012734 5693.57586143082 11505.1745013953 7025.1360876343 1335.01932819836 10374.172450734 13908.2313131442 4059.17870525364 9332.55859899639 7271.25706234218 7878.50129199343 3216.80622244063 8169.18829426525 6832.29515218991 9925.63623506445 12172.4672503537 9172.7410059072 8542.62656515932 5775.90532531573 6272.30737656006 8367.81701699201 11651.0889941096 12943.7582935053 2167.81691894638 5532.66124796567 4959.47668246749 5255.52604993302 7544.51188392968 6714.3636361504 8884.42856613739 4362.25748099184 9448.70608056836 11054.9889152539 15702.5047746433 4478.77038824683 5987.31815507341 9517.92142864518 10664.761945789 1439.86362998007 10812.95782391 6569.33543101604 4060.31893823091 4201.53036614773 6274.66847996715 5293.14774629882 11618.7311832122 13724.501725168 14006.9139369032 9855.92124585514 5066.20507358964 7695.62380394944 12765.4296337491 8653.47468660122 13434.3606637295 6677.02466306095 6519.12178144674 4058.22518586622 10672.8737168471 6098.02889181187 9944.40639786475 4619.99143105835 6051.61960689484 8266.00533340433 6225.37591841608 4667.13369337523 4339.15782666174 11662.8789759007 10857.9451289382 8404.69554545489 7765.01024672255 15324.667008604 4917.94637995591 5564.69112888439 3282.52958754924 8595.17425928107 8034.69385468117 7230.01416272055 9830.62978761654 1496.23864051666 10016.5074755431 6381.05279748382 3939.61398044241 4529.51688938944 9506.09176715252 5308.30160957598 7710.73094033739 10843.1131700317 4340.35033718673 12090.1580973798 3988.951159677 6792.55748764602
4407.55391735549 9946.61251548956 3121.69767616883 7417.66573385839 9663.9400183683 5993.27497606013 8748.21815093844 9778.25795503546 1733.55757583918 5093.26713078617 10168.8215656925 11724.3735944557 2369.88402735417 2395.17069664943 2942.90524893979 6203.24178985544 12040.0979055551 2468.34351089094 0.0 6204.9772375749 4297.4830674435 10069.4760415128 4556.79365170441 3768.89212875984 7905.84578387956 11452.1652415324 3365.41032637243 7290.45868235383 4842.4882636516 5612.4004254608 1576.79822367432 6032.72074332247 4688.49169162412 7457.3089858719 9706.75267034739 7779.17890872321 6499.3494998955 4879.23518596304 3863.92588810644 5920.63254731457 9183.10288468699 10556.4999703762 2193.56984883466 3477.15152451636 2979.21498278141 3546.15895844694 5806.12130686336 4950.3626210928 7103.6334349351 1975.88944898462 7752.76378120827 9674.12926532377 13243.5004823969 2019.03433563521 3761.99666627383 7573.11617305665 8723.46016300861 2705.44413742867 8379.30245425312 4998.3841979076 2383.20749563667 2681.30312062 5081.37457168638 2856.18100465768 9217.32990717941 11333.7119615403 11595.3144459926 7630.06713963413 2661.62897061714 6283.72868360577 10302.1303618901 6240.37673195561 10967.3267716642 5336.62890695853 4202.03783302107 2153.71847026934 8443.69557184655 4768.84061987792 7854.69497031102 3896.9463222956 4060.2596304111 5855.02859464674 4163.50338915335 2713.06648927618 2016.63596032414 9626.59608825393 8459.23588077367 6653.99260349283 5415.66351262428 12873.7208627284 2456.59591708834 3262.29355460512 1686.12038626331 6894.62982549511 5697.55437526931 5067.88316583671 7568.35120753536 1009.41110922862 8106.81042756169 4250.95787643502 2549.5682660299 2538.59072195816 7062.15813136477 2847.13113724985 5340.13018810469 8375.74551001742 2221.03371322572 9648.15524063511 1615.64518596532 4407.55391735549
3028.43340525789 6788.69332426207 9318.8601237582 4939.95296430446 8042.21803174175 2742.01085181036 8125.48856886298 5462.85800872627 5496.81781923429 5030.11876817418 7987.02166756962 6206.64834665861 6951.46790720524 8288.77827887129 8058.66485782287 3591.73911474247 6834.03547557124 8654.67186012734 6204.9772375749 0.0 5500.32332294483 9678.80240921709 1817.58476717265 9971.33240605613 1997.24334241538 5669.41084420815 7629.60824158885 3751.33257050793 1422.80147818665 2094.6610270364 6272.88446062686 2878.1814437365 3031.83813571708 1612.93835872317 3576.41283112437 8237.4922285331 5189.7799933527 7898.10454292639 2435.20238491575 291.427829257597 3226.23880692963 5558.37699345243 7872.69649306046 3920.46016472163 4402.36662125467 5855.58324717266 6165.50030274164 4451.2512719774 6567.59668821346 4613.09590401738 7233.17611906805 9559.47634265534 7365.9647894192 4186.59397567958 3190.20743333292 4355.65868509939 6842.02483672671 8751.84360513434 3248.34908086833 5060.04840230983 6031.78807437354 6274.54400990689 6086.74963554039 3677.85637401974 4296.88434602686 6218.70774906998 6278.46468954729 2887.7457833636 3610.31281154456 5822.62825461583 4139.8552533397 2445.76594231192 4991.40090530711 7138.44549329498 2508.29748940599 5060.47663248817 5125.91748952253 6963.26912593904 5591.99609919816 6820.49931526313 5026.43431162817 759.755600873821 4764.29897516507 5382.042880669 4384.51378908229 7017.32521003355 2429.10302131713 4790.08086744809 3087.71391120547 7104.73323840497 3751.43886606362 3317.01337095338 5814.93469600044 6755.53132941768 3193.21975975633 4292.72654560153 4384.66389311691 7212.53441606055 6596.71025314721 3270.99125903598 6494.48554932467 4645.40597238614 865.486518344039 3362.30839152115 1417.87363783566 2319.41351198099 5177.17684307764 4187.27326459934 4683.88718843409 3028.43340525789
5986.5399557874 11639.1926239051 6604.23615181281 9270.95192693353 12168.5995611944 7117.12341462654 11664.6104163733 10728.88844678 5341.54646423073 7783.23016627693 12416.9630588055 11699.0030633432 6556.78304187444 4751.29401706748 7240.15792152746 3024.03981376122 12331.0901399941 5693.57586143082 4297.4830674435 5500.32332294483 0.0 13168.9213737074 4968.71909799833 6897.76644604096 7488.45954863004 11109.9142115084 7564.90499792048 4098.72608919658 4293.56344649218 3632.71560450816 5663.40674970645 3356.66859464928 2487.81900607775 7113.07213273488 8822.34267324801 11087.9375595489 8834.91073340669 8865.40195160896 3604.21670808598 5250.46500283629 8659.23526389186 11017.4648091023 6452.41221229095 1842.82856134586 1776.52867543871 7042.89549988211 8850.36879950067 1342.63823903413 9908.02723859598 4743.99305497477 10633.5096967294 12869.8895757295 12724.1871704909 3763.8730853105 2504.20282592957 4092.13149225047 11029.2095358864 6671.72262193524 8671.25440753765 930.796209112825 6208.27997007873 6561.01088608652 863.330941563124 4762.206673935 9705.8111310603 11704.0227824577 11778.3947137771 5064.83142642841 3301.36208748902 2025.23340777935 9276.17834376158 7106.63649202145 10345.3019479342 8939.05250451479 3111.69150242778 2220.68220223849 9935.56753927973 8451.30410844672 9877.48608474214 1580.90721539407 7002.1931691732 4778.33219564055 6933.13478706077 6117.47648619762 3004.89311138202 11611.6410187033 6785.59333410733 2805.66355001178 6900.51882933159 12524.5134320479 3826.55786153965 2782.34404348903 2645.06217010872 9858.86293750221 7177.42061496421 7357.92646950097 9044.45152635037 4930.98282772521 10545.8843304572 2237.77799016627 6548.19394035662 2034.64218083465 6082.01470258009 3898.52770302292 4088.26885549225 7735.58381572318 5550.31172008915 9686.19165279436 3303.20965019619 5986.5399557874
